-230960.683   133.631     0.00    6.19
-230671.321   134.329     2.41    6.00
-230381.982   136.421     7.23    8.13
-230092.667   140.233    13.18   12.23
-229803.374   145.987    19.89   15.22
-229514.105   154.260    28.60   17.56
-229224.859   163.224    31.00   19.21
-228935.636   173.607    35.90   20.35
-228646.436   181.913    28.73   19.37
-228357.259   190.473    29.61   17.62
-228068.105   196.924    22.31   13.62
-227778.975   200.803    13.42   10.38
-227489.868   202.463     5.74    8.68
-227200.783   202.463     0.00    8.49
-226911.722   201.444    -3.53    8.64
-226622.684   199.724    -5.95    8.68
-226333.669   198.207    -5.25    9.09
-226044.677   195.234   -10.29    9.85
-225755.709   192.365    -9.93   10.63
-225466.763   187.813   -15.76   11.05
-225177.840   182.672   -17.80   11.80
-224888.941   177.480   -17.97   12.14
-224600.064   173.536   -13.66   11.86
-224311.211   170.369   -10.97   10.68
-224022.380   169.073    -4.49   10.10
-223733.573   169.211     0.48    9.86
-223444.789   170.303     3.78    9.59
-223156.028   172.016     5.94    8.89
-222867.289   172.667     2.25    8.04
-222578.574   173.216     1.90    8.51
-222289.882   172.417    -2.77    8.65
-222001.213   171.813    -2.09    8.50
-221712.567   171.944     0.46    8.74
-221423.943   172.983     3.60    7.89
-221135.343   173.511     1.83    6.88
-220846.766   172.460    -3.64    7.19
-220558.212   169.033   -11.88   10.54
-220269.680   164.199   -16.76   13.65
-219981.172   158.178   -20.87   15.24
-219692.687   150.803   -25.57   14.97
-219404.224   144.678   -21.24   12.47
-219115.785   139.489   -17.99    9.11
-218827.368   137.424    -7.16    6.53
-218538.975   137.376    -0.17    6.71
-218250.604   139.863     8.63    9.40
-217962.256   145.773    20.50   12.36
-217673.932   152.068    21.84   12.90
-217385.630   158.405    21.99   13.55
-217097.351   165.140    23.37   12.87
-216809.095   170.714    19.34   10.58
-216520.861   174.104    11.76    8.29
-216232.651   175.960     6.44    6.20
-215944.464   175.832    -0.44    6.03
-215656.299   173.587    -7.79    8.57
-215368.158   168.706   -16.94   12.01
-215080.039   162.318   -22.18   14.87
-214791.943   155.993   -21.96   16.17
-214503.870   148.496   -26.03   15.26
-214215.820   142.407   -21.14   11.98
-213927.792   138.323   -14.18    8.89
-213639.788   135.437   -10.02    6.45
-213351.806   133.460    -6.87    5.99
-213063.847   133.318    -0.49    6.03
-212775.911   134.130     2.82    5.43
-212487.998   135.019     3.09    5.81
-212200.107   136.156     3.95    6.82
-211912.240   138.744     8.99    7.74
-211624.395   141.913    11.01    7.74
-211336.573   145.953    14.04    7.54
-211048.773   149.660    12.88    7.88
-210760.997   153.607    13.72    8.30
-210473.243   157.446    13.34    8.78
-210185.512   161.278    13.32    9.22
-209897.804   165.568    14.91    9.97
-209610.118   169.399    13.32   10.08
-209322.456   172.269     9.98    9.70
-209034.816   173.191     3.21    9.04
-208747.199   173.087    -0.36    9.03
-208459.604   171.104    -6.90   10.18
-208172.032   167.743   -11.69   11.53
-207884.483   163.682   -14.13   11.85
-207596.957   160.070   -12.56   10.98
-207309.453   157.282    -9.70    9.77
-207021.972   154.187   -10.77    8.93
-206734.514   150.240   -13.73    9.21
-206447.079   145.050   -18.06   11.21
-206159.666   139.919   -17.86   13.25
-205872.276   133.966   -20.72   12.78
-205584.908   130.531   -11.96   10.51
-205297.563   128.881    -5.74    8.45
-205010.241   129.313     1.50    9.06
-204722.942   133.712    15.31   11.95
-204435.665   140.456    23.48   14.04
-204148.411   148.099    26.61   14.04
-203861.179   155.995    27.49   14.04
-203573.970   163.617    26.54   13.65
-203286.784   170.870    25.26   12.37
-202999.620   175.999    17.86    9.65
-202712.479   179.611    12.58    6.98
-202425.361   180.230     2.16    6.61
-202138.265   178.871    -4.73    8.74
-201851.192   175.193   -12.82   11.42
-201564.141   168.379   -23.74   14.07
-201277.113   160.268   -28.26   16.10
-200990.107   151.905   -29.14   16.97
-200703.125   143.985   -27.60   16.45
-200416.164   136.512   -26.05   16.11
-200129.226   128.717   -27.17   14.90
-199842.311   121.473   -25.25   13.74
-199555.419   114.139   -25.57   11.66
-199268.548   109.999   -14.44    9.26
-198981.701   107.434    -8.94    6.87
-198694.876   107.003    -1.50    6.83
-198408.073   109.333     8.13    9.09
-198121.293   114.087    16.58   11.90
-197834.536   120.323    21.75   12.73
-197547.801   126.914    22.99   13.60
-197261.088   133.735    23.79   14.22
-196974.399   140.993    25.32   13.73
-196687.731   147.482    22.64   11.99
-196401.086   153.440    20.79    9.92
-196114.464   157.773    15.12    8.75
-195827.864   160.941    11.06    8.24
-195541.286   163.833    10.09    8.22
-195254.731   166.084     7.86    9.03
-194968.199   168.068     6.92    9.69
-194681.688   169.874     6.30    9.61
-194395.201   170.633     2.65    9.66
-194108.735   171.205     2.00    9.66
-193822.293   170.638    -1.98    9.74
-193535.872   170.226    -1.44    9.85
-193249.474   168.189    -7.11   10.03
-192963.099   166.783    -4.91    9.94
-192676.746   164.941    -6.43    9.88
-192390.415   163.993    -3.31    9.45
-192104.107   163.397    -2.08    8.88
-191817.821   163.753     1.25    8.14
-191531.557   164.762     3.53    7.36
-191245.316   165.625     3.01    7.60
-190959.098   166.259     2.22    8.88
-190672.901   167.486     4.29   10.22
-190386.727   168.216     2.55   11.60
-190100.576   169.882     5.82   11.78
-189814.446   170.120     0.83   12.30
-189528.339   170.854     2.57   11.42
-189242.255   169.283    -5.49   12.36
-188956.193   167.242    -7.14   13.61
-188670.153   164.613    -9.19   15.14
-188384.135   162.391    -7.77   14.74
-188098.140   159.950    -8.54   14.46
-187812.167   156.707   -11.34   14.17
-187526.217   153.991    -9.50   13.59
-187240.288   149.879   -14.38   13.92
-186954.382   145.313   -15.97   13.70
-186668.499   139.773   -19.38   13.04
-186382.637   133.985   -20.25   13.12
-186096.798   127.893   -21.31   13.21
-185810.981   121.874   -21.06   12.41
-185525.187   115.863   -21.03   12.00
-185239.415   111.080   -16.74   12.48
-184953.665   104.912   -21.59   13.26
-184667.937    99.476   -19.03   13.19
-184382.231    94.607   -17.04   12.10
-184096.548    90.974   -12.72   10.10
-183810.887    88.437    -8.89    7.85
-183525.248    86.399    -7.13    5.38
-183239.632    86.136    -0.92    4.47
-182954.037    87.893     6.15    5.44
-182668.465    90.903    10.54    6.46
-182382.915    94.387    12.20    7.87
-182097.388    98.313    13.75    9.26
-181811.882   103.563    18.39   10.68
-181526.399   108.570    17.54   11.62
-181240.938   113.971    18.92   12.24
-180955.499   120.209    21.86   11.96
-180670.082   125.656    19.09   11.75
-180384.688   131.328    19.88   11.74
-180099.315   137.123    20.31   11.92
-179813.965   142.854    20.09   12.02
-179528.637   148.170    18.63   11.63
-179243.331   153.273    17.89   11.98
-178958.048   157.308    14.14   10.45
-178672.786   160.743    12.05    8.54
-178387.546   162.572     6.41    6.03
-178102.329   162.405    -0.59    5.64
-177817.134   160.220    -7.66    7.57
-177531.961   156.413   -13.35    9.89
-177246.810   150.865   -19.46   12.19
-176961.681   143.257   -26.69   14.05
-176676.574   134.721   -29.94   15.11
-176391.489   128.019   -23.51   14.69
-176106.427   122.189   -20.45   12.12
-175821.386   118.024   -14.61    9.03
-175536.368   116.725    -4.56    7.24
-175251.371   117.499     2.72    8.21
-174966.397   120.553    10.72    9.95
-174681.445   125.497    17.35   10.04
-174396.515   131.173    19.92   10.15
-174111.607   136.731    19.51   10.13
-173826.721   142.237    19.33    9.88
-173541.857   147.381    18.06   10.20
-173257.015   152.783    18.97   10.85
-172972.195   157.630    17.02   10.54
-172687.397   162.607    17.48    9.45
-172402.621   166.687    14.33    7.53
-172117.867   169.253     9.01    5.48
-171833.135   170.772     5.34    3.75
-171548.425   170.762    -0.03    3.95
-171263.737   169.409    -4.76    5.21
-170979.071   167.369    -7.17    5.73
-170694.427   165.654    -6.02    5.82
-170409.805   163.842    -6.37    5.73
-170125.205   161.961    -6.61    5.63
-169836.733   160.201    -6.10    6.55
-169547.279   158.427    -6.13    7.43
-169257.849   155.675    -9.51    8.94
-168968.443   153.205    -8.54    9.77
-168679.059   150.076   -10.81   10.24
-168389.699   147.393    -9.27   10.73
-168100.362   146.277    -3.86   10.38
-167811.048   145.793    -1.67   10.65
-167521.758   146.456     2.29   10.73
-167232.490   147.689     4.26   10.41
-166943.246   149.533     6.37   10.36
-166654.025   150.822     4.46    9.08
-166364.828   152.244     4.92    7.99
-166075.653   152.254     0.03    6.69
-165786.502   152.159    -0.33    6.41
-165497.374   151.223    -3.24    6.03
-165208.269   149.901    -4.57    6.74
-164919.187   148.555    -4.66    6.97
-164630.128   147.473    -3.75    7.60
-164341.093   147.308    -0.57    8.55
-164052.080   148.163     2.96    8.89
-163763.091   149.393     4.26    8.61
-163474.125   150.507     3.86    8.16
-163185.182   151.005     1.72    7.69
-162896.262   151.437     1.49    7.20
-162607.366   151.929     1.71    6.55
-162318.492   151.941     0.04    5.95
-162029.641   151.420    -1.80    5.36
-161740.814   151.130    -1.01    4.89
-161452.010   150.536    -2.06    4.58
-161163.229   149.625    -3.15    4.87
-160874.471   148.344    -4.44    5.09
-160585.736   146.742    -5.55    5.84
-160297.024   144.591    -7.45    6.99
-160008.335   141.954    -9.13    8.02
-159719.669   138.177   -13.09    9.29
-159431.026   133.853   -14.98   10.70
-159142.406   129.734   -14.28   11.88
-158853.810   124.083   -19.58   13.78
-158565.236   117.298   -23.51   16.06
-158276.686   110.040   -25.15   18.07
-157988.158   102.313   -26.79   19.00
-157699.653    94.891   -25.73   19.23
-157411.172    87.558   -25.42   18.02
-157122.713    80.701   -23.77   14.98
-156834.278    76.089   -15.99   10.95
-156545.865    73.203   -10.01    7.21
-156257.476    72.415    -2.73    5.46
-155969.109    73.863     5.02    6.68
-155680.765    77.473    12.52    8.64
-155392.445    81.483    13.91    9.53
-155104.147    85.764    14.85    9.68
-154815.872    90.207    15.42    9.36
-154527.621    93.958    13.02    8.87
-154239.392    97.166    11.13    8.53
-153951.186    99.411     7.79    7.99
-153663.003   100.724     4.56    7.32
-153374.843   100.853     0.45    7.28
-153086.706   100.517    -1.17    7.21
-152798.592    99.303    -4.22    6.67
-152510.501    97.743    -5.42    6.13
-152222.432    95.946    -6.24    5.35
-151934.387    94.126    -6.32    4.87
-151646.365    92.397    -6.00    4.28
-151358.365    90.607    -6.22    3.65
-151070.388    89.351    -4.36    3.29
-150782.434    88.117    -4.29    2.93
-150494.503    86.947    -4.06    2.97
-150206.595    85.961    -3.42    2.90
-149918.710    84.991    -3.37    2.96
-149630.847    84.353    -2.22    3.25
-149343.008    83.833    -1.80    3.41
-149055.191    83.253    -2.02    3.77
-148767.397    82.792    -1.60    4.19
-148479.626    81.905    -3.08    4.46
-148191.878    80.463    -5.01    4.81
-147904.153    78.516    -6.77    5.03
-147616.450    76.813    -5.92    5.05
-147328.770    74.407    -8.36    5.05
-147041.113    72.492    -6.66    5.09
-146753.479    70.231    -7.86    4.41
-146465.868    68.303    -6.71    4.06
-146178.279    66.496    -6.28    3.39
-145890.713    65.035    -5.08    2.83
-145603.170    63.853    -4.11    2.13
-145315.650    63.230    -2.17    1.84
-145028.152    62.732    -1.73    1.43
-144740.677    62.793     0.21    1.95
-144453.225    63.409     2.14    2.95
-144165.796    64.117     2.46    3.51
-143878.390    64.991     3.04    4.01
-143591.006    65.657     2.32    4.72
-143303.645    66.123     1.62    5.48
-143016.306    66.812     2.40    6.88
-142728.991    67.253     1.53    8.26
-142441.698    67.160    -0.32    8.30
-142154.428    67.045    -0.40    8.45
-141867.180    66.025    -3.55    6.42
-141579.955    65.803    -0.77    5.15
-141292.753    65.782    -0.07    3.57
-141005.573    65.853     0.25    2.21
-140718.417    66.159     1.07    2.22
-140431.283    66.019    -0.49    2.18
-140144.171    65.881    -0.48    2.17
-139857.082    66.229     1.21    3.88
-139570.016    66.993     2.66    6.30
-139282.973    68.053     3.69    9.44
-138995.952    68.987     3.25    9.80
-138708.953    69.966     3.41   10.31
-138421.978    70.520     1.93    8.74
-138135.025    72.933     8.41    9.43
-137848.094    76.566    12.66   10.96
-137561.187    82.126    19.38   13.17
-137274.301    90.199    28.14   15.36
-136987.439    97.989    27.16   16.33
-136700.599   105.872    27.49   14.89
-136413.782   113.456    26.45   13.07
-136126.987   119.909    22.50   11.03
-135840.215   126.063    21.46    9.07
-135553.465   130.964    17.10    8.62
-135266.738   135.823    16.95    9.31
-134980.033   140.601    16.67    9.80
-134693.351   146.033    18.95    9.93
-134406.692   150.497    15.57    9.46
-134120.055   154.081    12.51    8.28
-133833.441   156.643     8.94    6.77
-133546.849   157.502     3.00    6.09
-133260.280   157.011    -1.71    7.96
-132973.733   155.411    -5.58   11.41
-132687.208   152.978    -8.49   15.71
-132400.707   151.001    -6.90   19.48
-132114.228   151.156     0.54   22.28
-131827.771   152.099     3.29   22.76
-131541.337   152.343     0.85   22.62
-131254.925   152.783     1.54   21.52
-130968.535   151.905    -3.07   21.32
-130682.169   151.548    -1.25   19.96
-130395.824   150.646    -3.15   18.82
-130109.502   149.726    -3.21   16.21
-129823.203   148.169    -5.44   14.09
-129536.926   148.110    -0.21   11.43
-129250.671   147.607    -1.76    9.91
-128964.439   147.053    -1.94    8.07
-128678.230   142.985   -14.22   13.81
-128392.042   134.405   -29.98   25.69
-128105.878   120.723   -47.82   38.82
-127819.735   102.045   -65.28   49.59
-127533.615    83.252   -65.69   53.15
-127247.518    63.660   -68.49   50.25
-126961.443    44.893   -65.61   38.57
-126675.390    31.070   -48.33   22.93
-126389.359    23.193   -27.54    9.08
-126103.351    20.298   -10.12    2.30
-125817.366    19.803    -1.73    0.00
-125531.403    19.803     0.00    0.00
-125245.462    19.803     0.00    0.00
-124959.543    19.803     0.00    0.00
-124673.647    19.803     0.00    0.00
-124387.773    19.803     0.00    0.00
-124101.922    19.803     0.00    0.00
-123816.093    19.803     0.00    0.00
-123530.286    19.803     0.00    0.00
-123244.501    19.803     0.00    0.00
-122958.739    19.803     0.00    0.00
-122672.999    19.803     0.00    0.00
-122387.282    19.803     0.00    0.00
-122101.587    19.803     0.00    0.00
-121815.914    19.803     0.00    0.00
-121530.263    19.803     0.00    0.00
-121244.635    19.803     0.00    0.00
-120959.029    19.803     0.00    0.00
-120673.445    19.803     0.00    0.00
-120387.883    19.803     0.00    0.00
-120102.344    19.803     0.00    0.00
-119816.827    19.803     0.00    0.00
-119531.332    19.803     0.00    0.00
-119245.860    19.803     0.00    0.00
-118960.410    19.803     0.00    0.00
-118674.982    19.803     0.00    0.00
-118389.576    19.803     0.00    0.00
-118104.192    19.803     0.00    0.00
-117818.831    19.803     0.00    0.00
-117533.492    19.803     0.00    0.00
-117248.175    19.803     0.00    0.00
-116962.880    19.803     0.00    0.00
-116677.608    19.803     0.00    0.00
-116392.357    21.960     7.56   10.15
-116107.129    26.038    14.30   17.18
-115821.923    30.223    14.67   21.36
-115536.740    36.143    20.76   25.45
-115251.578    40.865    16.56   27.64
-114966.438    46.043    18.16   30.34
-114681.321    52.025    20.98   32.52
-114396.226    55.227    11.23   33.49
-114111.153    60.333    17.91   33.60
-113826.102    64.333    14.03   33.58
-113541.074    67.793    12.14   33.70
-113256.067    69.456     5.84   33.57
-112971.083    70.443     3.46   34.04
-112686.120    70.219    -0.79   34.31
-112401.180    71.354     3.98   34.08
-112116.262    70.660    -2.44   34.59
-111831.366    72.240     5.55   33.63
-111546.492    71.166    -3.77   32.81
-111261.640    73.027     6.53   30.72
-110976.811    74.933     6.69   27.84
-110692.003    76.911     6.95   24.39
-110407.218    78.903     7.00   20.10
-110122.454    79.822     3.23   16.40
-109837.713    80.773     3.34   13.55
-109552.993    81.683     3.20   11.91
-109268.296    80.964    -2.52   11.63
-108983.621    81.504     1.89    9.85
-108698.968    80.893    -2.15    9.52
-108414.336    81.429     1.88    6.46
-108129.727    81.007    -1.48    7.81
-107840.372    81.187     0.62    5.69
-107550.914    80.278    -3.14    8.17
-107261.480    80.254    -0.08    7.02
-106972.069    79.724    -1.83    8.88
-106682.682    80.153     1.48    7.42
-106393.318    79.476    -2.34    8.77
-106103.977    80.170     2.40    7.60
-105814.659    79.179    -3.43   10.48
-105525.364    79.964     2.72    9.54
-105236.093    79.247    -2.48   11.61
-104946.845    79.660     1.43   10.52
-104657.621    80.470     2.80    8.37
-104368.419    80.262    -0.72    6.88
-104079.241    79.906    -1.23    4.57
-103790.086    78.436    -5.09    4.57
-103500.954    76.609    -6.32    5.22
-103211.846    72.233   -15.14   11.58
-102922.760    66.244   -20.72   18.93
-102633.698    58.863   -25.54   23.45
-102344.659    50.991   -27.24   25.93
-102055.643    43.401   -26.26   25.88
-101766.651    36.425   -24.14   24.25
-101477.681    29.366   -24.43   20.02
-101188.735    23.924   -18.84   13.77
-100899.812    20.177   -12.97    2.08
-100610.912    19.803    -1.29    0.00
-100322.035    19.803     0.00    0.00
-100033.182    19.803     0.00    0.00
 -99744.351    19.803     0.00    0.00
 -99455.544    19.803     0.00    0.00
 -99166.760    19.803     0.00    0.00
 -98877.999    19.803     0.00    0.00
 -98589.261    19.803     0.00    0.00
 -98300.546    19.803     0.00    0.00
 -98011.854    19.803     0.00    0.00
 -97723.185    19.803     0.00    0.00
 -97434.540    19.803     0.00    0.00
 -97145.917    19.803     0.00    0.00
 -96857.318    19.803     0.00    0.00
 -96568.742    19.803     0.00    0.00
 -96280.188    19.803     0.00    0.00
 -95991.658    19.803     0.00    0.00
 -95703.151    19.803     0.00    0.00
 -95414.667    19.803     0.00    0.00
 -95126.206    19.803     0.00    0.00
 -94837.768    19.803     0.00    0.00
 -94549.353    19.803     0.00    0.00
 -94260.961    19.803     0.00    0.00
 -93972.592    19.803     0.00    0.00
 -93684.246    19.803     0.00    0.00
 -93395.924    19.803     0.00    0.00
 -93107.624    19.803     0.00    0.00
 -92819.347    19.803     0.00    0.00
 -92531.093    19.803     0.00    0.00
 -92242.862    19.803     0.00    0.00
 -91954.654    19.803     0.00    0.00
 -91666.469    19.803     0.00    0.00
 -91378.307    19.803     0.00    0.00
 -91090.168    19.803     0.00    0.00
 -90802.052    19.803     0.00    0.00
 -90513.959    19.803     0.00    0.00
 -90225.889    19.803     0.00    0.00
 -89937.842    19.803     0.00    0.00
 -89649.818    19.803     0.00    0.00
 -89361.816    19.803     0.00    0.00
 -89073.838    19.803     0.00    0.00
 -88785.882    19.803     0.00    0.00
 -88497.950    19.803     0.00    0.00
 -88210.040    19.803     0.00    0.00
 -87922.153    19.803     0.00    0.00
 -87634.289    20.864     3.69    6.00
 -87346.448    23.407     8.84   10.76
 -87058.630    27.349    13.70   15.85
 -86770.835    32.957    19.49   21.27
 -86483.063    37.050    14.22   23.80
 -86195.313    42.063    17.42   25.87
 -85907.587    47.722    19.67   26.86
 -85619.883    51.965    14.75   27.00
 -85332.202    55.283    11.53   26.55
 -85044.544    58.605    11.55   25.28
 -84756.908    60.696     7.27   23.77
 -84469.296    62.763     7.19   21.59
 -84181.706    64.133     4.76   19.99
 -83894.140    66.374     7.79   17.98
 -83606.596    67.102     2.53   17.24
 -83319.074    67.956     2.97   16.76
 -83031.576    68.407     1.57   16.04
 -82744.100    69.019     2.13   15.08
 -82456.648    70.119     3.83   14.28
 -82169.218    70.966     2.95   12.71
 -81881.810    71.011     0.16   12.32
 -81594.426    70.405    -2.11   11.11
 -81307.064    69.209    -4.16   10.89
 -81019.725    67.080    -7.41   11.34
 -80732.409    64.076   -10.46   12.27
 -80445.116    61.110   -10.32   12.60
 -80157.845    58.123   -10.40   12.81
 -79870.597    54.514   -12.56   12.23
 -79583.372    51.328   -11.09   11.44
 -79296.169    49.688    -5.71   10.98
 -79008.990    49.578    -0.38   10.43
 -78721.832    50.566     3.44   10.23
 -78434.698    51.617     3.66    9.59
 -78147.586    53.595     6.89    8.95
 -77860.498    56.843    11.32    8.49
 -77573.431    58.620     6.19    8.47
 -77286.388    59.873     4.36    7.71
 -76999.367    60.011     0.48    7.19
 -76712.369    58.754    -4.38    8.16
 -76425.393    56.209    -8.87   10.29
 -76138.440    53.201   -10.48   10.73
 -75851.510    49.411   -13.21   10.88
 -75564.602    45.164   -14.80   11.65
 -75277.717    42.048   -10.86   12.78
 -74990.855    39.272    -9.68   13.84
 -74704.015    36.874    -8.36   14.26
 -74417.198    34.497    -8.29   14.47
 -74130.404    31.853    -9.22   14.25
 -73843.632    29.936    -6.68   13.84
 -73556.883    27.318    -9.13   12.59
 -73270.156    25.293    -7.06   11.05
 -72983.452    23.110    -7.62    8.40
 -72696.771    21.833    -4.45    6.12
 -72410.112    21.213    -2.16    4.58
 -72123.476    21.782     1.99    5.69
 -71836.862    22.247     1.62    6.27
 -71550.271    22.985     2.57    7.28
 -71263.702    23.345     1.26    7.59
 -70977.156    24.140     2.77    8.33
 -70690.633    24.409     0.94    8.29
 -70404.132    24.257    -0.53    7.89
 -70117.654    23.871    -1.35    7.43
 -69831.198    22.752    -3.91    6.20
 -69544.765    21.773    -3.42    5.01
 -69258.354    20.951    -2.87    3.66
 -68971.966    20.170    -2.73    1.84
 -68685.600    19.803    -1.28    0.00
 -68399.257    19.803     0.00    0.00
 -68112.936    19.803     0.00    0.00
 -67826.638    19.803     0.00    0.00
 -67540.362    19.803     0.00    0.00
 -67254.109    19.803     0.00    0.00
 -66967.878    19.803     0.00    0.00
 -66681.670    19.803     0.00    0.00
 -66395.484    19.803     0.00    0.00
 -66109.321    19.803     0.00    0.00
 -65823.180    19.803     0.00    0.00
 -65537.061    19.803     0.00    0.00
 -65250.965    19.803     0.00    0.00
 -64964.892    19.803     0.00    0.00
 -64678.841    19.803     0.00    0.00
 -64392.812    19.803     0.00    0.00
 -64106.806    19.803     0.00    0.00
 -63820.822    19.803     0.00    0.00
 -63534.861    19.803     0.00    0.00
 -63248.921    19.803     0.00    0.00
 -62963.005    20.673     3.04    2.88
 -62677.111    21.234     1.96    3.80
 -62391.239    21.670     1.53    4.36
 -62105.389    21.968     1.04    4.83
 -61819.562    22.466     1.74    5.55
 -61533.757    22.944     1.67    5.96
 -61247.975    23.243     1.04    6.26
 -60962.215    23.058    -0.65    6.50
 -60676.477    22.164    -3.13    5.69
 -60390.762    21.470    -2.43    4.70
 -60105.069    20.855    -2.15    3.71
 -59819.399    20.282    -2.01    2.37
 -59533.750    19.803    -1.68    0.00
 -59248.124    19.803     0.00    0.00
 -58962.521    19.803     0.00    0.00
 -58676.939    19.803     0.00    0.00
 -58391.380    19.803     0.00    0.00
 -58105.844    19.803     0.00    0.00
 -57820.329    19.803     0.00    0.00
 -57534.837    19.884     0.29    0.81
 -57249.367    20.854     3.40    3.04
 -56963.920    22.466     5.65    4.47
 -56678.494    24.533     7.24    5.36
 -56393.091    26.494     6.87    5.44
 -56107.711    28.178     5.90    4.79
 -55822.352    29.548     4.80    3.85
 -55537.016    30.456     3.18    3.17
 -55251.702    30.489     0.11    3.29
 -54966.410    30.272    -0.76    3.20
 -54681.141    30.080    -0.67    3.24
 -54395.894    30.060    -0.07    3.10
 -54110.669    30.007    -0.19    2.93
 -53825.466    30.167     0.56    2.45
 -53540.285    30.401     0.82    1.94
 -53255.127    30.641     0.84    1.81
 -52969.991    30.793     0.53    1.81
 -52684.877    31.089     1.04    1.77
 -52399.785    31.425     1.18    1.60
 -52114.715    31.641     0.76    1.52
 -51829.668    31.409    -0.82    1.63
 -51544.642    31.152    -0.90    1.76
 -51259.639    30.384    -2.69    2.00
 -50974.658    29.553    -2.92    2.12
 -50689.700    29.043    -1.79    2.31
 -50404.763    28.483    -1.97    2.83
 -50119.849    27.906    -2.02    3.27
 -49834.956    27.607    -1.05    3.64
 -49550.086    27.112    -1.74    3.84
 -49265.238    26.256    -3.00    3.75
 -48980.412    25.732    -1.84    3.68
 -48695.608    25.463    -0.95    3.77
 -48410.827    25.288    -0.61    4.02
 -48126.067    25.078    -0.74    4.32
 -47841.330    24.803    -0.97    4.48
 -47556.614    24.348    -1.60    4.34
 -47271.921    23.874    -1.67    4.40
 -46987.250    23.038    -2.94    4.09
 -46702.601    22.160    -3.08    3.48
 -46417.974    21.436    -2.55    2.92
 -46132.623    20.712    -2.54    1.83
 -45843.132    20.287    -1.47    1.26
 -45553.665    20.084    -0.70    1.06
 -45264.221    19.987    -0.34    1.06
 -44974.800    19.976    -0.04    1.08
 -44685.403    20.003     0.09    1.11
 -44396.029    20.150     0.51    1.13
 -44106.678    20.268     0.41    1.26
 -43817.351    20.397     0.44    1.25
 -43528.047    20.520     0.43    1.33
 -43238.766    21.241     2.49    2.96
 -42949.508    22.211     3.35    4.02
 -42660.274    23.113     3.12    4.30
 -42371.063    23.693     2.01    4.28
 -42081.875    24.170     1.65    4.15
 -41792.711    24.576     1.40    3.99
 -41503.569    24.619     0.15    3.90
 -41214.451    24.386    -0.81    3.58
 -40925.356    23.563    -2.85    2.77
 -40636.285    23.329    -0.81    2.47
 -40347.236    23.313    -0.05    2.35
 -40058.211    23.242    -0.25    2.09
 -39769.209    23.343     0.35    1.83
 -39480.231    23.209    -0.46    1.38
 -39191.275    23.233     0.08    1.08
 -38902.343    23.466     0.81    1.12
 -38613.433    23.735     0.93    1.40
 -38324.547    24.227     1.70    1.67
 -38035.685    24.752     1.82    1.92
 -37746.845    24.961     0.72    1.70
 -37458.028    25.318     1.24    1.59
 -37169.235    25.538     0.76    1.50
 -36880.465    25.511    -0.09    1.38
 -36591.718    25.339    -0.60    1.38
 -36302.994    25.205    -0.46    1.56
 -36014.293    24.970    -0.82    1.73
 -35725.615    24.576    -1.36    1.86
 -35436.961    24.042    -1.85    1.72
 -35148.330    23.691    -1.22    1.55
 -34859.721    23.449    -0.84    1.25
 -34571.136    23.373    -0.26    1.08
 -34282.574    23.473     0.35    0.98
 -33994.035    23.822     1.21    1.09
 -33705.519    24.278     1.58    1.15
 -33417.026    24.540     0.91    1.17
 -33128.556    24.929     1.35    1.23
 -32840.110    25.354     1.47    1.22
 -32551.686    25.723     1.28    1.16
 -32263.285    26.017     1.02    1.18
 -31974.908    26.344     1.13    1.26
 -31686.553    26.865     1.81    1.37
 -31398.222    27.411     1.89    1.39
 -31109.913    27.803     1.36    1.30
 -30821.628    28.231     1.49    1.28
 -30533.365    28.638     1.41    1.14
 -30245.126    29.108     1.63    1.36
 -29956.910    29.323     0.75    1.31
 -29668.716    29.712     1.35    1.29
 -29380.546    30.053     1.18    1.31
 -29092.398    30.417     1.26    1.36
 -28804.274    30.893     1.65    1.52
 -28516.173    31.609     2.48    2.06
 -28228.094    32.282     2.34    2.20
 -27940.039    33.055     2.68    2.27
 -27652.006    33.923     3.01    2.32
 -27363.996    34.854     3.23    2.35
 -27076.010    35.959     3.84    2.41
 -26788.046    37.038     3.75    2.41
 -26500.105    38.011     3.38    2.17
 -26212.188    38.740     2.53    1.96
 -25924.293    39.617     3.05    1.97
 -25636.421    40.267     2.26    1.86
 -25348.572    40.843     2.00    1.77
 -25060.746    41.520     2.35    1.81
 -24772.942    42.136     2.14    2.07
 -24485.162    42.932     2.76    2.22
 -24197.404    43.599     2.32    2.24
 -23909.670    44.387     2.74    2.12
 -23621.958    45.263     3.04    1.97
 -23334.269    46.156     3.11    1.98
 -23046.603    47.103     3.29    2.35
 -22758.960    48.199     3.81    2.59
 -22471.340    49.164     3.36    2.69
 -22183.743    50.133     3.37    2.61
 -21896.168    51.032     3.13    2.34
 -21608.616    51.648     2.14    2.53
 -21321.087    52.236     2.04    2.32
 -21033.581    52.589     1.23    2.15
 -20746.098    52.884     1.03    2.10
 -20458.638    53.063     0.62    2.03
 -20171.200    53.628     1.96    1.63
 -19883.785    53.920     1.02    1.54
 -19596.393    54.063     0.50    1.19
 -19309.024    54.267     0.71    1.26
 -19021.678    54.793     1.83    1.44
 -18734.354    55.160     1.28    1.66
 -18447.053    55.803     2.24    2.11
 -18159.775    56.480     2.36    2.42
 -17872.520    57.511     3.59    2.70
 -17585.287    58.876     4.75    3.11
 -17298.077    60.669     6.24    3.97
 -17010.890    62.803     7.43    4.98
 -16723.726    65.845    10.59    6.21
 -16436.584    69.407    12.41    7.43
 -16149.465    73.007    12.54    8.06
 -15862.369    75.253     7.82    7.98
 -15575.296    73.885    -4.76   11.22
 -15288.245    68.704   -18.05   16.56
 -15001.217    62.417   -21.90   19.11
 -14714.212    55.576   -23.83   19.19
 -14427.229    48.120   -25.98   14.88
 -14140.269    42.894   -18.21    8.42
 -13853.332    41.383    -5.27    5.25
 -13566.417    42.511     3.93    6.50
 -13279.525    46.360    13.41    9.45
 -12992.656    50.813    15.53   11.17
 -12705.809    56.584    20.12   12.20
 -12418.985    62.648    21.14   11.97
 -12132.184    68.192    19.33   10.31
 -11845.406    72.873    16.32    7.93
 -11558.649    76.641    13.14    5.86
 -11271.916    79.043     8.38    4.81
 -10985.205    81.219     7.59    3.49
 -10698.517    82.507     4.49    3.05
 -10411.852    83.704     4.18    2.85
 -10125.209    84.874     4.08    2.71
  -9838.588    85.864     3.46    2.87
  -9551.991    86.916     3.67    2.63
  -9265.416    87.916     3.49    2.35
  -8978.863    88.689     2.70    2.24
  -8692.333    89.115     1.49    2.06
  -8405.826    88.813    -1.05    2.42
  -8119.341    88.950     0.48    3.53
  -7832.879    89.845     3.12    5.12
  -7546.439    91.723     6.56    6.65
  -7260.022    93.723     6.98    7.75
  -6973.627    96.823    10.82    8.46
  -6687.255   100.476    12.76    8.69
  -6400.905   103.684    11.20    8.44
  -6114.578   106.752    10.72    7.47
  -5828.274   109.180     8.48    7.37
  -5541.992   111.601     8.45    7.58
  -5255.733   115.119    12.29    8.42
  -4969.496   119.563    15.53   10.17
  -4683.281   124.126    15.94   10.18
  -4397.089   128.761    16.20    9.57
  -4110.920   131.667    10.16    8.61
  -3824.773   132.360     2.42   10.14
  -3538.648   126.273   -21.27   25.13
  -3252.546   113.530   -44.54   43.21
  -2966.467    97.100   -57.43   54.57
  -2680.409    77.648   -68.00   59.74
  -2394.375    58.892   -65.57   58.90
  -2108.363    38.924   -69.81   52.06
  -1822.373    21.395   -61.29   38.66
  -1536.405     8.227   -46.05   18.76
  -1250.461     1.875   -22.21    4.02
   -964.538     0.750    -3.93    3.47
   -678.638     0.720    -0.11    3.99
   -392.760     0.938     0.77    5.09
   -106.905     1.855     3.21    6.01
    178.928     3.199     4.70    7.05
    464.738     4.354     4.04    7.52
    750.526     4.934     2.03    7.72
   1036.292     4.892    -0.15    7.80
   1322.035     6.195     4.56   11.68
   1607.756    12.308    21.40   26.97
   1893.455    26.874    50.98   49.97
   2179.131    44.463    61.57   69.47
   2464.785    63.328    66.04   78.62
   2750.416    91.741    99.47   86.06
   3036.025   119.287    96.45   87.47
   3321.612   153.455   119.64   82.50
   3607.176   185.803   113.27   76.17
   3892.718   214.999   102.25   69.43
   4178.238   240.563    89.54   58.09
   4463.736   258.823    63.96   46.12
   4749.211   268.164    32.72   39.30
   5034.664   272.693    15.87   36.44
   5320.094   277.947    18.41   33.22
   5605.502   280.403     8.60   32.26
   5890.888   285.031    16.22   28.96
   6176.252   289.421    15.39   24.18
   6461.593   293.183    13.18   18.27
   6746.912   295.267     7.30   13.69
   7032.209   296.978     6.00    9.84
   7317.484   297.571     2.08    6.90
   7602.736   296.636    -3.28    7.02
   7887.966   294.928    -5.99    8.39
   8173.174   291.245   -12.91   11.65
   8458.360   285.555   -19.95   14.87
   8743.523   281.946   -12.66   14.61
   9028.664   278.513   -12.04   13.51
   9313.783   276.566    -6.83   14.29
   9598.879   275.843    -2.54   15.05
   9883.954   274.823    -3.58   15.58
  10169.006   274.576    -0.87   15.63
  10454.036   273.633    -3.31   16.63
  10739.044   272.906    -2.55   16.25
  11024.030   269.844   -10.75   16.38
  11308.993   265.678   -14.62   14.95
  11593.934   261.501   -14.66   13.34
  11878.854   258.751    -9.65   12.04
  12163.750   256.403    -8.24   12.74
  12448.625   254.188    -7.77   14.67
  12733.478   251.231   -10.38   15.59
  13018.308   246.843   -15.41   15.92
  13303.117   241.500   -18.76   16.05
  13587.903   237.126   -15.36   15.27
  13872.667   233.172   -13.89   17.66
  14157.409   234.476     4.58   17.28
  14442.129   234.956     1.68   18.72
  14726.826   235.220     0.93   18.02
  15011.502   235.267     0.17   16.30
  15296.155   234.272    -3.50   15.01
  15580.787   230.751   -12.37   15.60
  15867.043   225.678   -17.72   17.02
  16156.535   219.959   -19.75   17.31
  16446.003   212.303   -26.45   16.35
  16735.448   205.493   -23.53   16.69
  17024.869   198.389   -24.55   18.17
  17314.267   190.199   -28.30   21.15
  17603.642   177.112   -45.22   28.37
  17892.994   167.625   -32.79   27.98
  18182.322   161.914   -19.74   25.94
  18471.627   161.691    -0.77   26.67
  18760.908   165.506    13.19   29.10
  19050.167   173.099    26.25   31.48
  19339.402   184.323    38.81   27.34
  19628.614   193.722    32.50   17.50
  19917.802   196.906    11.01   13.48
  20206.967   196.771    -0.47   13.54
  20496.109   192.074   -16.25   15.96
  20785.228   186.380   -19.69   16.75
  21074.324   180.167   -21.49   15.98
  21363.396   173.157   -24.25   15.39
  21652.445   166.032   -24.65   15.75
  21941.471   159.540   -22.46   16.87
  22230.473   153.445   -21.09   16.68
  22519.453   148.733   -16.31   16.65
  22808.409   145.102   -12.57   15.20
  23097.342   141.207   -13.48   14.11
  23386.252   138.277   -10.14   13.47
  23675.138   133.536   -16.41   13.96
  23964.002   126.862   -23.10   15.78
  24252.842   119.507   -25.46   16.26
  24541.659   112.149   -25.47   14.88
  24830.453   103.003   -31.67   15.60
  25119.224    93.308   -33.57   18.04
  25407.971    82.793   -36.42   22.80
  25696.696    70.886   -41.24   27.47
  25985.397    60.140   -37.22   29.44
  26274.075    44.729   -53.38   28.44
  26562.730    31.615   -45.43   23.93
  26851.362    22.105   -32.95   17.35
  27139.971    14.511   -26.31    9.00
  27428.557    11.115   -11.77    2.28
  27717.119    10.679    -1.51    1.58
  28005.659    10.636    -0.15    1.44
  28294.175    10.615    -0.07    1.41
  28582.669    10.483    -0.46    1.53
  28871.139    10.379    -0.36    1.61
  29159.586    10.078    -1.04    1.95
  29448.010     9.597    -1.67    2.24
  29736.411     8.971    -2.17    2.66
  30024.789     7.966    -3.49    2.89
  30313.144     7.065    -3.12    2.89
  30601.476     6.813    -0.88    3.08
  30889.785     6.813     0.00    3.23
  31178.070     7.089     0.96    3.38
  31466.333     7.689     2.08    3.67
  31754.573     8.514     2.86    3.65
  32042.790     9.287     2.68    3.56
  32330.983     9.803     1.79    3.65
  32619.154    10.105     1.05    3.63
  32907.302    10.157     0.18    3.66
  33195.426    10.261     0.36    3.70
  33483.528    10.421     0.56    3.31
  33771.607    10.055    -1.27    3.02
  34059.663     9.571    -1.68    3.05
  34347.695     8.947    -2.16    2.99
  34635.705     8.641    -1.06    2.69
  34923.692     8.644     0.01    2.61
  35211.656     7.874    -2.67    3.91
  35499.597     6.473    -4.87    5.22
  35787.515     5.298    -4.08    5.66
  36075.410     4.407    -3.09    5.70
  36363.282     3.343    -3.70    5.25
  36651.132     2.415    -3.22    4.58
  36938.958     2.633     0.76    4.36
  37226.761     3.101     1.63    4.14
  37514.542     3.090    -0.04    4.41
  37802.299     2.407    -2.37    4.56
  38090.034     1.236    -4.07    4.58
  38377.746     0.154    -3.76    4.35
  38665.435     0.432     0.97    6.01
  38953.101     3.622    11.09   11.76
  39240.744    10.011    22.21   17.00
  39528.364    15.865    20.35   18.03
  39815.962    19.116    11.30   17.21
  40103.536    20.742     5.65   16.06
  40391.088    20.184    -1.94   16.00
  40678.617    16.585   -12.52   16.10
  40966.123    11.023   -19.35   14.19
  41253.606     5.236   -20.13    9.28
  41541.067     2.126   -10.82    4.71
  41828.504     1.007    -3.89    2.90
  42115.919     0.712    -1.03    2.57
  42403.311     0.961     0.87    2.38
  42690.680     1.098     0.48    2.21
  42978.027     1.032    -0.23    2.00
  43265.350     0.917    -0.40    1.79
  43552.651     0.678    -0.83    1.80
  43839.929     0.153    -1.83    1.66
  44127.184    -0.092    -0.85    1.75
  44414.417     0.386     1.66    3.07
  44701.627     1.578     4.15    4.19
  44988.814     2.772     4.16    4.64
  45275.978     4.005     4.29    4.64
  45563.119     5.421     4.93    4.60
  45850.238     6.961     5.36    4.03
  46137.334     8.123     4.05    2.93
  46424.407     8.483     1.26    2.58
  46711.458     8.497     0.05    2.50
  46998.486     8.449    -0.17    2.60
  47285.491     8.376    -0.25    2.88
  47572.473     8.350    -0.09    3.35
  47859.433     8.292    -0.20    3.65
  48146.370     8.178    -0.40    3.91
  48433.284     8.522     1.20    4.68
  48720.176     8.522     0.00    4.89
  49007.045     8.071    -1.57    4.46
  49293.891     7.390    -2.37    3.89
  49580.715     6.527    -3.01    2.82
  49867.516     5.742    -2.74    1.85
  50154.294     5.169    -2.00    1.61
  50441.050     5.045    -0.43    1.51
  50727.783     5.089     0.15    1.57
  51014.493     4.973    -0.40    1.46
  51301.181     5.323     1.22    1.36
  51587.846     5.599     0.96    1.35
  51874.489     5.833     0.82    1.29
  52161.109     6.055     0.77    1.25
  52447.706     6.226     0.59    1.33
  52734.281     6.522     1.03    1.33
  53020.833     6.992     1.64    1.21
  53307.363     7.407     1.45    1.05
  53593.870     7.792     1.35    0.93
  53880.354     8.203     1.43    1.14
  54166.816     8.763     1.95    1.39
  54453.255     9.670     3.17    2.16
  54739.672    11.338     5.82    4.02
  55026.066    13.432     7.31    5.39
  55312.437    16.123     9.40    6.52
  55598.786    19.436    11.57    6.98
  55885.113    22.324    10.09    6.48
  56171.417    25.476    11.01    5.87
  56457.698    29.231    13.12    5.64
  56743.957    32.374    10.98    6.35
  57030.194    35.961    12.53    7.49
  57316.407    39.888    13.72    8.01
  57602.599    43.824    13.75    8.56
  57888.768    48.186    15.24    8.43
  58174.914    52.292    14.35    8.01
  58461.038    56.480    14.64    7.60
  58747.139    60.007    12.33    7.40
  59033.218    64.157    14.51    7.69
  59319.275    67.721    12.46    7.94
  59605.309    72.063    15.18    8.47
  59891.320    76.526    15.60    8.53
  60177.310    80.884    15.24    8.72
  60463.276    85.283    15.38    8.55
  60749.220    90.258    17.40    8.13
  61035.142    94.339    14.27    7.33
  61321.041    97.586    11.36    6.05
  61606.918    99.708     7.42    4.68
  61892.773   100.061     1.23    5.04
  62178.605    99.037    -3.58    6.94
  62464.415    95.699   -11.68   10.19
  62750.202    89.855   -20.45   13.33
  63035.967    85.455   -15.39   13.37
  63321.709    81.413   -14.15   11.72
  63607.429    79.374    -7.14    9.71
  63893.127    79.446     0.25    9.24
  64178.802    81.221     6.21    9.65
  64464.455    84.164    10.30   10.15
  64750.086    88.126    13.87    8.65
  65035.694    90.223     7.34    7.53
  65321.280    90.164    -0.21    7.37
  65606.844    87.823    -8.20    9.87
  65892.385    82.136   -19.92   14.95
  66177.904    75.234   -24.17   18.10
  66463.400    67.234   -28.02   18.34
  66748.874    59.920   -25.62   15.86
  67034.326    54.397   -19.35   11.53
  67319.756    52.240    -7.55    7.99
  67605.163    52.526     1.00    7.99
  67890.548    55.824    11.55   10.12
  68175.911    60.885    17.74   13.60
  68461.251    67.323    22.56   15.62
  68746.569    74.772    26.11   16.64
  69031.865    82.042    25.48   16.53
  69317.139    88.922    24.11   15.55
  69602.390    95.673    23.67   12.73
  69887.619   101.022    18.75    9.62
  70172.826   104.591    12.51    8.52
  70458.010   108.365    13.24    8.56
  70743.172   111.058     9.44   10.16
  71028.312   114.409    11.75   11.02
  71313.430   118.558    14.55   11.22
  71598.526   121.355     9.81   10.84
  71883.599   123.590     7.84    9.29
  72168.650   124.663     3.76    8.09
  72453.679   123.153    -5.30    7.99
  72738.686   121.463    -5.93    7.92
  73023.670   118.650    -9.87    7.75
  73308.632   116.001    -9.30    7.78
  73593.572   114.207    -6.30    7.44
  73878.490   111.971    -7.85    7.22
  74163.386   110.256    -6.02    7.09
  74448.260   109.078    -4.14    7.92
  74733.111   107.358    -6.04    8.79
  75017.940   106.220    -4.00    8.73
  75302.747   105.382    -2.94    9.21
  75587.532   106.066     2.40    8.81
  75872.295   106.886     2.88    8.49
  76157.035   107.907     3.58    7.76
  76441.754   106.508    -4.91    8.78
  76726.450   103.108   -11.94   11.53
  77011.124    96.999   -21.46   15.80
  77295.777    91.384   -19.72   16.03
  77580.407    87.389   -14.04   13.64
  77867.572    85.897    -5.20   10.99
  78157.082    86.583     2.37   11.04
  78446.568    89.915    11.51   12.49
  78736.031    94.397    15.48   12.91
  79025.471   100.045    19.51   12.22
  79314.888   106.153    21.10   11.62
  79604.281   110.927    16.49   10.25
  79893.651   114.535    12.47    8.41
  80182.997   116.845     7.98    6.31
  80472.320   117.511     2.30    5.65
  80761.620   117.308    -0.70    6.28
  81050.897   116.271    -3.59    6.86
  81340.151   114.428    -6.37    6.96
  81629.381   112.761    -5.76    6.82
  81918.587   110.949    -6.27    6.81
  82207.771   109.982    -3.34    6.81
  82496.931   109.699    -0.98    7.33
  82786.069   109.098    -2.08    7.77
  83075.182   108.950    -0.51    7.80
  83364.273   109.282     1.15    7.80
  83653.340   110.629     4.66    8.12
  83942.385   112.129     5.19    8.13
  84231.405   113.793     5.75    8.07
  84520.403   116.163     8.20    7.61
  84809.378   118.313     7.44    6.48
  85098.329   119.854     5.33    4.72
  85387.257   120.384     1.84    3.93
  85676.162   119.413    -3.36    4.63
  85965.044   117.959    -5.03    5.30
  86253.902   116.364    -5.52    5.58
  86542.738   114.262    -7.28    5.43
  86831.550   113.150    -3.85    4.88
  87120.339   112.615    -1.85    4.60
  87409.105   113.074     1.59    4.57
  87697.848   114.034     3.33    4.54
  87986.568   115.459     4.93    4.24
  88275.264   116.582     3.89    3.53
  88563.937   117.175     2.06    2.93
  88852.588   117.001    -0.60    3.04
  89141.215   115.867    -3.93    3.68
  89429.819   114.154    -5.93    4.24
  89718.400   112.040    -7.32    4.57
  90006.958   109.556    -8.61    4.94
  90295.492   106.361   -11.07    5.58
  90584.004   103.371   -10.36    6.45
  90872.492    99.691   -12.76    8.21
  91160.958    95.333   -15.11    9.72
  91449.400    90.824   -15.63   11.01
  91737.820    85.853   -17.23   12.03
  92026.216    81.126   -16.39   12.98
  92314.589    76.854   -14.81   13.18
  92602.939    73.215   -12.62   13.36
  92891.266    70.389    -9.80   13.48
  93179.571    67.395   -10.38   13.39
  93467.852    64.170   -11.18   14.82
  93756.110    60.143   -13.97   15.58
  94044.345    55.909   -14.69   15.86
  94332.557    51.504   -15.28   15.59
  94620.746    47.175   -15.02   14.31
  94908.912    44.048   -10.85   12.42
  95197.055    41.813    -7.75   11.18
  95485.175    40.271    -5.35   10.37
  95773.272    39.324    -3.29    9.77
  96061.346    38.022    -4.52    8.70
  96349.397    36.899    -3.90    7.67
  96637.425    36.119    -2.71    6.63
  96925.430    35.071    -3.64    5.31
  97213.412    34.242    -2.88    3.89
  97501.372    33.957    -0.99    3.44
  97789.308    34.236     0.97    3.40
  98077.221    34.442     0.72    3.45
  98365.112    34.961     1.80    3.76
  98652.979    35.278     1.10    3.87
  98940.824    35.740     1.61    4.27
  99228.646    36.975     4.29    5.51
  99516.444    38.380     4.88    6.84
  99804.220    39.108     2.53    7.67
 100091.973    40.542     4.98    9.14
 100379.703    41.973     4.97   10.17
 100667.411    41.845    -0.45   10.24
 100955.095    41.024    -2.85    9.43
 101242.756    40.532    -1.71    8.43
 101530.395    40.365    -0.58    7.49
 101818.011    40.209    -0.54    7.54
 102105.604    40.695     1.69    8.14
 102393.174    40.950     0.89    8.33
 102680.721    40.677    -0.95    7.42
 102968.245    40.561    -0.40    6.93
 103255.747    40.638     0.27    6.41
 103543.225    40.449    -0.66    5.94
 103830.681    39.966    -1.68    5.42
 104118.114    40.743     2.70    6.24
 104405.525    41.071     1.14    6.85
 104692.912    41.419     1.21    7.55
 104980.277    41.966     1.90    8.05
 105267.619    42.514     1.91    8.44
 105554.938    42.742     0.79    8.69
 105842.234    42.793     0.18    8.64
 106129.507    42.595    -0.69    8.03
 106416.758    42.508    -0.30    7.85
 106703.986    41.416    -3.80    6.47
 106991.191    40.633    -2.73    5.22
 107278.374    39.959    -2.35    4.14
 107565.534    39.287    -2.34    2.59
 107852.671    39.297     0.04    1.94
 108139.785    39.980     2.38    2.96
 108426.876    40.413     1.51    3.22
 108713.945    40.949     1.86    3.69
 109000.991    41.700     2.62    4.51
 109288.015    42.303     2.10    5.02
 109575.015    42.954     2.27    5.70
 109861.993    43.701     2.60    6.25
 110148.948    44.030     1.15    6.57
 110435.881    44.425     1.38    7.28
 110722.791    45.203     2.71    8.22
 111009.678    45.230     0.09    8.07
 111296.543    45.599     1.29    7.98
 111583.385    45.813     0.75    7.66
 111870.204    45.318    -1.72    6.76
 112157.000    45.696     1.32    7.11
 112443.774    44.952    -2.60    6.33
 112730.526    44.498    -1.58    5.40
 113017.254    44.105    -1.37    4.21
 113303.960    43.973    -0.46    3.36
 113590.644    44.569     2.08    3.93
 113877.304    45.282     2.49    4.26
 114163.943    46.039     2.64    4.41
 114450.558    47.282     4.33    5.02
 114737.151    48.865     5.52    6.58
 115023.721    50.905     7.12    8.23
 115310.269    53.221     8.08    9.48
 115596.794    56.050     9.87   10.76
 115883.297    58.112     7.20   11.66
 116169.777    61.527    11.92   13.03
 116456.234    65.323    13.25   14.08
 116742.669    67.563     7.82   14.47
 117029.082    70.938    11.78   14.65
 117315.471    74.709    13.17   14.24
 117601.839    77.252     8.88   13.53
 117888.183    79.537     7.98   12.67
 118174.505    80.061     1.83   11.63
 118460.805    78.813    -4.36   11.72
 118747.082    76.386    -8.48   11.63
 119033.337    74.558    -6.39   10.79
 119319.569    73.494    -3.72    9.34
 119605.778    74.009     1.80    9.71
 119891.965    76.292     7.98   10.24
 120178.130    79.751    12.08   10.43
 120464.272    83.147    11.87    9.77
 120750.392    85.027     6.57    9.59
 121036.489    86.045     3.56   10.26
 121322.563    85.463    -2.04   10.69
 121608.616    83.865    -5.59   10.56
 121894.645    82.833    -3.61    9.52
 122180.653    82.609    -0.78    8.01
 122466.637    82.261    -1.22    6.66
 122752.600    82.970     2.48    6.40
 123038.540    83.750     2.73    6.24
 123324.457    85.287     5.38    6.54
 123610.352    86.931     5.75    6.83
 123896.225    88.534     5.61    6.96
 124182.075    90.424     6.61    6.96
 124467.903    91.877     5.08    6.54
 124753.708    93.147     4.44    6.09
 125039.491    94.867     6.02    6.15
 125325.252    97.019     7.53    6.90
 125610.990   100.480    12.11    7.51
 125896.706   104.480    14.00    8.01
 126182.399   108.095    12.65    8.13
 126468.070   112.201    14.37    8.07
 126753.719   116.096    13.63    7.59
 127039.346   119.782    12.91    6.46
 127324.950   122.865    10.79    5.69
 127610.531   125.497     9.22    5.19
 127896.091   128.195     9.45    4.82
 128181.628   130.282     7.31    3.95
 128467.142   131.717     5.02    3.16
 128752.634   132.292     2.02    3.01
 129038.104   131.980    -1.09    4.06
 129323.552   130.526    -5.09    6.04
 129608.978   128.634    -6.63    7.93
 129894.381   126.140    -8.74    9.44
 130179.761   123.813    -8.15   10.07
 130465.120   121.255    -8.96   10.72
 130750.456   118.823    -8.52   11.18
 131035.770   116.136    -9.42   11.25
 131321.062   110.282   -20.52   13.35
 131606.331   103.354   -24.29   16.50
 131891.578    95.349   -28.06   18.67
 132176.803    87.405   -27.85   18.59
 132462.005    80.641   -23.71   16.47
 132747.186    75.425   -18.29   13.50
 133032.344    71.102   -15.16    8.46
 133317.480    69.399    -5.97    5.93
 133602.593    69.857     1.61    6.10
 133887.685    71.772     6.72    7.24
 134172.754    74.383     9.16    8.44
 134457.801    77.118     9.59    9.98
 134742.825    80.501    11.87   10.93
 135027.828    83.893    11.90   11.74
 135312.808    87.527    12.75   11.87
 135597.766    90.820    11.55   12.56
