-248291.850    29.755     0.00    1.20
-248006.963    30.386     2.21    3.14
-247722.055    31.636     4.39    5.24
-247437.124    33.135     5.26    7.01
-247152.172    34.915     6.24    8.86
-246867.198    35.779     3.03    9.58
-246582.202    37.409     5.72   10.45
-246297.184    38.943     5.38   11.07
-246012.145    40.705     6.18   11.55
-245727.083    41.057     1.24   11.50
-245442.000    40.841    -0.76   11.27
-245156.895    41.193     1.24   10.89
-244871.769    41.414     0.77   10.60
-244586.620    41.291    -0.43   10.41
-244301.450    42.349     3.71   10.78
-244016.258    43.103     2.65   11.35
-243731.044    44.678     5.52   11.83
-243445.808    46.607     6.76   12.24
-243160.550    47.614     3.53   12.56
-242875.271    48.865     4.39   12.64
-242589.970    50.557     5.93   12.47
-242304.646    52.698     7.50   11.74
-242019.301    54.414     6.01   10.56
-241733.935    55.568     4.04    9.00
-241448.546    56.782     4.25    5.75
-241163.135    56.500    -0.99    4.18
-240877.702    55.216    -4.50    4.04
-240592.248    52.854    -8.27    5.07
-240306.772    50.200    -9.29    5.77
-240021.273    47.398    -9.81    5.98
-239735.753    45.047    -8.23    5.41
-239450.211    43.198    -6.47    4.53
-239164.647    42.011    -4.15    3.57
-238879.061    42.115     0.36    3.12
-238593.454    42.512     1.39    3.16
-238307.824    43.494     3.44    3.37
-238022.172    44.674     4.13    3.11
-237736.499    45.556     3.08    2.84
-237450.803    46.056     1.75    2.88
-237165.085    46.632     2.02    2.98
-236879.346    46.895     0.92    3.22
-236593.585    46.837    -0.20    3.45
-236307.801    47.080     0.85    3.53
-236021.996    47.384     1.06    3.55
-235736.168    47.839     1.59    3.79
-235450.319    48.517     2.37    4.01
-235164.448    49.444     3.24    4.20
-234878.554    50.244     2.80    4.33
-234592.639    51.307     3.71    4.34
-234306.702    52.116     2.83    4.45
-234020.742    52.465     1.22    4.86
-233734.761    53.273     2.82    5.36
-233448.758    54.141     3.04    5.67
-233162.732    54.932     2.76    5.61
-232876.685    55.685     2.63    5.70
-232590.615    56.133     1.57    5.79
-232304.524    56.022    -0.39    6.52
-232018.410    55.888    -0.47    7.02
-231732.274    55.057    -2.90    7.35
-231446.117    53.966    -3.81    7.81
-231159.937    52.528    -5.02    8.08
-230873.735    51.341    -4.15    7.51
-230587.511    49.820    -5.31    7.14
-230301.265    48.281    -5.38    6.59
-230014.997    47.044    -4.32    5.99
-229728.707    46.187    -3.00    5.41
-229442.395    45.303    -3.08    5.10
-229156.060    44.578    -2.53    4.78
-228869.704    43.736    -2.94    4.27
-228583.325    43.494    -0.84    3.85
-228296.925    43.708     0.75    3.93
-228010.502    44.292     2.04    4.92
-227724.057    45.467     4.10    6.22
-227437.590    47.211     6.09    7.55
-227151.100    49.308     7.32    9.24
-226864.589    51.467     7.53   10.78
-226578.056    54.622    11.01   12.43
-226291.500    58.506    13.55   13.82
-226004.922    62.933    15.44   14.70
-225718.322    67.573    16.19   14.86
-225431.700    72.506    17.21   14.91
-225145.055    78.067    19.40   14.47
-224858.389    83.495    18.93   13.82
-224571.700    89.121    19.62   12.93
-224284.989    92.967    13.41   12.59
-223998.256    97.089    14.37   11.83
-223711.501   100.759    12.80   10.88
-223424.723   103.910    10.99    9.69
-223137.923   106.489     8.99    8.39
-222851.101   108.700     7.71    7.55
-222564.257   110.867     7.55    6.21
-222277.391   112.833     6.85    4.84
-221990.502   114.143     4.56    3.29
-221703.591   114.844     2.44    2.61
-221416.658   115.433     2.05    1.62
-221129.703   115.517     0.29    1.31
-220842.725   115.022    -1.72    1.59
-220555.725   113.841    -4.12    3.19
-220268.703   111.611    -7.77    5.39
-219981.658   108.494   -10.86    7.69
-219694.591   105.297   -11.14    8.24
-219407.502   103.000    -8.00    7.61
-219120.391   101.876    -3.91    6.65
-218833.257   101.682    -0.68    6.55
-218546.101   103.253     5.47    7.55
-218258.923   105.956     9.41    8.20
-217971.723   110.000    14.08    7.74
-217684.500   113.580    12.46    6.62
-217397.254   117.044    12.06    6.05
-217109.987   120.209    11.01    5.29
-216822.697   122.900     9.37    4.83
-216535.385   125.182     7.94    4.60
-216248.050   127.453     7.90    4.27
-215960.693   129.402     6.78    3.79
-215673.314   131.253     6.44    3.08
-215385.912   132.581     4.62    2.29
-215098.488   133.241     2.30    1.84
-214811.042   133.539     1.04    1.74
-214523.573   133.833     1.02    1.71
-214236.082   134.135     1.05    1.61
-213948.568   134.483     1.21    1.76
-213661.032   134.733     0.87    2.01
-213373.474   134.854     0.42    2.39
-213085.893   134.609    -0.85    2.79
-212798.290   133.919    -2.40    3.28
-212510.665   132.773    -3.98    3.75
-212223.017   131.367    -4.89    3.81
-211935.346   129.922    -5.02    3.77
-211647.653   128.261    -5.77    4.11
-211359.938   126.477    -6.20    4.67
-211072.200   124.884    -5.54    4.86
-210784.440   123.371    -5.26    4.98
-210496.657   121.756    -5.61    4.67
-210208.852   119.648    -7.32    4.54
-209921.025   117.494    -7.48    4.81
-209633.175   115.644    -6.43    5.39
-209345.302   114.124    -5.28    5.13
-209057.407   112.352    -6.15    4.63
-208769.489   110.851    -5.21    4.24
-208481.549   110.494    -1.24    4.07
-208193.587   110.557     0.22    4.31
-207905.602   111.614     3.67    3.93
-207617.594   112.750     3.94    3.46
-207329.564   113.865     3.87    3.57
-207041.512   114.596     2.53    3.36
-206753.437   114.371    -0.78    3.77
-206465.339   113.614    -2.63    4.63
-206177.219   112.391    -4.24    5.21
-205889.076   110.580    -6.28    5.14
-205600.911   108.557    -7.02    4.55
-205312.723   106.341    -7.69    3.88
-205024.513   104.398    -6.74    4.05
-204736.280   102.159    -7.77    4.60
-204448.024    99.568    -8.99    4.89
-204159.746    96.580   -10.37    5.33
-203871.445    93.568   -10.44    5.73
-203583.122    90.307   -11.31    6.24
-203294.776    86.943   -11.67    6.62
-203006.408    83.716   -11.19    6.49
-202718.017    80.337   -11.71    5.95
-202429.603    77.247   -10.71    5.54
-202141.167    74.494    -9.54    5.11
-201852.708    72.170    -8.05    4.52
-201564.226    70.209    -6.80    4.00
-201275.722    69.409    -2.77    3.92
-200987.195    69.416     0.02    4.71
-200698.646    69.570     0.53    5.71
-200410.073    69.989     1.45    6.63
-200121.479    70.356     1.27    6.96
-199832.861    70.444     0.31    7.31
-199544.221    69.943    -1.74    7.56
-199255.558    68.379    -5.42    7.13
-198966.873    66.172    -7.64    6.25
-198678.165    63.820    -8.15    5.88
-198389.434    61.907    -6.63    6.13
-198100.680    59.701    -7.64    5.89
-197811.904    57.584    -7.33    5.21
-197523.105    55.747    -6.36    3.87
-197234.283    54.556    -4.13    2.76
-196945.439    54.011    -1.88    2.16
-196656.572    54.460     1.55    3.12
-196367.682    55.644     4.10    4.65
-196078.770    57.685     7.06    6.40
-195789.834    60.730    10.54    8.56
-195500.876    64.473    12.95   10.47
-195211.895    68.409    13.62   11.40
-194922.892    72.670    14.74   11.28
-194633.865    77.056    15.17   10.19
-194344.816    81.363    14.90    8.30
-194055.744    84.802    11.90    7.87
-193766.650    88.239    11.89    8.39
-193477.532    91.934    12.78    9.68
-193188.392    96.178    14.67   11.90
-192899.229   101.156    17.21   13.73
-192610.043   106.222    17.52   14.86
-192320.835   111.187    17.16   15.63
-192031.603   115.109    13.56   15.60
-191742.349   118.280    10.96   15.39
-191453.072   120.892     9.03   15.30
-191163.772   123.207     8.00   14.97
-190874.449   125.544     8.08   14.35
-190585.103   127.112     5.42   13.18
-190295.735   128.247     3.92   11.58
-190006.344   129.663     4.89   10.32
-189716.930   130.925     4.36    9.28
-189427.492   130.355    -1.97    8.51
-189138.033   128.702    -5.71    8.00
-188848.550   128.720     0.06    8.10
-188559.044   130.363     5.67    8.37
-188269.516   132.562     7.59    8.75
-187979.964   133.596     3.57    8.64
-187690.390   135.837     7.74    9.05
-187400.792   138.663     9.76    7.62
-187111.172   140.172     5.21    6.26
-186821.529   139.559    -2.12    6.46
-186534.775   137.663    -6.61    7.09
-186249.930   135.056    -9.15    7.43
-185965.064   132.798    -7.92    7.55
-185680.175   130.112    -9.42    7.11
-185395.265   127.750    -8.29    6.12
-185110.332   126.247    -5.27    5.17
-184825.378   125.301    -3.32    4.56
-184540.402   124.617    -2.40    4.18
-184255.404   124.161    -1.60    3.44
-183970.384   124.187     0.09    2.83
-183685.343   124.753     1.99    2.91
-183400.279   126.311     5.47    4.81
-183115.194   128.714     8.43    6.98
-182830.086   131.413     9.46    7.45
-182544.957   134.269    10.01    6.53
-182259.806   136.287     7.08    5.18
-181974.633   136.793     1.77    4.34
-181689.438   136.637    -0.55    4.19
-181404.221   135.170    -5.14    4.67
-181118.982   133.022    -7.53    5.05
-180833.722   132.044    -3.43    4.94
-180548.439   132.565     1.83    6.25
-180263.134   133.446     3.09    7.73
-179977.808   135.165     6.02    8.39
-179692.459   137.600     8.53    8.09
-179407.089   140.253     9.29    5.68
-179121.697   142.075     6.39    3.44
-178836.282   142.813     2.59    3.07
-178550.846   142.811    -0.01    3.39
-178265.388   142.719    -0.32    3.64
-177979.907   143.056     1.18    3.88
-177694.405   143.364     1.08    3.85
-177408.881   143.596     0.81    3.60
-177123.335   143.802     0.72    3.37
-176837.766   143.967     0.58    3.10
-176552.176   144.022     0.20    2.82
-176266.564   143.770    -0.88    2.61
-175980.929   143.023    -2.62    3.08
-175695.273   141.833    -4.16    3.83
-175409.595   140.209    -5.68    4.46
-175123.894   138.750    -5.11    4.64
-174838.172   138.056    -2.43    4.44
-174552.427   138.311     0.89    4.38
-174266.661   138.989     2.37    4.45
-173980.872   140.069     3.78    4.56
-173695.062   141.629     5.46    4.14
-173409.229   143.169     5.38    3.60
-173123.374   144.239     3.74    3.49
-172837.497   145.337     3.84    3.44
-172551.598   146.393     3.69    3.29
-172265.677   147.438     3.65    3.21
-171979.734   147.876     1.53    3.41
-171693.769   147.398    -1.67    4.73
-171407.781   146.489    -3.18    5.46
-171121.772   146.045    -1.55    5.47
-170835.740   145.966    -0.28    5.42
-170549.687   145.461    -1.77    5.24
-170263.611   145.205    -0.90    5.01
-169977.513   145.157    -0.17    4.52
-169691.393   144.739    -1.46    3.99
-169405.250   143.551    -4.15    4.21
-169119.086   141.045    -8.75    4.97
-168832.899   137.864   -11.11    6.21
-168546.691   134.067   -13.26    7.61
-168260.460   130.236   -13.38    8.14
-167974.207   126.640   -12.56    7.76
-167687.932   122.864   -13.19    7.34
-167401.634   119.174   -12.88    6.92
-167115.315   115.767   -11.90    6.60
-166828.973   112.318   -12.04    6.07
-166542.609   109.159   -11.03    5.93
-166256.223   106.567    -9.05    5.63
-165969.814   103.589   -10.40    5.90
-165683.384   101.722    -6.52    5.76
-165396.931   101.310    -1.44    5.56
-165110.456   101.805     1.73    6.28
-164823.959   102.820     3.54    6.90
-164537.439   104.701     6.56    6.82
-164250.897   105.820     3.90    6.70
-163964.333   106.567     2.60    6.15
-163677.747   106.844     0.97    6.51
-163391.139   107.697     2.97    7.22
-163104.508   108.761     3.71    8.54
-162817.855   111.378     9.13    9.83
-162531.179   114.843    12.08   10.78
-162244.482   120.344    19.19   11.03
-161957.762   125.900    19.37    9.00
-161671.020   129.747    13.42    7.59
-161384.255   132.396     9.23    6.63
-161097.469   134.078     5.86    5.69
-160810.659   135.191     3.88    4.89
-160523.828   135.244     0.19    4.97
-160236.974   135.433     0.66    4.88
-159950.098   136.088     2.28    4.92
-159663.200   136.559     1.64    5.01
-159376.279   136.533    -0.09    5.50
-159089.336   136.756     0.78    6.19
-158802.371   136.846     0.32    6.66
-158515.383   136.078    -2.68    6.39
-158228.373   135.228    -2.96    6.03
-157941.341   133.356    -6.52    5.49
-157654.286   130.714    -9.20    6.04
-157367.209   128.043    -9.30    6.46
-157080.109   125.956    -7.27    6.88
-156792.987   123.154    -9.76    7.26
-156505.843   119.924   -11.25    6.85
-156218.676   116.402   -12.26    6.29
-155931.487   112.967   -11.96    6.81
-155644.276   109.822   -10.95    7.00
-155357.042   108.151    -5.82    5.97
-155069.785   108.256     0.37    6.42
-154782.506   109.780     5.31    8.50
-154495.205   112.817    10.57   10.50
-154207.882   118.250    18.91   11.49
-153920.536   124.413    21.45   10.83
-153633.167   130.378    20.75    9.29
-153345.776   135.044    16.24    7.51
-153058.363   138.467    11.91    6.14
-152770.927   140.609     7.45    4.70
-152483.468   141.699     3.79    3.97
-152195.988   142.085     1.34    3.77
-151908.484   142.161     0.26    3.91
-151620.959   141.554    -2.11    3.75
-151333.410   140.456    -3.82    3.34
-151045.840   138.911    -5.37    3.99
-150758.246   137.022    -6.57    5.66
-150470.630   135.161    -6.47    6.59
-150182.992   133.372    -6.22    6.50
-149895.331   131.462    -6.64    6.15
-149607.648   130.304    -4.02    5.97
-149319.942   130.308     0.01    5.55
-149032.214   132.180     6.51    5.74
-148744.463   134.473     7.97    5.58
-148456.690   136.446     6.86    5.90
-148168.894   137.935     5.18    5.85
-147881.075   139.936     6.95    6.06
-147593.234   142.185     7.81    5.96
-147305.370   144.703     8.75    6.10
-147017.484   147.375     9.28    6.29
-146729.575   149.681     8.01    6.20
-146441.644   151.391     5.94    5.45
-146153.690   153.138     6.07    4.48
-145865.713   154.904     6.13    3.78
-145577.714   155.783     3.05    3.74
-145289.692   155.648    -0.47    4.12
-145001.648   154.989    -2.29    4.55
-144713.581   154.044    -3.28    4.82
-144425.491   153.087    -3.32    4.99
-144137.379   151.851    -4.29    5.52
-143849.244   150.383    -5.09    5.77
-143561.086   147.935    -8.50    6.24
-143272.906   145.187    -9.53    6.59
-142984.703   142.427    -9.57    6.95
-142696.478   139.044   -11.74    7.16
-142408.229   136.022   -10.48    7.10
-142119.959   133.543    -8.60    6.20
-141831.665   130.500   -10.55    6.67
-141543.349   127.533   -10.29    7.26
-141255.010   125.912    -5.62    6.97
-140966.649   125.761    -0.52    6.92
-140678.264   127.604     6.39    7.86
-140389.857   130.272     9.25    9.74
-140101.428   134.043    13.07   11.36
-139812.975   139.138    17.66   11.32
-139524.500   144.065    17.08   11.39
-139236.002   149.429    18.59   10.96
-138947.482   154.213    16.58   11.29
-138658.939   159.099    16.93   11.29
-138370.373   163.500    15.25    9.62
-138081.784   167.280    13.10    7.28
-137793.172   170.234    10.24    5.51
-137504.538   172.587     8.15    4.61
-137215.881   173.626     3.60    4.62
-136927.201   173.923     1.03    5.10
-136638.499   172.956    -3.35    6.48
-136349.773   171.380    -5.45    7.95
-136061.025   168.742    -9.14    9.34
-135772.254   164.809   -13.62   10.47
-135483.461   159.728   -17.59   11.17
-135194.644   153.700   -20.87   11.19
-134905.805   147.204   -22.49   11.15
-134616.943   141.711   -19.01   11.16
-134328.058   137.451   -14.75    9.75
-134039.150   135.194    -7.81    8.44
-133750.219   134.140    -3.65    8.35
-133461.266   135.022     3.05    9.46
-133172.289   136.111     3.77   10.25
-132883.290   137.387     4.41   10.98
-132594.268   138.767     4.77   11.02
-132305.223   139.857     3.77   11.53
-132016.156   142.641     9.63   13.10
-131727.065   145.355     9.39   14.18
-131437.952   147.451     7.25   13.43
-131148.815   149.516     7.14   12.39
-130859.656   151.032     5.24   10.66
-130570.474   152.670     5.66    8.86
-130281.269   153.989     4.56    7.30
-129992.041   155.256     4.38    6.41
-129702.790   157.165     6.60    6.26
-129413.516   159.578     8.34    5.45
-129124.220   161.548     6.81    4.75
-128834.900   162.430     3.05    3.92
-128545.558   162.578     0.51    4.03
-128256.192   162.098    -1.66    4.77
-127966.804   161.078    -3.52    5.12
-127677.392   160.011    -3.69    5.10
-127387.958   158.337    -5.78    4.74
-127098.501   156.549    -6.18    4.29
-126809.020   154.670    -6.49    4.48
-126519.517   152.633    -7.04    4.91
-126229.991   149.798    -9.79    5.62
-125940.442   146.773   -10.45    6.16
-125650.870   143.511   -11.26    5.83
-125361.274   140.888    -9.06    5.18
-125071.656   138.778    -7.28    4.42
-124782.015   136.567    -7.63    4.90
-124496.423   133.989    -9.03    6.78
-124211.579   130.011   -13.96    9.42
-123926.714   125.167   -17.00   11.36
-123641.827   118.681   -22.76   12.38
-123356.919   113.154   -19.40   10.86
-123071.988   109.806   -11.75    7.84
-122787.035   109.220    -2.06    6.75
-122502.060   110.692     5.17    8.15
-122217.064   113.415     9.55    9.77
-121932.045   117.204    13.29    9.21
-121647.005   119.076     6.57    7.76
-121361.942   120.099     3.59    6.68
-121076.858   121.578     5.19    6.60
-120791.751   122.407     2.91    7.18
-120506.623   122.319    -0.31    7.80
-120221.472   123.126     2.83    7.94
-119936.300   126.426    11.57    8.99
-119651.106   130.301    13.59    9.19
-119365.889   132.733     8.53    8.64
-119080.651   133.901     4.09    8.24
-118795.391   135.022     3.93    7.88
-118510.108   136.745     6.04    6.18
-118224.804   136.579    -0.58    6.49
-117939.478   135.731    -2.97    6.58
-117654.129   135.185    -1.91    6.62
-117368.759   135.923     2.59    6.98
-117083.366   136.044     0.43    7.10
-116797.952   135.066    -3.43    6.90
-116512.515   134.011    -3.70    6.07
-116227.057   133.141    -3.05    5.12
-115941.576   131.560    -5.54    4.80
-115656.073   129.849    -5.99    4.94
-115370.548   127.731    -7.42    5.78
-115085.001   126.156    -5.52    6.21
-114799.432   124.934    -4.28    5.81
-114513.841   124.000    -3.27    5.23
-114228.228   123.670    -1.15    4.77
-113942.593   123.956     1.00    4.46
-113656.936   123.922    -0.12    4.63
-113371.256   123.678    -0.86    5.05
-113085.555   123.080    -2.09    5.19
-112799.831   121.764    -4.60    5.59
-112514.085   121.315    -1.57    5.50
-112228.317   121.596     0.98    5.34
-111942.527   121.584    -0.04    5.01
-111656.715   120.674    -3.18    5.32
-111370.880   119.267    -4.92    6.32
-111085.024   116.456    -9.83    7.99
-110799.145   113.125   -11.65    8.74
-110513.244   109.756   -11.78    7.68
-110227.321   107.378    -8.32    6.84
-109941.376   105.562    -6.35    6.85
-109655.409   103.742    -6.36    7.26
-109369.419   101.614    -7.44    7.60
-109083.407    99.247    -8.27    6.80
-108797.373    97.378    -6.54    6.34
-108511.317    95.977    -4.90    5.41
-108225.239    95.122    -2.99    4.32
-107939.138    94.711    -1.44    3.80
-107653.016    95.056     1.20    3.98
-107366.871    96.034     3.42    4.17
-107080.703    97.273     4.33    4.42
-106794.514    98.756     5.18    4.46
-106508.302    99.967     4.23    4.52
-106222.068   100.402     1.52    5.17
-105935.812   100.602     0.70    5.65
-105649.534   100.791     0.66    6.13
-105363.233   100.152    -2.23    6.03
-105076.910    99.215    -3.27    5.86
-104790.565    97.538    -5.85    5.48
-104504.197    95.813    -6.02    5.43
-104217.807    94.409    -4.90    5.72
-103931.395    93.473    -3.27    6.05
-103644.961    92.333    -3.98    6.06
-103358.504    91.432    -3.15    5.88
-103072.025    90.376    -3.68    5.20
-102785.524    89.815    -1.96    4.82
-102499.000    90.121     1.07    4.80
-102212.455    90.935     2.84    5.07
-101925.886    91.957     3.57    5.28
-101639.296    93.453     5.22    5.68
-101352.683    95.574     7.40    5.79
-101066.048    97.785     7.71    6.16
-100779.390   100.429     9.22    6.40
-100492.710   102.725     8.01    7.77
-100206.008   104.237     5.27    8.54
 -99919.283   104.883     2.25    9.53
 -99632.536   105.755     3.04   11.26
 -99345.766   105.298    -1.60   13.06
 -99058.975   105.522     0.78   14.22
 -98772.160   105.922     1.40   15.03
 -98485.324   106.641     2.51   15.68
 -98198.465   107.670     3.59   15.79
 -97911.583   107.635    -0.12   15.33
 -97624.680   108.511     3.05   14.40
 -97337.753   110.533     7.05   13.50
 -97050.805   113.656    10.88   13.25
 -96763.834   116.835    11.08   12.87
 -96476.840   119.624     9.72   12.91
 -96189.824   121.811     7.62   11.93
 -95902.786   123.301     5.19   10.52
 -95615.725   123.670     1.29    9.85
 -95328.642   124.699     3.58    9.58
 -95041.536   125.591     3.11    9.66
 -94754.408   128.242     9.23   10.99
 -94467.257   132.598    15.17   12.54
 -94180.084   138.870    21.84   13.17
 -93892.889   144.791    20.62   12.08
 -93605.670   150.140    18.62   11.61
 -93318.430   154.720    15.95   12.61
 -93031.167   158.956    14.74   13.77
 -92743.881   162.043    10.75   15.52
 -92456.573   163.122     3.76   16.67
 -92169.242   161.286    -6.39   18.71
 -91881.889   158.033   -11.32   21.78
 -91594.514   153.000   -17.51   21.25
 -91307.115   148.089   -17.09   19.22
 -91019.695   146.545    -5.37   17.67
 -90732.251   148.367     6.34   17.62
 -90444.786   150.258     6.58   17.35
 -90157.297   153.689    11.93   15.53
 -89869.786   153.456    -0.81   12.48
 -89582.253   150.711    -9.54   10.99
 -89294.697   146.607   -14.27   10.50
 -89007.118   141.211   -18.76   11.03
 -88719.517   136.506   -16.36   10.60
 -88431.893   132.809   -12.85    9.10
 -88144.247   130.367    -8.49    8.56
 -87856.578   129.180    -4.13    9.55
 -87568.886   129.144    -0.12   11.63
 -87281.172   131.584     8.48   13.52
 -86993.435   135.533    13.72   13.92
 -86705.676   139.911    15.21   12.47
 -86417.894   142.427     8.74   10.54
 -86130.089   142.629     0.70    9.18
 -85842.261   140.911    -5.97    9.47
 -85554.411   137.289   -12.58   11.02
 -85266.539   133.644   -12.66   11.25
 -84978.644   130.433   -11.15   10.49
 -84690.726   128.233    -7.64    9.61
 -84402.785   127.011    -4.24    9.95
 -84114.822   126.400    -2.12   11.14
 -83826.836   127.544     3.97   11.40
 -83538.827   129.078     5.32   10.79
 -83250.796   130.378     4.51    9.50
 -82962.742   130.798     1.46    9.33
 -82674.665   132.112     4.56   10.51
 -82386.566   134.100     6.90   11.79
 -82098.444   137.111    10.45   12.68
 -81810.299   138.378     4.40   12.77
 -81522.131   138.633     0.89   13.04
 -81233.941   139.034     1.39   12.14
 -80945.728   138.611    -1.47   11.49
 -80657.492   138.292    -1.11   11.56
 -80369.234   139.648     4.70   11.70
 -80080.952   140.678     3.57   11.27
 -79792.648   139.678    -3.47   10.65
 -79504.321   136.697   -10.34   10.90
 -79215.972   133.622   -10.66   11.08
 -78927.600   131.427    -7.61   10.23
 -78639.204   132.143     2.48   10.46
 -78350.787   134.344     7.63   12.06
 -78062.346   137.787    11.93   12.57
 -77773.882   141.289    12.14   11.48
 -77485.396   143.078     6.20    9.69
 -77196.887   143.311     0.81    8.90
 -76908.355   142.045    -4.39    9.76
 -76619.801   139.300    -9.51   11.10
 -76331.223   137.580    -5.96   11.94
 -76042.623   137.744     0.57   12.87
 -75753.999   139.478     6.01   13.39
 -75465.353   140.756     4.43   12.59
 -75176.685   142.033     4.43   11.55
 -74887.993   143.200     4.04   10.92
 -74599.278   145.708     8.69   10.44
 -74310.541   148.856    10.90    9.74
 -74021.780   151.267     8.35   10.27
 -73732.997   153.989     9.43   11.24
 -73444.191   156.189     7.62   11.76
 -73155.362   158.955     9.57   11.65
 -72866.510   162.122    10.97   11.65
 -72577.636   165.835    12.85   11.32
 -72288.738   169.758    13.58    9.47
 -71999.817   171.670     6.62    7.28
 -71710.874   171.717     0.16    6.52
 -71421.908   171.811     0.32    6.15
 -71132.918   171.582    -0.79    7.01
 -70843.906   171.396    -0.65    8.01
 -70554.871   172.000     2.09    8.60
 -70265.813   172.824     2.85    9.07
 -69976.732   173.731     3.14    9.90
 -69687.628   173.378    -1.22   10.91
 -69398.501   173.033    -1.19   11.73
 -69109.351   172.253    -2.70   12.61
 -68820.178   172.066    -0.65   13.44
 -68530.982   174.681     9.04   14.72
 -68241.763   180.774    21.07   17.44
 -67952.521   189.000    28.44   20.15
 -67663.256   198.728    33.63   23.58
 -67373.968   209.011    35.54   25.16
 -67084.657   215.000    20.70   23.89
 -66795.323   218.516    12.15   21.77
 -66505.966   221.728    11.10   21.83
 -66216.586   221.088    -2.21   22.88
 -65927.183   215.707   -18.59   23.79
 -65637.757   207.239   -29.25   22.56
 -65348.308   199.533   -26.62   20.58
 -65058.836   193.967   -19.23   18.24
 -64769.341   190.121   -13.28   14.23
 -64479.823   188.413    -5.90   10.87
 -64190.282   189.722     4.52    9.65
 -63900.717   193.196    11.99   11.15
 -63611.130   198.011    16.63   12.35
 -63321.519   204.054    20.87   12.41
 -63031.886   210.429    22.01   13.28
 -62742.647   217.163    23.28   14.99
 -62457.847   224.967    27.40   16.70
 -62173.025   231.118    21.60   15.99
 -61888.181   234.826    13.02   13.84
 -61603.315   235.473     2.27   12.45
 -61318.428   234.568    -3.18   12.54
 -61033.518   230.702   -13.57   13.03
 -60748.586   225.457   -18.41   12.79
 -60463.632   219.846   -19.69   11.63
 -60178.656   214.880   -17.42   10.58
 -59893.658   210.298   -16.08    9.52
 -59608.638   205.969   -15.19    8.93
 -59323.596   201.330   -16.27    8.67
 -59038.532   197.152   -14.65    8.76
 -58753.446   192.783   -15.33    8.27
 -58468.338   188.467   -15.13    7.78
 -58183.208   183.905   -16.00    7.91
 -57898.056   179.726   -14.65    7.58
 -57612.882   176.174   -12.46    7.04
 -57327.686   173.398    -9.73    6.90
 -57042.468   171.215    -7.65    6.73
 -56757.227   170.220    -3.49    7.11
 -56471.965   171.022     2.81    9.50
 -56186.680   173.144     7.44   11.98
 -55901.374   177.044    13.67   14.05
 -55616.045   179.856     9.85   14.17
 -55330.694   181.711     6.50   13.48
 -55045.321   182.901     4.17   12.38
 -54759.926   182.567    -1.17   11.39
 -54474.509   180.099    -8.65   10.82
 -54189.070   176.111   -13.97   10.49
 -53903.609   170.773   -18.70   10.18
 -53618.125   165.056   -20.03   10.55
 -53332.620   159.132   -20.75   10.43
 -53047.092   154.344   -16.77    9.09
 -52761.542   151.132   -11.25    7.06
 -52475.970   150.744    -1.36    6.75
 -52190.376   152.611     6.54    9.32
 -51904.759   156.722    14.39   12.47
 -51619.121   163.911    25.17   15.11
 -51333.460   171.780    27.55   16.01
 -51047.777   179.163    25.84   16.00
 -50762.072   187.935    30.70   17.06
 -50476.345   194.290    22.24   17.59
 -50190.596   201.587    25.53   17.73
 -49904.824   207.463    20.56   17.99
 -49619.030   212.862    18.89   17.80
 -49333.214   217.522    16.30   17.72
 -49047.376   221.593    14.24   18.71
 -48761.516   223.750     7.54   18.63
 -48475.633   225.255     5.27   19.19
 -48189.728   227.115     6.50   19.05
 -47903.801   230.266    11.02   17.70
 -47617.851   233.207    10.28   14.98
 -47331.880   235.857     9.27   11.37
 -47045.886   236.710     2.98    8.76
 -46759.870   237.653     3.30    7.56
 -46473.831   237.516    -0.48    8.66
 -46187.770   237.226    -1.01    8.82
 -45901.687   235.495    -6.05    9.77
 -45615.582   230.269   -18.26   15.28
 -45329.455   223.602   -23.30   21.03
 -45043.305   213.926   -33.81   25.99
 -44757.133   202.527   -39.83   29.36
 -44470.938   190.500   -42.02   30.52
 -44184.721   178.774   -40.97   28.84
 -43898.482   169.185   -33.50   24.92
 -43612.221   159.280   -34.60   24.03
 -43325.937   151.593   -26.85   25.90
 -43039.631   146.802   -16.73   28.04
 -42753.303   141.900   -17.12   30.21
 -42466.952   133.511   -29.29   31.60
 -42180.579   126.267   -25.30   33.86
 -41894.184   118.867   -25.84   36.15
 -41607.766   103.141   -54.90   46.19
 -41321.326    81.382   -75.96   52.69
 -41034.863    58.211   -80.88   54.02
 -40748.378    39.300   -66.01   48.95
 -40461.871    21.120   -63.45   37.18
 -40175.342     7.848   -46.32   22.11
 -39888.789     0.913   -24.20    7.28
 -39602.215     0.000    -3.19    0.00
 -39315.618     0.000     0.00    0.00
 -39028.999     0.000     0.00    0.00
 -38742.357     0.000     0.00    0.00
 -38455.693     0.000     0.00    0.00
 -38169.007     0.000     0.00    0.00
 -37882.298     0.000     0.00    0.00
 -37595.566     0.000     0.00    0.00
 -37308.813     0.000     0.00    0.00
 -37022.036     0.000     0.00    0.00
 -36735.238     0.000     0.00    0.00
 -36448.417     0.000     0.00    0.00
 -36161.573     0.366     1.27    1.95
 -35874.707     2.312     6.78    5.98
 -35587.818     5.505    11.13    9.73
 -35300.907     9.914    15.37   13.31
 -35013.974    15.130    18.18   16.02
 -34727.018    21.892    23.56   18.23
 -34440.039    28.626    23.46   17.89
 -34153.038    33.763    17.90   17.39
 -33866.015    37.781    14.00   16.84
 -33578.969    41.596    13.29   15.13
 -33291.900    44.913    11.56   12.98
 -33004.809    47.075     7.53   11.30
 -32717.695    47.457     1.33   10.40
 -32430.559    46.510    -3.30   12.20
 -32143.400    45.875    -2.21   14.13
 -31856.219    45.117    -2.64   16.46
 -31569.015    44.489    -2.19   17.45
 -31281.789    43.674    -2.84   17.98
 -30994.540    43.181    -1.72   17.76
 -30707.269    42.740    -1.54   17.79
 -30419.975    42.926     0.65   16.34
 -30132.658    42.967     0.14   15.01
 -29845.319    43.554     2.04   13.62
 -29557.957    43.505    -0.17   13.42
 -29270.572    43.716     0.73   13.24
 -28983.165    43.926     0.73   12.49
 -28695.736    45.077     4.00   10.59
 -28408.284    45.946     3.02    9.13
 -28120.809    45.849    -0.34    8.00
 -27833.311    45.441    -1.42    7.53
 -27545.791    45.500     0.21    7.10
 -27258.248    43.924    -5.48    9.28
 -26970.683    41.511    -8.39   11.70
 -26683.095    38.593   -10.14   13.36
 -26395.484    35.275   -11.54   15.34
 -26107.851    32.167   -10.81   16.32
 -25820.195    28.967   -11.12   17.03
 -25532.516    26.011   -10.27   17.19
 -25244.815    22.467   -12.32   17.04
 -24957.091    19.200   -11.35   16.69
 -24669.344    16.681    -8.75   15.68
 -24381.574    13.615   -10.65   14.16
 -24093.782    11.730    -6.55   13.00
 -23805.967     9.056    -9.29    9.60
 -23518.130     7.011    -7.10    5.60
 -23230.270     6.207    -2.80    3.23
 -22942.387     5.967    -0.83    1.53
 -22654.481     6.087     0.42    1.48
 -22366.553     6.278     0.66    1.47
 -22078.601     6.278     0.00    1.60
 -21790.627     6.207    -0.25    1.46
 -21502.631     6.396     0.66    1.58
 -21214.611     6.674     0.97    1.74
 -20926.569     6.944     0.94    1.83
 -20638.504     7.244     1.04    1.73
 -20350.416     7.356     0.39    1.74
 -20062.306     7.359     0.01    1.88
 -19774.173     7.304    -0.19    2.03
 -19486.017     6.878    -1.48    2.11
 -19197.838     6.522    -1.23    2.03
 -18909.636     6.056    -1.62    1.83
 -18621.412     5.747    -1.07    1.65
 -18333.164     5.444    -1.05    1.41
 -18044.894     5.402    -0.15    1.43
 -17756.601     5.256    -0.51    1.43
 -17468.285     5.200    -0.19    1.40
 -17179.947     5.075    -0.43    1.51
 -16891.585     4.758    -1.10    1.54
 -16603.201     4.634    -0.43    1.45
 -16314.794     4.261    -1.30    1.78
 -16026.364     3.903    -1.24    2.12
 -15737.911     3.387    -1.79    2.44
 -15449.435     3.065    -1.12    2.38
 -15160.937     2.750    -1.09    2.52
 -14872.415     2.074    -2.34    2.45
 -14583.871     1.366    -2.46    2.08
 -14295.304     0.957    -1.42    1.73
 -14006.713     0.745    -0.74    1.57
 -13718.100     0.474    -0.94    1.34
 -13429.464     0.043    -1.49    0.33
 -13140.806     0.000    -0.15    0.00
 -12852.124     0.000     0.00    0.00
 -12563.419     0.000     0.00    0.00
 -12274.691     0.000     0.00    0.00
 -11985.941     0.000     0.00    0.00
 -11697.167     0.000     0.00    0.00
 -11408.371     0.000     0.00    0.00
 -11119.551     0.000     0.00    0.00
 -10830.709     0.000     0.00    0.00
 -10541.843     0.000     0.00    0.00
 -10252.955     0.000     0.00    0.00
  -9964.044     0.000     0.00    0.00
  -9675.109     0.000     0.00    0.00
  -9386.152     0.000     0.00    0.00
  -9097.172     0.000     0.00    0.00
  -8808.168     0.000     0.00    0.00
  -8519.142     0.000     0.00    0.00
  -8230.093     0.000     0.00    0.00
  -7941.020     0.000     0.00    0.00
  -7651.925     0.000     0.00    0.00
  -7362.807     0.000     0.00    0.00
  -7073.665     0.000     0.00    0.00
  -6784.501     0.000     0.00    0.00
  -6495.313     0.000     0.00    0.00
  -6206.103     0.000     0.00    0.00
  -5916.869     0.000     0.00    0.00
  -5627.612     0.000     0.00    0.00
  -5338.332     0.000     0.00    0.00
  -5049.030     0.000     0.00    0.00
  -4759.704     0.000     0.00    0.00
  -4470.355     0.000     0.00    0.00
  -4180.982     0.000     0.00    0.00
  -3891.587     0.000     0.00    0.00
  -3602.169     0.000     0.00    0.00
  -3312.727     0.000     0.00    0.00
  -3023.263     0.000     0.00    0.00
  -2733.775     0.000     0.00    0.00
  -2444.264     0.000     0.00    0.00
  -2154.730     0.000     0.00    0.00
  -1865.173     0.000     0.00    0.00
  -1575.593     0.000     0.00    0.00
  -1285.990     0.000     0.00    0.00
   -996.363     0.000     0.00    0.00
   -708.266     0.000     0.00    0.00
   -423.475     0.000     0.00    0.00
   -138.662     0.000     0.00    0.00
    146.173     0.000     0.00    0.00
    431.029     0.000     0.00    0.00
    715.908     0.000     0.00    0.00
   1000.809     0.000     0.00    0.00
   1285.732     0.261     0.92    1.14
   1570.677     0.789     1.85    1.82
   1855.644     1.422     2.22    2.27
   2140.634     2.200     2.73    2.66
   2425.645     2.391     0.67    2.66
   2710.678     2.793     1.41    2.65
   2995.734     3.578     2.75    2.83
   3280.811     4.444     3.04    2.91
   3565.911     4.758     1.10    3.04
   3851.032     5.283     1.84    3.07
   4136.176     5.387     0.37    3.03
   4421.342     7.547     7.58    6.80
   4706.530     9.731     7.66    9.82
   4991.740    13.075    11.73   12.64
   5276.973    16.589    12.32   14.50
   5562.227    19.906    11.63   15.43
   5847.503    23.548    12.77   15.41
   6132.802    27.548    14.02   14.37
   6418.123    30.957    11.95   12.61
   6703.466    33.208     7.89   10.54
   6988.831    35.125     6.72    7.84
   7274.218    36.895     6.20    2.79
   7559.628    37.086     0.67    1.72
   7845.059    37.204     0.41    1.91
   8130.513    36.989    -0.75    2.11
   8415.989    36.688    -1.06    2.19
   8701.487    36.204    -1.69    2.43
   8987.008    35.796    -1.43    2.56
   9272.550    35.076    -2.52    2.53
   9558.115    34.209    -3.04    2.44
   9843.702    33.286    -3.23    2.32
  10129.311    32.231    -3.69    2.27
  10414.942    31.400    -2.91    2.66
  10700.596    30.843    -1.95    2.98
  10986.272    30.511    -1.16    3.63
  11271.970    30.692     0.64    3.68
  11557.690    31.239     1.91    3.67
  11843.433    32.156     3.21    3.27
  12129.198    33.022     3.03    2.82
  12414.985    33.989     3.38    2.63
  12700.794    35.209     4.27    2.66
  12986.626    36.747     5.38    3.15
  13272.480    38.267     5.32    3.56
  13558.356    39.582     4.60    3.64
  13844.255    41.183     5.60    3.73
  14130.176    42.804     5.67    3.52
  14416.119    44.085     4.48    3.11
  14702.084    45.355     4.44    2.87
  14988.072    46.473     3.91    2.73
  15274.082    47.568     3.83    2.55
  15560.114    48.750     4.13    2.18
  15846.169    49.568     2.86    1.85
  16132.246    50.065     1.73    1.60
  16418.345    50.202     0.48    1.51
  16704.467    50.208     0.02    1.56
  16990.611    50.072    -0.48    1.65
  17276.777    49.660    -1.44    1.94
  17562.966    48.935    -2.53    2.31
  17849.177    48.011    -3.23    2.71
  18135.411    46.708    -4.55    3.18
  18421.667    45.474    -4.31    3.61
  18707.945    43.779    -5.92    3.71
  18994.246    41.935    -6.44    3.82
  19280.569    40.213    -6.02    3.93
  19566.914    38.151    -7.20    4.05
  19853.282    35.880    -7.93    4.40
  20139.672    33.600    -7.96    4.96
  20426.085    31.000    -9.08    5.31
  20712.520    28.228    -9.68    5.27
  20998.977    26.022    -7.70    4.53
  21285.457    24.419    -5.59    3.24
  21571.960    25.500     3.77    6.29
  21858.485    30.056    15.90   12.51
  22145.032    35.978    20.67   16.41
  22431.602    41.685    19.91   16.65
  22718.194    46.826    17.94   15.44
  23004.808    51.511    16.35   12.56
  23291.446    54.800    11.47    9.29
  23578.105    56.870     7.22    7.56
  23864.787    58.363     5.21    6.33
  24151.492    59.656     4.51    5.42
  24438.219    61.407     6.11    3.76
  24724.968    62.659     4.37    2.93
  25011.741    63.849     4.15    3.12
  25298.535    64.883     3.60    3.36
  25585.352    65.817     3.26    3.48
  25872.192    67.000     4.12    3.22
  26159.054    68.118     3.90    3.00
  26445.939    69.147     3.59    2.73
  26732.846    70.229     3.77    2.77
  27019.776    70.947     2.50    2.86
  27306.728    71.828     3.07    2.63
  27593.703    72.702     3.05    2.34
  27880.700    73.615     3.18    1.99
  28167.720    74.219     2.11    1.70
  28454.763    74.787     1.98    1.73
  28741.828    75.200     1.44    1.65
  29028.916    75.621     1.47    1.55
  29316.026    75.833     0.74    1.53
  29603.159    75.917     0.29    1.59
  29890.314    75.713    -0.71    1.71
  30177.492    75.280    -1.51    1.97
  30464.693    74.315    -3.36    2.68
  30751.916    74.043    -0.95    2.96
  31039.162    74.109     0.23    3.09
  31326.431    74.261     0.53    3.24
  31613.722    75.176     3.18    3.17
  31901.036    75.957     2.72    3.01
  32188.373    77.065     3.86    2.52
  32475.732    77.860     2.77    2.27
  32763.114    78.289     1.49    1.91
  33050.518    78.644     1.24    2.02
  33337.945    78.903     0.90    2.17
  33625.395    79.087     0.64    2.23
  33912.867    79.337     0.87    2.24
  34200.363    79.478     0.49    2.17
  34487.881    79.611     0.46    1.95
  34775.421    79.674     0.22    1.82
  35062.984    79.304    -1.29    1.86
  35350.570    78.804    -1.74    1.86
  35638.179    78.278    -1.83    1.87
  35925.810    77.815    -1.61    1.97
  36213.465    77.283    -1.85    1.87
  36501.141    76.761    -1.81    1.64
  36788.841    76.111    -2.26    1.38
  37076.563    75.733    -1.31    1.37
  37364.308    75.426    -1.07    1.25
  37652.076    75.141    -0.99    1.15
  37939.867    75.194     0.18    1.39
  38227.680    75.269     0.26    1.58
  38515.516    75.172    -0.34    1.77
  38803.375    74.871    -1.05    1.97
  39091.257    74.438    -1.51    2.21
  39379.161    74.011    -1.48    2.36
  39667.089    73.404    -2.11    2.13
  39955.039    72.649    -2.62    1.62
  40243.012    72.125    -1.82    1.42
  40531.007    72.042    -0.29    1.38
  40819.026    72.096     0.19    1.34
  41107.067    72.053    -0.15    1.21
  41395.131    72.160     0.37    1.33
  41683.218    72.309     0.52    1.36
  41971.328    72.427     0.41    1.44
  42259.461    72.394    -0.12    1.43
  42547.616    72.194    -0.69    1.45
  42835.794    72.032    -0.56    1.50
  43123.996    71.948    -0.29    1.60
  43412.220    71.589    -1.24    1.63
  43700.467    71.106    -1.68    1.69
  43988.737    70.245    -2.99    2.21
  44277.029    69.442    -2.78    2.65
  44565.345    68.438    -3.48    2.95
  44853.683    67.179    -4.37    3.09
  45142.045    65.871    -4.54    2.79
  45430.429    64.758    -3.86    2.30
  45718.836    63.720    -3.60    2.09
  46007.266    63.054    -2.31    2.01
  46295.719    62.326    -2.52    1.59
  46584.195    61.868    -1.59    1.31
  46872.694    61.645    -0.77    1.22
  47161.216    61.348    -1.03    1.06
  47449.761    61.258    -0.31    1.08
  47738.329    61.233    -0.09    1.15
  48026.920    61.178    -0.19    1.08
  48315.533    61.086    -0.32    1.08
  48604.170    61.033    -0.19    1.06
  48892.830    60.935    -0.34    1.11
  49181.512    60.744    -0.66    1.12
  49470.218    60.533    -0.73    1.09
  49758.947    60.447    -0.30    1.09
  50047.698    60.435    -0.04    1.05
  50336.473    60.456     0.07    1.14
  50625.270    60.505     0.17    1.15
  50914.091    60.783     0.96    1.23
  51202.935    61.022     0.83    1.33
  51491.801    61.359     1.17    1.38
  51780.691    61.489     0.45    1.43
  52069.604    61.725     0.82    1.51
  52358.540    62.261     1.85    1.88
  52647.499    63.141     3.05    2.59
  52936.480    63.868     2.52    2.81
  53225.485    64.622     2.61    2.66
  53514.513    65.258     2.20    2.38
  53803.565    65.772     1.78    2.03
  54092.639    66.043     0.94    1.70
  54381.736    66.163     0.42    1.40
  54670.857    66.239     0.26    1.49
  54960.000    66.570     1.14    1.78
  55249.167    66.957     1.34    1.92
  55538.356    67.526     1.97    1.87
  55827.569    67.935     1.41    1.89
  56116.805    68.215     0.97    1.71
  56406.064    68.406     0.66    1.49
  56695.346    68.526     0.42    1.33
  56984.652    69.084     1.93    1.60
  57273.980    69.532     1.55    1.61
  57563.332    70.042     1.76    1.47
  57852.707    70.646     2.09    1.58
  58142.104    71.160     1.78    1.65
  58431.526    71.798     2.21    1.72
  58720.970    72.617     2.83    2.00
  59010.437    73.667     3.63    2.57
  59299.928    74.887     4.21    3.07
  59589.442    76.340     5.02    3.72
  59878.979    78.181     6.36    4.26
  60168.539    80.181     6.91    4.82
  60458.123    82.344     7.47    5.17
  60747.729    85.011     9.21    5.61
  61037.359    87.511     8.63    5.55
  61324.333    89.840     8.12    5.12
  61609.107    91.812     6.93    4.63
  61893.903    93.521     6.00    3.83
  62178.722    94.737     4.27    3.33
  62463.562    95.796     3.72    3.24
  62748.424    96.800     3.53    3.04
  63033.309    97.641     2.95    2.85
  63318.215    98.473     2.92    2.42
  63603.144    99.144     2.36    1.81
  63888.094    99.286     0.50    1.87
  64173.067    98.806    -1.68    2.52
  64458.062    97.947    -3.02    3.24
  64743.079    96.815    -3.97    3.63
  65028.118    95.800    -3.56    3.60
  65313.180    94.806    -3.49    3.37
  65598.263    94.174    -2.22    3.37
  65883.369    94.355     0.63    4.01
  66168.497    94.868     1.80    4.70
  66453.646    96.042     4.12    4.98
  66738.818    97.387     4.72    5.22
  67024.013    98.573     4.16    5.33
  67309.229    99.766     4.18    4.91
  67594.468   100.621     3.00    4.58
  67879.728   101.295     2.36    4.27
  68165.011   101.196    -0.35    4.15
  68450.316   100.937    -0.91    4.13
  68735.644   100.710    -0.80    4.09
  69020.993   100.457    -0.88    4.25
  69306.365    99.812    -2.26    4.48
  69591.759    99.333    -1.68    4.50
  69877.175    99.453     0.42    4.58
  70162.613    99.280    -0.61    4.38
  70448.074    99.295     0.05    4.54
  70733.556    99.837     1.90    4.40
  71019.061   100.591     2.64    3.84
  71304.589   101.111     1.82    3.50
  71590.138   101.183     0.25    3.04
  71875.710   100.731    -1.58    2.97
  72161.304   100.021    -2.49    3.18
  72446.920    98.707    -4.60    3.59
  72732.559    96.778    -6.75    4.27
  73018.220    94.290    -8.71    4.91
  73303.903    91.424   -10.03    6.12
  73589.608    87.677   -13.11    8.04
  73875.336    83.253   -15.49    9.19
  74161.086    78.745   -15.78    9.65
  74446.858    74.340   -15.41    9.49
  74732.653    70.653   -12.90    8.33
  75018.470    67.011   -12.74    6.61
  75304.309    64.277    -9.57    5.04
  75590.171    62.406    -6.54    4.05
  75876.055    61.208    -4.19    3.30
  76161.961    60.202    -3.52    2.27
  76447.890    59.581    -2.17    1.73
  76733.841    59.042    -1.88    1.39
  77019.814    58.688    -1.24    1.28
  77305.810    58.105    -2.04    2.04
  77591.828    57.149    -3.34    3.10
  77877.868    55.421    -6.04    5.74
  78163.931    52.283   -10.97    9.18
  78450.016    48.053   -14.78   11.24
  78736.124    43.809   -14.84   11.69
  79022.254    39.433   -15.29   10.65
  79308.406    36.172   -11.40    8.38
  79594.581    34.223    -6.81    5.57
  79880.778    34.022    -0.70    4.40
  80166.997    36.678     9.28    6.73
  80453.239    39.750    10.73    8.58
  80739.504    43.372    12.65    9.59
  81025.791    47.376    13.99    9.57
  81312.100    50.714    11.66    8.71
  81598.432    54.056    11.67    7.17
  81884.786    57.129    10.73    5.03
  82171.162    58.696     5.47    5.00
  82457.562    60.053     4.74    5.36
  82743.983    61.591     5.37    5.25
  83030.427    63.156     5.46    4.75
  83316.894    64.438     4.47    4.49
  83603.383    65.653     4.24    3.96
  83889.894    66.809     4.03    3.54
  84176.428    67.495     2.40    3.16
  84462.985    68.115     2.16    2.70
  84749.564    68.505     1.36    2.38
  85036.165    68.713     0.72    2.04
  85322.789    68.681    -0.11    1.80
  85609.436    68.344    -1.18    1.81
  85896.105    67.885    -1.60    1.89
  86182.796    67.621    -0.92    2.04
  86469.510    67.258    -1.27    2.32
  86756.247    66.448    -2.83    2.74
  87043.006    65.564    -3.08    2.77
  87329.788    64.747    -2.85    2.87
  87616.592    63.923    -2.87    2.82
  87903.419    63.330    -2.07    2.72
  88190.269    62.570    -2.65    2.79
  88477.141    62.140    -1.50    2.93
  88764.035    61.161    -3.41    3.12
  89050.953    60.267    -3.12    3.46
  89337.893    59.891    -1.31    3.59
  89624.855    59.426    -1.62    3.63
  89911.840    59.359    -0.23    3.29
  90198.848    59.633     0.96    2.80
  90485.878    59.763     0.45    2.62
  90772.931    60.161     1.39    2.10
  91060.006    59.914    -0.86    2.08
  91347.104    59.622    -1.02    1.91
  91634.225    58.957    -2.32    2.12
  91921.369    57.989    -3.37    2.43
  92208.535    57.319    -2.33    2.42
  92495.723    56.400    -3.20    2.42
  92782.935    55.558    -2.93    3.03
  93070.169    54.979    -2.01    3.17
  93357.426    54.208    -2.68    3.50
  93644.705    54.042    -0.58    3.23
  93932.007    54.253     0.73    3.37
  94219.332    54.421     0.59    3.69
  94506.679    55.071     2.26    4.20
  94794.050    55.737     2.32    4.89
  95081.443    56.905     4.07    5.32
  95368.858    58.189     4.47    5.38
  95656.296    59.281     3.80    5.51
  95943.758    60.573     4.49    5.45
  96231.241    61.495     3.21    5.47
  96518.748    62.832     4.65    5.02
  96806.277    64.355     5.30    4.07
  97093.829    65.426     3.72    3.40
  97381.404    66.344     3.19    2.78
  97669.001    67.333     3.44    2.17
  97956.622    68.011     2.36    2.15
  98244.265    68.323     1.08    2.24
  98531.931    68.688     1.27    2.14
  98819.619    69.033     1.20    2.04
  99107.331    69.120     0.30    1.86
  99395.065    68.947    -0.60    1.75
  99682.822    68.837    -0.38    1.63
  99970.602    68.700    -0.48    1.62
 100258.404    68.500    -0.69    1.73
 100546.230    68.065    -1.51    2.03
 100834.078    67.505    -1.94    2.35
 101121.949    67.078    -1.49    2.54
 101409.843    66.495    -2.03    2.66
 101697.760    66.011    -1.68    2.76
 101985.699    65.362    -2.25    2.86
 102273.662    64.553    -2.81    2.79
 102561.647    63.926    -2.18    2.79
 102849.655    63.484    -1.54    2.62
 103137.686    62.969    -1.79    2.61
 103425.740    62.284    -2.38    2.31
 103713.817    61.915    -1.28    2.20
 104001.917    61.389    -1.82    2.21
 104290.039    60.771    -2.15    2.25
 104578.185    60.179    -2.05    2.53
 104866.353    59.505    -2.34    2.77
 105154.544    58.819    -2.38    3.41
 105442.759    58.104    -2.48    3.95
 105730.996    57.175    -3.22    4.22
 106019.256    56.642    -1.85    4.78
 106307.539    56.053    -2.04    4.88
 106595.845    55.177    -3.04    4.95
 106884.173    54.312    -3.00    4.79
 107172.525    53.937    -1.30    4.59
 107460.900    53.189    -2.59    4.20
 107749.298    51.849    -4.65    3.95
 108037.718    50.564    -4.46    3.90
 108326.162    49.796    -2.66    3.94
 108614.629    48.565    -4.27    4.20
 108903.118    47.355    -4.20    4.03
 109191.631    46.312    -3.62    4.03
 109480.166    45.446    -3.00    4.02
 109768.725    44.956    -1.70    3.82
 110057.307    44.839    -0.40    3.59
 110345.911    44.926     0.30    3.22
 110634.539    44.783    -0.50    2.80
 110923.190    44.500    -0.98    2.61
 111211.863    43.793    -2.45    2.76
 111500.560    42.691    -3.82    2.99
 111789.280    41.293    -4.84    3.53
 112078.022    39.933    -4.71    3.64
 112366.788    38.574    -4.71    3.73
 112655.577    37.355    -4.22    3.72
 112944.389    36.247    -3.84    3.72
 113233.224    34.900    -4.67    3.49
 113522.082    34.394    -1.75    3.38
 113810.964    33.979    -1.44    3.56
 114099.868    33.989     0.04    3.52
 114388.795    34.221     0.80    3.46
 114677.746    34.284     0.22    3.52
 114966.719    34.811     1.82    3.28
 115255.716    35.125     1.09    2.86
 115544.736    35.200     0.26    2.61
 115833.779    35.095    -0.36    2.49
 116122.845    34.823    -0.94    2.24
 116411.934    34.208    -2.13    2.53
 116701.047    33.442    -2.65    2.85
 116990.182    32.146    -4.48    3.03
 117279.341    30.711    -4.96    3.03
 117568.523    29.479    -4.26    2.83
 117857.728    28.295    -4.10    2.88
 118146.956    27.052    -4.30    2.60
 118436.207    25.667    -4.79    2.63
 118725.482    24.250    -4.90    2.89
 119014.779    23.179    -3.70    2.75
 119304.100    22.621    -1.93    2.63
 119593.444    22.105    -1.78    2.64
 119882.812    21.635    -1.62    2.75
 120172.202    21.698     0.22    2.92
 120461.616    21.851     0.53    2.97
 120751.053    22.073     0.77    2.89
 121040.513    22.096     0.08    2.76
 121329.996    22.147     0.18    2.61
 121619.503    22.396     0.86    2.68
 121909.033    23.172     2.68    3.02
 122198.586    24.293     3.87    3.00
 122488.163    25.796     5.19    2.84
 122777.762    27.078     4.43    2.82
 123067.385    28.213     3.92    3.03
 123353.296    29.372     4.06    3.20
 123638.070    30.717     4.72    3.36
 123922.866    32.121     4.93    3.55
 124207.684    33.859     6.10    3.57
 124492.524    35.340     5.20    3.54
 124777.387    36.624     4.51    3.27
 125062.271    37.429     2.83    2.85
 125347.178    37.474     0.16    2.78
 125632.107    36.811    -2.33    3.18
 125917.058    35.729    -3.80    3.61
 126202.031    33.760    -6.91    4.59
 126487.026    32.135    -5.70    4.15
 126772.044    31.041    -3.84    3.38
 127057.083    30.500    -1.90    2.81
 127342.145    30.760     0.91    2.95
 127627.229    31.863     3.87    3.60
 127912.335    33.312     5.08    4.01
 128197.463    34.968     5.81    3.93
 128482.614    36.526     5.46    4.18
 128767.786    38.202     5.88    4.39
 129052.981    40.183     6.95    4.63
 129338.198    42.691     8.80    4.73
 129623.437    45.165     8.67    4.64
 129908.699    47.489     8.15    4.65
 130193.982    50.074     9.06    4.68
 130479.288    52.720     9.28    4.68
 130764.616    54.967     7.87    4.73
 131049.967    57.380     8.46    4.85
 131335.339    59.989     9.14    4.95
 131620.734    62.653     9.33    5.20
 131906.151    65.379     9.55    5.59
 132191.591    68.542    11.08    6.51
 132477.052    72.083    12.41    8.71
 132762.536    76.510    15.51   10.49
 133048.042    82.768    21.92   13.85
 133333.571    91.316    29.94   17.73
 133619.122    99.443    28.47   19.99
 133904.695   106.615    25.11   20.07
 134190.290   112.895    21.99   19.31
 134475.908   116.872    13.93   16.66
 134761.548   116.747    -0.44   15.88
 135047.210   114.167    -9.04   16.88
 135332.894   110.163   -14.02   16.38
 135618.601   105.699   -15.63   15.88
 135904.330   100.787   -17.19   15.95
 136190.082    95.774   -17.55   16.41
 136475.856    92.315   -12.11   16.40
 136761.652    91.283    -3.61   15.93
 137047.471    90.468    -2.85   14.78
 137333.312    90.312    -0.55   12.59
 137619.175    89.286    -3.59   11.05
 137905.061    86.505    -9.73   11.57
 138190.969    82.255   -14.87   14.32
 138476.899    75.516   -23.57   17.74
 138762.852    68.021   -26.21   19.13
 139048.827    59.500   -29.80   17.89
 139334.825    52.875   -23.17   15.14
 139620.845    46.573   -22.04   11.60
 139906.887    41.677   -17.12    7.95
 140192.952    38.479   -11.18    5.32
 140479.039    36.175    -8.05    3.99
 140765.149    34.427    -6.11    3.54
 141051.281    32.670    -6.14    3.95
 141337.436    32.156    -1.80    3.74
 141623.613    31.990    -0.58    3.91
 141909.812    32.177     0.66    4.11
 142196.034    32.637     1.61    4.36
 142482.278    33.323     2.39    4.24
 142768.545    32.914    -1.43    6.15
 143054.834    31.000    -6.69    9.31
 143341.146    27.333   -12.81   11.42
 143627.480    23.859   -12.14   11.98
 143913.837    20.094   -13.15   11.41
 144200.216    16.419   -12.83    9.21
 144486.618    13.767    -9.26    5.71
 144773.042    12.202    -5.46    1.13
 145059.489    12.359     0.55    1.28
 145345.958    12.457     0.34    1.24
 145632.450    12.613     0.54    1.50
 145918.964    12.615     0.01    1.63
 146205.501    12.646     0.11    1.60
 146492.060    12.479    -0.58    1.68
 146778.642    12.167    -1.09    1.60
 147065.247    12.258     0.32    1.47
 147351.874    12.505     0.86    1.53
 147638.523    12.674     0.59    1.58
 147925.195    13.052     1.32    1.72
 148211.890    13.323     0.94    1.69
 148498.607    13.531     0.73    1.67
 148785.347    13.792     0.91    1.54
 149072.109    14.000     0.73    1.52
 149358.894    13.969    -0.11    1.57
 149645.702    13.833    -0.47    1.78
 149932.532    13.710    -0.43    1.94
 150219.385    13.533    -0.62    2.32
 150506.261    13.624     0.32    2.57
 150793.159    13.882     0.90    3.35
 151080.079    14.161     0.97    3.40
 151367.023    14.435     0.95    3.74
 151653.989    14.915     1.67    3.94
 151940.977    15.032     0.41    3.58
 152227.989    14.725    -1.07    3.13
 152515.022    14.151    -2.00    2.63
 152802.079    13.606    -1.90    2.47
 153089.158    13.379    -0.79    2.38
 153376.260    13.200    -0.62    2.15
 153663.385    12.562    -2.22    2.06
 153950.532    12.396    -0.58    2.10
 154237.702    12.144    -0.88    1.96
 154524.895    11.906    -0.83    1.94
 154812.110    11.546    -1.25    2.00
 155099.348    11.296    -0.87    1.98
 155386.609    11.260    -0.12    2.06
 155673.892    11.323     0.22    2.31
 155961.199    10.969    -1.23    2.47
 156248.528    10.615    -1.23    2.74
 156535.879    10.474    -0.49    2.91
 156823.254     9.800    -2.34    3.32
 157110.651     8.812    -3.44    3.50
 157398.071     7.904    -3.16    3.22
 157685.513     7.366    -1.87    3.05
 157972.979     7.152    -0.74    3.13
 158260.467     6.903    -0.87    3.04
 158547.978     6.882    -0.07    3.05
 158835.512     7.032     0.52    2.97
 159123.068     7.359     1.14    2.90
 159410.648     7.851     1.71    2.99
 159698.250     8.634     2.72    3.06
 159985.875     9.370     2.56    3.18
 160273.523    10.174     2.80    3.13
 160561.193    10.280     0.37    3.09
 160848.887    10.774     1.72    3.06
