#   23.018   0.025   1.767 ;Mean Elev.(m), Avg Gradient(m/km), RMS Gradient(m/km) - SRTM1     
#   21.596   0.150   3.513 ;Mean Elev.(m), Avg Gradient(m/km), RMS Gradient(m/km) - ASTER GDEM
#   23.199  -0.199   2.711 ;Mean Elev.(m), Avg Gradient(m/km), RMS Gradient(m/km) - GMTED2010 
   2    28.408 54672.20512341 37.40  49.153614  53.206183   -100 -100.00 -100.00 -100.00
   2    28.377 54672.20512400 32.90  49.156461  53.208186 19.411 -100.00 -100.00 -100.00
   2    28.343 54672.20512459 34.03  49.159308  53.210189 25.306 -100.00 -100.00 -100.00
   2    28.628 54672.20512518 37.06  49.162156  53.212192 32.513 -100.00 -100.00 -100.00
   3     0.226 54682.12076724 11.77  49.152931  53.208034  2.926 -100.00 -100.00 -100.00
   3     0.745 54682.12076783 11.89  49.155778  53.210037  2.851 -100.00 -100.00 -100.00
   3     1.302 54682.12076842 11.92  49.158625  53.212040  2.434 -100.00 -100.00 -100.00
   4    29.164 54692.03640951 44.77  49.152890  53.207781 19.108 -100.00 -100.00 -100.00
   4    28.867 54692.03641010 47.33  49.155737  53.209784 28.388 -100.00 -100.00 -100.00
   4    29.202 54692.03641069 45.23  49.158584  53.211787 22.817 -100.00 -100.00 -100.00
   5     1.245 54701.95204970 16.31  49.156901  53.207458  3.058 -100.00 -100.00 -100.00
   5     5.609 54701.95205029 16.68  49.159747  53.209461  3.484 -100.00 -100.00 -100.00
   5     8.882 54701.95205088 16.77  49.162594  53.211464  2.520 -100.00 -100.00 -100.00
   6    28.682 54711.86769694 37.07  49.156709  53.204856   -100 -100.00 -100.00 -100.00
   6    28.407 54711.86769753 32.97  49.159555  53.206860   -100 -100.00 -100.00 -100.00
   6    28.575 54711.86769812 33.82  49.162402  53.208863 32.295 -100.00 -100.00 -100.00
   6    28.513 54711.86769871 37.15  49.165249  53.210866   -100 -100.00 -100.00 -100.00
   7    29.186 54721.78334806 43.43  49.157703  53.205368   -100 -100.00 -100.00 -100.00
   7    28.997 54721.78334865 46.11  49.160550  53.207371 32.032 -100.00 -100.00 -100.00
   7    29.610 54721.78334924 46.68  49.163397  53.209374 29.729 -100.00 -100.00 -100.00
   8    28.513 54731.69899648 42.31  49.155707  53.205882 20.292 -100.00 -100.00 -100.00
   8    28.468 54731.69899707 43.87  49.158554  53.207885   -100 -100.00 -100.00 -100.00
   8    28.439 54731.69899766 45.31  49.161401  53.209888   -100 -100.00 -100.00 -100.00
   9    28.535 54741.61464370 41.84  49.154116  53.207907 26.173 -100.00 -100.00 -100.00
   9    28.751 54741.61464429 40.42  49.156963  53.209910 20.043 -100.00 -100.00 -100.00
   9    28.569 54741.61464488 44.71  49.159811  53.211913   -100 -100.00 -100.00 -100.00
  10    28.732 54751.53029041 42.94  49.151394  53.207573   -100 -100.00 -100.00 -100.00
  10    28.703 54751.53029100 31.26  49.154242  53.209576 32.000 -100.00 -100.00 -100.00
  10    28.706 54751.53029159 28.19  49.157089  53.211579 21.683 -100.00 -100.00 -100.00
  10    28.620 54751.53029218 32.30  49.159937  53.213582   -100 -100.00 -100.00 -100.00
  11    28.653 54761.44593765 33.82  49.153518  53.208786   -100 -100.00 -100.00 -100.00
  11    28.346 54761.44593824 30.58  49.156366  53.210790 27.399 -100.00 -100.00 -100.00
  11    28.421 54761.44593883 31.63  49.159213  53.212793 30.890 -100.00 -100.00 -100.00
  12    28.681 54771.36158219 30.59  49.155783  53.208206 18.151 -100.00 -100.00 -100.00
  12    28.609 54771.36158278 29.84  49.158631  53.210209 17.825 -100.00 -100.00 -100.00
  12    28.524 54771.36158337 35.16  49.161479  53.212212   -100 -100.00 -100.00 -100.00
  13    28.650 54781.27722314 34.02  49.155963  53.206266 30.551 -100.00 -100.00 -100.00
  13    28.242 54781.27722373 30.09  49.158810  53.208269 17.313 -100.00 -100.00 -100.00
  13    28.578 54781.27722432 32.76  49.161658  53.210272 26.507 -100.00 -100.00 -100.00
  14    28.865 54791.19286180 33.39  49.157469  53.206069   -100 -100.00 -100.00 -100.00
  14    28.734 54791.19286239 31.97  49.160317  53.208072 32.566 -100.00 -100.00 -100.00
  14    28.759 54791.19286298 36.52  49.163165  53.210075   -100 -100.00 -100.00 -100.00
  15    28.875 54801.10849882 43.76  49.155932  53.205193 10.936 -100.00 -100.00 -100.00
  15    28.867 54801.10849941 34.84  49.158779  53.207197   -100 -100.00 -100.00 -100.00
  15    28.847 54801.10850000 45.08  49.161627  53.209200 27.128 -100.00 -100.00 -100.00
  15    29.284 54801.10850059 43.77  49.164475  53.211203   -100 -100.00 -100.00 -100.00
  16    28.808 54811.02413627 33.16  49.157028  53.205917 25.433 -100.00 -100.00 -100.00
  16    28.472 54811.02413686 35.62  49.159876  53.207920   -100 -100.00 -100.00 -100.00
  16    28.743 54811.02413745 36.73  49.162723  53.209923   -100 -100.00 -100.00 -100.00
  17    29.254 54820.93977639 44.69  49.156832  53.205410   -100 -100.00 -100.00 -100.00
  17    28.910 54820.93977698 47.11  49.159679  53.207414  4.455 -100.00 -100.00 -100.00
  17    28.972 54820.93977757 50.15  49.162527  53.209417 18.418 -100.00 -100.00 -100.00
  18    29.648 54830.85542825 42.82  49.155026  53.205284 22.023 -100.00 -100.00 -100.00
  18    29.304 54830.85542884 43.54  49.157873  53.207287   -100 -100.00 -100.00 -100.00
  18    29.146 54830.85542943 43.70  49.160720  53.209290 30.523 -100.00 -100.00 -100.00
  18    29.170 54830.85543002 42.58  49.163567  53.211294 32.542 -100.00 -100.00 -100.00
  19    28.873 54840.77106699 37.19  49.153695  53.206668 16.937 -100.00 -100.00 -100.00
  19    28.846 54840.77106758 35.52  49.156542  53.208671 12.827 -100.00 -100.00 -100.00
  19    28.778 54840.77106817 37.67  49.159389  53.210675 16.959 -100.00 -100.00 -100.00
  20    28.674 54850.68671627 30.30  49.152072  53.209391  6.916 -100.00 -100.00 -100.00
  20    28.649 54850.68671686 30.78  49.154919  53.211395  7.649 -100.00 -100.00 -100.00
  20    28.633 54850.68671745 31.53  49.157767  53.213398  9.261 -100.00 -100.00 -100.00
  21    28.668 54860.60236461 28.85  49.147611  53.209884  6.745 -100.00 -100.00 -100.00
  21    28.743 54860.60236520 29.37  49.150458  53.211888  7.258 -100.00 -100.00 -100.00
  21    28.848 54860.60236579 29.34  49.153306  53.213891  6.418 -100.00 -100.00 -100.00
  21    28.927 54860.60236638 29.60  49.156154  53.215894  6.965 -100.00 -100.00 -100.00
  22    28.748 54870.51801331 26.41  49.145709  53.210188  6.541 -100.00 -100.00 -100.00
  22    28.816 54870.51801390 26.47  49.148556  53.212192  7.255 -100.00 -100.00 -100.00
  22    28.882 54870.51801449 26.34  49.151404  53.214195  5.795 -100.00 -100.00 -100.00
  22    29.044 54870.51801508 26.29  49.154252  53.216198  6.120 -100.00 -100.00 -100.00
  23    28.674 54880.43366095 24.68  49.147917  53.209753  5.611 -100.00 -100.00 -100.00
  23    28.665 54880.43366154 24.85  49.150765  53.211756  5.277 -100.00 -100.00 -100.00
  23    28.835 54880.43366213 24.50  49.153613  53.213760  5.760 -100.00 -100.00 -100.00
  23    28.888 54880.43366272 24.54  49.156461  53.215763  5.657 -100.00 -100.00 -100.00
  24    28.769 54890.34930533 22.79  49.151878  53.208334  4.653 -100.00 -100.00 -100.00
  24    28.930 54890.34930592 23.12  49.154725  53.210338  5.020 -100.00 -100.00 -100.00
  24    29.146 54890.34930651 23.22  49.157573  53.212341  5.439 -100.00 -100.00 -100.00
  25    28.754 54900.26494680 22.59  49.155483  53.208296  5.897 -100.00 -100.00 -100.00
  25    28.791 54900.26494739 22.48  49.158331  53.210300  5.600 -100.00 -100.00 -100.00
  25    28.892 54900.26494798 23.14  49.161179  53.212303  6.574 -100.00 -100.00 -100.00
  26    28.835 54910.18058541 18.35  49.153213  53.207644  6.248 -100.00 -100.00 -100.00
  26    28.884 54910.18058600 18.47  49.156061  53.209647  6.185 -100.00 -100.00 -100.00
  26    28.869 54910.18058659 18.70  49.158909  53.211650  5.278 -100.00 -100.00 -100.00
  27    28.614 54920.09622307 34.80  49.152061  53.208807 31.268 -100.00 -100.00 -100.00
  27    28.785 54920.09622367 35.89  49.154909  53.210811   -100 -100.00 -100.00 -100.00
  27    28.629 54920.09622426 37.61  49.157757  53.212814   -100 -100.00 -100.00 -100.00
  28    28.796 54930.01185984 28.07  49.150766  53.207415  8.067 -100.00 -100.00 -100.00
  28    28.626 54930.01186043 28.90  49.153613  53.209418  9.668 -100.00 -100.00 -100.00
  28    28.676 54930.01186102 29.81  49.156461  53.211422 12.339 -100.00 -100.00 -100.00
  28    28.959 54930.01186161 31.86  49.159309  53.213425 16.391 -100.00 -100.00 -100.00
  29    29.272 54939.92749600 36.54  49.154910  53.206100   -100 -100.00 -100.00 -100.00
  29    28.984 54939.92749659 34.80  49.157758  53.208104 32.456 -100.00 -100.00 -100.00
  29    29.075 54939.92749718 36.51  49.160605  53.210107   -100 -100.00 -100.00 -100.00
  30    30.738 54949.84313041 57.41  49.159310  53.203768   -100 -100.00 -100.00 -100.00
  30    30.907 54949.84313100 52.09  49.162157  53.205772   -100 -100.00 -100.00 -100.00
  30    30.578 54949.84313159 57.58  49.165004  53.207775 29.532 -100.00 -100.00 -100.00
  30    30.659 54949.84313218 57.40  49.167851  53.209778   -100 -100.00 -100.00 -100.00
  31    29.781 54959.75876893 36.98  49.161108  53.202401 17.636 -100.00 -100.00 -100.00
  31    29.499 54959.75876952 33.83  49.163955  53.204404 11.789 -100.00 -100.00 -100.00
  31    29.609 54959.75877011 33.92  49.166802  53.206407 10.193 -100.00 -100.00 -100.00
  31    29.641 54959.75877070 41.16  49.169649  53.208410 29.660 -100.00 -100.00 -100.00
  32    29.642 54969.67441771 32.55  49.160116  53.204398 23.149 -100.00 -100.00 -100.00
  32    29.336 54969.67441830 33.45  49.162963  53.206402 24.956 -100.00 -100.00 -100.00
  32    29.510 54969.67441889 36.75  49.165810  53.208405   -100 -100.00 -100.00 -100.00
  33    29.587 54979.59006490 53.02  49.155821  53.204843  1.242 -100.00 -100.00 -100.00
  33    29.839 54979.59006549 52.31  49.158668  53.206847   -100 -100.00 -100.00 -100.00
  33    29.666 54979.59006608 54.42  49.161515  53.208850  0.192 -100.00 -100.00 -100.00
  33    29.577 54979.59006667 56.50  49.164362  53.210853 12.053 -100.00 -100.00 -100.00
  34    29.857 54989.50571239 32.85  49.154276  53.206312 29.140 -100.00 -100.00 -100.00
  34    28.999 54989.50571298 29.72  49.157123  53.208315 26.182 -100.00 -100.00 -100.00
  34    29.103 54989.50571357 30.17  49.159970  53.210318 22.769 -100.00 -100.00 -100.00
  35    28.830 54999.42135998 33.57  49.154491  53.207169   -100 -100.00 -100.00 -100.00
  35    28.537 54999.42136057 30.97  49.157338  53.209172 31.553 -100.00 -100.00 -100.00
  35    28.599 54999.42136116 32.42  49.160186  53.211176   -100 -100.00 -100.00 -100.00
  36    28.802 55009.33700547 30.80  49.153710  53.206915 24.060 -100.00 -100.00 -100.00
  36    28.331 55009.33700606 32.78  49.156558  53.208918   -100 -100.00 -100.00 -100.00
  36    28.546 55009.33700665 33.52  49.159405  53.210921   -100 -100.00 -100.00 -100.00
  37    28.838 55019.25264957 32.73  49.154909  53.208067 23.273 -100.00 -100.00 -100.00
  37    28.754 55019.25265016 32.39  49.157757  53.210070 23.771 -100.00 -100.00 -100.00
  37    28.715 55019.25265075 35.62  49.160604  53.212073   -100 -100.00 -100.00 -100.00
  38    28.705 55029.16829171 39.21  49.152234  53.208010   -100 -100.00 -100.00 -100.00
  38    28.737 55029.16829230 32.38  49.155081  53.210013 11.970 -100.00 -100.00 -100.00
  38    28.665 55029.16829290 34.19  49.157929  53.212016 17.405 -100.00 -100.00 -100.00
  39    28.655 55039.08393352 35.09  49.151101  53.209056   -100 -100.00 -100.00 -100.00
  39    28.230 55039.08393411 32.10  49.153948  53.211059   -100 -100.00 -100.00 -100.00
  39    28.412 55039.08393470 33.40  49.156795  53.213062   -100 -100.00 -100.00 -100.00
  40    28.781 55048.99957388 32.55  49.151373  53.208589 28.217 -100.00 -100.00 -100.00
  40    28.314 55048.99957447 33.08  49.154220  53.210592   -100 -100.00 -100.00 -100.00
  40    28.481 55048.99957506 28.89  49.157067  53.212596 21.524 -100.00 -100.00 -100.00
  41    28.542 55058.91521223 32.06  49.154729  53.206849 18.161 -100.00 -100.00 -100.00
  41    28.497 55058.91521282 32.29  49.157576  53.208852 17.937 -100.00 -100.00 -100.00
  41    28.788 55058.91521341 34.22  49.160423  53.210855 22.436 -100.00 -100.00 -100.00
  42    28.623 55068.83085133 41.38  49.158566  53.204781   -100 -100.00 -100.00 -100.00
  42    28.640 55068.83085192 47.57  49.161413  53.206785 27.201 -100.00 -100.00 -100.00
  42    28.661 55068.83085251 48.40  49.164260  53.208788 20.255 -100.00 -100.00 -100.00
  43    28.722 55078.74650133 49.30  49.160317  53.205286   -100 -100.00 -100.00 -100.00
  43    28.608 55078.74650192 51.43  49.163164  53.207289 25.255 -100.00 -100.00 -100.00
  43    28.773 55078.74650251 50.31  49.166011  53.209292  2.178 -100.00 -100.00 -100.00
  44    28.691 55088.66214875 36.53  49.156666  53.205504   -100 -100.00 -100.00 -100.00
  44    28.527 55088.66214934 33.64  49.159513  53.207506   -100 -100.00 -100.00 -100.00
  44    28.625 55088.66214993 32.77  49.162361  53.209509 26.833 -100.00 -100.00 -100.00
  45    28.629 55098.57779494 38.42  49.152206  53.206609  7.544 -100.00 -100.00 -100.00
  45    28.623 55098.57779553 33.03  49.155053  53.208612   -100 -100.00 -100.00 -100.00
  45    28.634 55098.57779612 29.73  49.157900  53.210615 25.725 -100.00 -100.00 -100.00
  45    28.575 55098.57779671 34.39  49.160748  53.212618   -100 -100.00 -100.00 -100.00
  46    28.588 55108.49344128 31.81  49.152091  53.208953 20.945 -100.00 -100.00 -100.00
  46    28.194 55108.49344188 32.46  49.154938  53.210956 26.830 -100.00 -100.00 -100.00
  46    28.515 55108.49344247 30.21  49.157786  53.212959 16.020 -100.00 -100.00 -100.00
  47    28.680 55118.40908609 33.01  49.152532  53.207793   -100 -100.00 -100.00 -100.00
  47    28.251 55118.40908668 30.57  49.155380  53.209796   -100 -100.00 -100.00 -100.00
  47    28.337 55118.40908727 32.90  49.158227  53.211800   -100 -100.00 -100.00 -100.00
  48    28.769 55128.32472844 39.25  49.154471  53.205445 15.240 -100.00 -100.00 -100.00
  48    28.620 55128.32472903 38.35  49.157319  53.207448 14.454 -100.00 -100.00 -100.00
  48    28.485 55128.32472962 38.13  49.160166  53.209451 11.519 -100.00 -100.00 -100.00
  48    28.724 55128.32473021 40.37  49.163014  53.211454 13.363 -100.00 -100.00 -100.00
  49    28.473 55138.24036932 36.45  49.159015  53.206070   -100 -100.00 -100.00 -100.00
  49    28.486 55138.24036991 33.47  49.161862  53.208073 25.835 -100.00 -100.00 -100.00
  49    28.454 55138.24037050 37.53  49.164710  53.210076   -100 -100.00 -100.00 -100.00
  50    28.356 55148.15600795 32.21  49.158640  53.206131 29.968 -100.00 -100.00 -100.00
  50    28.310 55148.15600854 32.05  49.161488  53.208134 26.366 -100.00 -100.00 -100.00
  50    28.336 55148.15600913 35.47  49.164336  53.210137   -100 -100.00 -100.00 -100.00
  51    29.417 55158.07164575 43.05  49.156308  53.206411 20.709 -100.00 -100.00 -100.00
  51    28.632 55158.07164634 49.29  49.159156  53.208414   -100 -100.00 -100.00 -100.00
  51    28.734 55158.07164693 53.19  49.162003  53.210418   -100 -100.00 -100.00 -100.00
  52    28.394 55167.98728358 32.65  49.156104  53.207225 23.473 -100.00 -100.00 -100.00
  52    28.360 55167.98728417 33.97  49.158951  53.209229 30.804 -100.00 -100.00 -100.00
  52    28.308 55167.98728476 33.36  49.161798  53.211232 32.027 -100.00 -100.00 -100.00
  53    28.192 55177.90292047 39.19  49.156333  53.206235 27.724 -100.00 -100.00 -100.00
  53    28.403 55177.90292106 42.72  49.159180  53.208238   -100 -100.00 -100.00 -100.00
  53    28.560 55177.90292165 45.37  49.162028  53.210241   -100 -100.00 -100.00 -100.00
  54    28.664 55187.81856471 30.60  49.156531  53.205385  5.944 -100.00 -100.00 -100.00
  54    28.564 55187.81856530 30.87  49.159378  53.207388  6.317 -100.00 -100.00 -100.00
  54    28.605 55187.81856589 30.90  49.162225  53.209391  5.658 -100.00 -100.00 -100.00
  55    28.496 55197.73421582 25.29  49.156588  53.207490  5.319 -100.00 -100.00 -100.00
  55    28.427 55197.73421641 26.09  49.159436  53.209493  6.715 -100.00 -100.00 -100.00
  55    28.456 55197.73421701 26.01  49.162283  53.211496  6.513 -100.00 -100.00 -100.00
  56    28.774 55207.64986554 20.72  49.153185  53.208701  4.153 -100.00 -100.00 -100.00
  56    28.771 55207.64986614 20.92  49.156032  53.210704  3.988 -100.00 -100.00 -100.00
  56    28.719 55207.64986673 20.83  49.158880  53.212708  4.660 -100.00 -100.00 -100.00
  57    28.499 55217.56551454 20.29  49.148878  53.208883  4.386 -100.00 -100.00 -100.00
  57    28.492 55217.56551513 20.69  49.151726  53.210887  4.338 -100.00 -100.00 -100.00
  57    28.481 55217.56551572 21.10  49.154573  53.212890  6.174 -100.00 -100.00 -100.00
  57    28.486 55217.56551631 20.82  49.157421  53.214893  4.842 -100.00 -100.00 -100.00
  58    28.937 55227.48116348 19.13  49.149115  53.210059  3.952 -100.00 -100.00 -100.00
  58    29.007 55227.48116407 19.25  49.151963  53.212062  4.214 -100.00 -100.00 -100.00
  58    28.973 55227.48116466 19.84  49.154810  53.214066  4.970 -100.00 -100.00 -100.00
  59    28.928 55237.39680914 19.09  49.149626  53.208327  4.322 -100.00 -100.00 -100.00
  59    28.781 55237.39680973 19.81  49.152473  53.210330  4.687 -100.00 -100.00 -100.00
  59    28.843 55237.39681032 19.50  49.155321  53.212334  4.443 -100.00 -100.00 -100.00
  59    28.845 55237.39681091 20.16  49.158169  53.214337  4.981 -100.00 -100.00 -100.00
  60    28.919 55247.31245152 17.88  49.152711  53.206632  3.650 -100.00 -100.00 -100.00
  60    28.875 55247.31245211 17.80  49.155559  53.208635  3.604 -100.00 -100.00 -100.00
  60    28.878 55247.31245270 18.03  49.158407  53.210638  3.972 -100.00 -100.00 -100.00
  60    28.730 55247.31245329 18.16  49.161255  53.212642  3.936 -100.00 -100.00 -100.00
  61    28.732 55257.22809167 17.39  49.156361  53.207061  3.955 -100.00 -100.00 -100.00
  61    28.860 55257.22809226 17.52  49.159209  53.209064  3.960 -100.00 -100.00 -100.00
  61    28.887 55257.22809285 17.52  49.162058  53.211067  3.870 -100.00 -100.00 -100.00
  62    28.816 55267.14373000 20.96  49.154065  53.206188  7.848 -100.00 -100.00 -100.00
  62    28.755 55267.14373059 20.23  49.156913  53.208191  6.607 -100.00 -100.00 -100.00
  62    28.589 55267.14373118 20.39  49.159761  53.210194  7.827 -100.00 -100.00 -100.00
  62    28.877 55267.14373177 19.16  49.162609  53.212197  5.540 -100.00 -100.00 -100.00
  63    30.864 55277.05936823 14.82  49.153528  53.207816  3.130 -100.00 -100.00 -100.00
  63    30.581 55277.05936882 15.02  49.156375  53.209819  3.306 -100.00 -100.00 -100.00
  63    30.296 55277.05936941 15.03  49.159223  53.211822  3.706 -100.00 -100.00 -100.00
  64    28.774 55286.97500512 32.22  49.154104  53.207758   -100 -100.00 -100.00 -100.00
  64    28.721 55286.97500571 31.93  49.156951  53.209761   -100 -100.00 -100.00 -100.00
  64    28.884 55286.97500630 29.05  49.159799  53.211764 24.265 -100.00 -100.00 -100.00
  65    28.901 55296.89063986 38.19  49.157984  53.206546   -100 -100.00 -100.00 -100.00
  65    28.724 55296.89064045 36.05  49.160831  53.208549   -100 -100.00 -100.00 -100.00
  65    29.023 55296.89064104 35.51  49.163679  53.210552   -100 -100.00 -100.00 -100.00
  66    28.982 55306.80628043 46.81  49.160060  53.204316   -100 -100.00 -100.00 -100.00
  66    28.909 55306.80628102 51.68  49.162907  53.206319   -100 -100.00 -100.00 -100.00
  66    29.128 55306.80628161 47.70  49.165754  53.208322   -100 -100.00 -100.00 -100.00
  67    30.513 55316.72192701 40.98  49.160333  53.204274 14.817 -100.00 -100.00 -100.00
  67    30.139 55316.72192760 50.27  49.163180  53.206277   -100 -100.00 -100.00 -100.00
  67    30.711 55316.72192819 50.83  49.166027  53.208280   -100 -100.00 -100.00 -100.00
  68    30.893 55326.63757259 53.52  49.159183  53.205732 32.144 -100.00 -100.00 -100.00
  68    30.936 55326.63757318 47.18  49.162030  53.207735  5.508 -100.00 -100.00 -100.00
  68    30.999 55326.63757377 50.88  49.164878  53.209738 12.387 -100.00 -100.00 -100.00
  69    29.600 55336.55321675 40.77  49.154767  53.205885  2.829 -100.00 -100.00 -100.00
  69    29.574 55336.55321734 33.01  49.157614  53.207888 26.092 -100.00 -100.00 -100.00
  69    29.503 55336.55321793 34.31  49.160462  53.209891   -100 -100.00 -100.00 -100.00
  69    29.791 55336.55321852 38.84  49.163309  53.211894   -100 -100.00 -100.00 -100.00
  70    29.950 55346.46886084 42.92  49.152949  53.206844 20.056 -100.00 -100.00 -100.00
  70    29.651 55346.46886143 44.10  49.155796  53.208848 23.556 -100.00 -100.00 -100.00
  70    29.817 55346.46886202 46.86  49.158643  53.210851 27.373 -100.00 -100.00 -100.00
  70    29.698 55346.46886261 49.96  49.161490  53.212854   -100 -100.00 -100.00 -100.00
  71    28.555 55356.38450399 32.94  49.154552  53.208259   -100 -100.00 -100.00 -100.00
  71    28.403 55356.38450458 31.77  49.157400  53.210262   -100 -100.00 -100.00 -100.00
  71    28.596 55356.38450517 34.02  49.160247  53.212265   -100 -100.00 -100.00 -100.00
  72    28.812 55366.30014431 32.77  49.153285  53.206768 22.154 -100.00 -100.00 -100.00
  72    28.381 55366.30014490 33.27  49.156132  53.208771 24.657 -100.00 -100.00 -100.00
  72    28.236 55366.30014549 35.37  49.158980  53.210775   -100 -100.00 -100.00 -100.00
  72    28.513 55366.30014608 33.30  49.161827  53.212778 26.797 -100.00 -100.00 -100.00
  73    28.954 55376.21578334 42.19  49.153409  53.206018 22.781 -100.00 -100.00 -100.00
  73    28.668 55376.21578393 43.09  49.156256  53.208022 27.064 -100.00 -100.00 -100.00
  73    28.683 55376.21578452 43.40  49.159104  53.210025 27.178 -100.00 -100.00 -100.00
  73    28.918 55376.21578511 45.56  49.161951  53.212028   -100 -100.00 -100.00 -100.00
  74    28.479 55386.13142198 48.57  49.156416  53.207722   -100 -100.00 -100.00 -100.00
  74    28.525 55386.13142257 48.15  49.159263  53.209726   -100 -100.00 -100.00 -100.00
  74    28.474 55386.13142316 52.64  49.162110  53.211729 21.468 -100.00 -100.00 -100.00
  75    28.245 55396.04705882 35.81  49.155494  53.206521   -100 -100.00 -100.00 -100.00
  75    28.237 55396.04705941 32.20  49.158340  53.208524 26.469 -100.00 -100.00 -100.00
  75    28.204 55396.04706000 37.54  49.161188  53.210527   -100 -100.00 -100.00 -100.00
  76    28.332 55405.96269955 38.10  49.155753  53.205482   -100 -100.00 -100.00 -100.00
  76    28.368 55405.96270014 43.09  49.158599  53.207485  3.422 -100.00 -100.00 -100.00
  76    28.728 55405.96270073 44.46  49.161446  53.209488   -100 -100.00 -100.00 -100.00
  76    28.691 55405.96270132 44.17  49.164293  53.211492   -100 -100.00 -100.00 -100.00
  77    28.385 55415.87835055 40.72  49.155065  53.204959   -100 -100.00 -100.00 -100.00
  77    28.278 55415.87835114 38.31  49.157912  53.206962   -100 -100.00 -100.00 -100.00
  77    28.566 55415.87835173 45.50  49.160758  53.208965   -100 -100.00 -100.00 -100.00
  77    28.341 55415.87835232 43.34  49.163605  53.210968  1.158 -100.00 -100.00 -100.00
  78    28.352 55425.79399856 41.37  49.156449  53.204804  1.223 -100.00 -100.00 -100.00
  78    28.397 55425.79399915 39.99  49.159296  53.206807   -100 -100.00 -100.00 -100.00
  78    28.622 55425.79399974 46.31  49.162143  53.208809   -100 -100.00 -100.00 -100.00
  78    28.868 55425.79400033 44.22  49.164990  53.210812   -100 -100.00 -100.00 -100.00
  79    28.648 55435.70964388 35.91  49.156647  53.204419 25.063 -100.00 -100.00 -100.00
  79    28.392 55435.70964447 34.67  49.159494  53.206422 22.349 -100.00 -100.00 -100.00
  79    28.352 55435.70964506 36.69  49.162341  53.208425 26.589 -100.00 -100.00 -100.00
  79    28.668 55435.70964565 38.00  49.165189  53.210428 27.798 -100.00 -100.00 -100.00
  80    28.428 55445.62528833 31.35  49.156846  53.206077 31.744 -100.00 -100.00 -100.00
  80    28.488 55445.62528892 31.94  49.159693  53.208080 28.393 -100.00 -100.00 -100.00
  80    28.402 55445.62528951 33.36  49.162540  53.210082   -100 -100.00 -100.00 -100.00
  81    28.480 55455.54093193 35.79  49.155474  53.207529 19.515 -100.00 -100.00 -100.00
  81    28.571 55455.54093252 43.48  49.158322  53.209532   -100 -100.00 -100.00 -100.00
  81    28.549 55455.54093311 40.34  49.161169  53.211535   -100 -100.00 -100.00 -100.00
  82    28.321 55465.45657474 35.22  49.154667  53.208106   -100 -100.00 -100.00 -100.00
  82    28.359 55465.45657533 37.88  49.157514  53.210109   -100 -100.00 -100.00 -100.00
  82    28.294 55465.45657592 39.20  49.160362  53.212112   -100 -100.00 -100.00 -100.00
  83    29.127 55475.37221435 41.74  49.155174  53.206328 18.451 -100.00 -100.00 -100.00
  83    28.827 55475.37221494 45.23  49.158021  53.208331 29.207 -100.00 -100.00 -100.00
  83    28.927 55475.37221553 48.55  49.160869  53.210335 29.363 -100.00 -100.00 -100.00
  84    28.462 55485.28785106 37.89  49.158195  53.204557   -100 -100.00 -100.00 -100.00
  84    28.461 55485.28785165 33.10  49.161042  53.206560 27.371 -100.00 -100.00 -100.00
  84    28.454 55485.28785224 32.96  49.163889  53.208564 27.457 -100.00 -100.00 -100.00
  84    28.444 55485.28785283 38.73  49.166737  53.210567   -100 -100.00 -100.00 -100.00
  85    28.659 55495.20348558 39.52  49.160513  53.203288   -100 -100.00 -100.00 -100.00
  85    28.311 55495.20348617 35.00  49.163360  53.205291   -100 -100.00 -100.00 -100.00
  85    28.568 55495.20348676 36.62  49.166207  53.207295   -100 -100.00 -100.00 -100.00
  85    28.475 55495.20348735 42.64  49.169055  53.209298  6.900 -100.00 -100.00 -100.00
  86    28.562 55505.11911923 36.90  49.160685  53.203194   -100 -100.00 -100.00 -100.00
  86    28.401 55505.11911982 33.06  49.163532  53.205197 27.208 -100.00 -100.00 -100.00
  86    28.500 55505.11912041 35.88  49.166380  53.207201   -100 -100.00 -100.00 -100.00
  86    28.339 55505.11912100 37.53  49.169227  53.209204   -100 -100.00 -100.00 -100.00
  87    28.554 55515.03476941 47.04  49.156123  53.204469  9.923 -100.00 -100.00 -100.00
  87    28.646 55515.03477000 41.40  49.158970  53.206472   -100 -100.00 -100.00 -100.00
  87    28.769 55515.03477059 45.88  49.161817  53.208475   -100 -100.00 -100.00 -100.00
  87    28.793 55515.03477118 44.53  49.164665  53.210478   -100 -100.00 -100.00 -100.00
  88    28.498 55524.95041909 32.30  49.154580  53.206587   -100 -100.00 -100.00 -100.00
  88    28.368 55524.95041968 29.76  49.157427  53.208591 31.839 -100.00 -100.00 -100.00
  88    28.508 55524.95042027 28.74  49.160275  53.210594 23.758 -100.00 -100.00 -100.00
  89    28.673 55534.86606673 36.51  49.153722  53.207536 32.718 -100.00 -100.00 -100.00
  89    28.514 55534.86606732 36.10  49.156569  53.209539 30.816 -100.00 -100.00 -100.00
  89    28.707 55534.86606791 40.01  49.159417  53.211543   -100 -100.00 -100.00 -100.00
  90    28.526 55544.78171248 40.41  49.153846  53.208125   -100 -100.00 -100.00 -100.00
  90    28.883 55544.78171307 46.66  49.156693  53.210128   -100 -100.00 -100.00 -100.00
  90    28.515 55544.78171366 51.90  49.159540  53.212131   -100 -100.00 -100.00 -100.00
  91    28.599 55554.69735635 40.55  49.153318  53.208618 27.545 -100.00 -100.00 -100.00
  91    28.513 55554.69735694 39.24  49.156165  53.210621 24.433 -100.00 -100.00 -100.00
  91    28.414 55554.69735753 38.33  49.159013  53.212624 20.553 -100.00 -100.00 -100.00
  92    28.368 55564.61299903 28.51  49.150924  53.208087 11.377 -100.00 -100.00 -100.00
  92    28.434 55564.61299962 26.75  49.153771  53.210090  7.956 -100.00 -100.00 -100.00
  92    28.444 55564.61300021 27.29  49.156619  53.212093  7.262 -100.00 -100.00 -100.00
  92    28.415 55564.61300080 27.43  49.159467  53.214096  7.835 -100.00 -100.00 -100.00
  93    28.335 55574.52864159 24.62  49.151872  53.208231  8.324 -100.00 -100.00 -100.00
  93    28.588 55574.52864218 23.84  49.154719  53.210234  6.957 -100.00 -100.00 -100.00
  93    28.437 55574.52864277 24.05  49.157567  53.212237  6.038 -100.00 -100.00 -100.00
  94    28.484 55584.44428242 22.07  49.153299  53.206768  6.580 -100.00 -100.00 -100.00
  94    28.395 55584.44428301 21.90  49.156146  53.208771  6.312 -100.00 -100.00 -100.00
  94    28.466 55584.44428360 22.25  49.158993  53.210774  6.402 -100.00 -100.00 -100.00
  94    28.636 55584.44428419 21.32  49.161841  53.212778  5.528 -100.00 -100.00 -100.00
  95    28.731 55594.35991996 21.67  49.156237  53.205220  9.690 -100.00 -100.00 -100.00
  95    28.608 55594.35992055 21.70  49.159084  53.207223  8.557 -100.00 -100.00 -100.00
  95    28.726 55594.35992114 21.46  49.161931  53.209227  8.334 -100.00 -100.00 -100.00
  95    28.871 55594.35992173 20.46  49.164779  53.211230  7.062 -100.00 -100.00 -100.00
  96    28.747 55604.27555440 19.85  49.160137  53.204775  7.894 -100.00 -100.00 -100.00
  96    28.814 55604.27555499 19.42  49.162984  53.206778  7.380 -100.00 -100.00 -100.00
  96    28.840 55604.27555558 19.64  49.165832  53.208782  7.037 -100.00 -100.00 -100.00
  97    28.771 55614.19118612 16.78  49.160678  53.203255  5.751 -100.00 -100.00 -100.00
  97    28.666 55614.19118671 16.82  49.163526  53.205258  5.654 -100.00 -100.00 -100.00
  97    28.835 55614.19118730 16.41  49.166373  53.207261  4.957 -100.00 -100.00 -100.00
  97    28.803 55614.19118789 16.83  49.169221  53.209265  6.181 -100.00 -100.00 -100.00
  98    28.943 55624.10682405 16.11  49.159540  53.202717  4.661 -100.00 -100.00 -100.00
  98    28.886 55624.10682465 16.48  49.162387  53.204721  4.520 -100.00 -100.00 -100.00
  98    28.838 55624.10682524 16.93  49.165234  53.206724  5.570 -100.00 -100.00 -100.00
  98    29.071 55624.10682583 16.63  49.168082  53.208727  4.455 -100.00 -100.00 -100.00
  99    29.085 55634.02247655 17.55  49.157603  53.204461  6.188 -100.00 -100.00 -100.00
  99    28.920 55634.02247714 17.08  49.160450  53.206464  5.800 -100.00 -100.00 -100.00
  99    29.046 55634.02247773 17.16  49.163298  53.208468  6.509 -100.00 -100.00 -100.00
  99    29.107 55634.02247832 18.05  49.166146  53.210471  6.181 -100.00 -100.00 -100.00
 100    28.751 55643.93812682 17.22  49.157323  53.205496  9.099 -100.00 -100.00 -100.00
 100    28.618 55643.93812741 17.43  49.160170  53.207499  8.271 -100.00 -100.00 -100.00
 100    28.583 55643.93812800 18.31  49.163018  53.209502  9.983 -100.00 -100.00 -100.00
 101    28.799 55653.85377392 21.54  49.156547  53.204757 11.928 -100.00 -100.00 -100.00
 101    28.814 55653.85377451 21.81  49.159394  53.206760 11.386 -100.00 -100.00 -100.00
 101    28.682 55653.85377510 21.80  49.162241  53.208763 10.852 -100.00 -100.00 -100.00
 101    28.738 55653.85377569 22.52  49.165088  53.210766 12.323 -100.00 -100.00 -100.00
 102    28.882 55663.76941709 40.39  49.158596  53.205242   -100 -100.00 -100.00 -100.00
 102    28.742 55663.76941768 37.87  49.161443  53.207245   -100 -100.00 -100.00 -100.00
 102    29.031 55663.76941827 35.01  49.164290  53.209248   -100 -100.00 -100.00 -100.00
 103    28.921 55673.68505686 50.26  49.157125  53.204401   -100 -100.00 -100.00 -100.00
 103    29.058 55673.68505745 50.69  49.159972  53.206404   -100 -100.00 -100.00 -100.00
 103    29.242 55673.68505804 51.38  49.162819  53.208407   -100 -100.00 -100.00 -100.00
 103    28.946 55673.68505863 52.77  49.165667  53.210410  8.197 -100.00 -100.00 -100.00
 104    30.753 55683.60069596 51.78  49.158407  53.206314   -100 -100.00 -100.00 -100.00
 104    30.685 55683.60069655 53.45  49.161254  53.208317  0.634 -100.00 -100.00 -100.00
 104    30.511 55683.60069714 54.78  49.164102  53.210320   -100 -100.00 -100.00 -100.00
 105    29.986 55693.51633284 42.74  49.155501  53.204736  0.440 -100.00 -100.00 -100.00
 105    29.908 55693.51633343 33.68  49.158348  53.206739 28.747 -100.00 -100.00 -100.00
 105    29.585 55693.51633402 33.41  49.161196  53.208743 32.187 -100.00 -100.00 -100.00
 105    29.899 55693.51633461 39.82  49.164043  53.210746   -100 -100.00 -100.00 -100.00
 106    29.542 55703.43196933 33.78  49.158893  53.206292   -100 -100.00 -100.00 -100.00
 106    29.309 55703.43196992 32.05  49.161740  53.208295 28.407 -100.00 -100.00 -100.00
 106    29.240 55703.43197051 38.55  49.164588  53.210299   -100 -100.00 -100.00 -100.00
 107    29.207 55713.34761418 33.67  49.158340  53.206258   -100 -100.00 -100.00 -100.00
 107    28.633 55713.34761477 33.13  49.161187  53.208262   -100 -100.00 -100.00 -100.00
 107    28.884 55713.34761536 32.52  49.164034  53.210265 30.327 -100.00 -100.00 -100.00
 108    28.989 55723.26326349 31.97  49.156677  53.207192 20.614 -100.00 -100.00 -100.00
 108    28.468 55723.26326408 34.77  49.159524  53.209195 29.790 -100.00 -100.00 -100.00
 108    28.597 55723.26326467 41.64  49.162372  53.211198   -100 -100.00 -100.00 -100.00
 109    28.783 55733.17891073 31.78  49.154854  53.208169 29.487 -100.00 -100.00 -100.00
 109    28.709 55733.17891132 31.29  49.157702  53.210173   -100 -100.00 -100.00 -100.00
 109    28.585 55733.17891191 32.49  49.160549  53.212176   -100 -100.00 -100.00 -100.00
 110    28.643 55743.09455659 31.82  49.153637  53.208673 21.157 -100.00 -100.00 -100.00
 110    28.518 55743.09455718 31.35  49.156485  53.210676 19.815 -100.00 -100.00 -100.00
 110    28.342 55743.09455777 36.42  49.159332  53.212679   -100 -100.00 -100.00 -100.00
 111    28.659 55753.01020067 33.17  49.152043  53.207187   -100 -100.00 -100.00 -100.00
 111    28.594 55753.01020126 30.36  49.154890  53.209190 25.905 -100.00 -100.00 -100.00
 111    28.441 55753.01020185 31.21  49.157737  53.211193 28.811 -100.00 -100.00 -100.00
 111    28.741 55753.01020244 31.05  49.160585  53.213197 21.638 -100.00 -100.00 -100.00
 112    28.676 55762.92584328 31.30  49.156449  53.207440 29.867 -100.00 -100.00 -100.00
 112    28.747 55762.92584387 35.29  49.159296  53.209443   -100 -100.00 -100.00 -100.00
 112    28.683 55762.92584446 35.93  49.162143  53.211446   -100 -100.00 -100.00 -100.00
 113    28.407 55772.84148251 48.13  49.158230  53.205434   -100 -100.00 -100.00 -100.00
 113    28.565 55772.84148310 51.87  49.161077  53.207437 15.436 -100.00 -100.00 -100.00
 113    28.724 55772.84148369 50.67  49.163924  53.209440   -100 -100.00 -100.00 -100.00
 114    28.738 55782.75711859 45.43  49.160571  53.204818 31.451 -100.00 -100.00 -100.00
 114    28.609 55782.75711918 53.70  49.163418  53.206821 17.702 -100.00 -100.00 -100.00
 114    28.798 55782.75711977 51.62  49.166265  53.208824   -100 -100.00 -100.00 -100.00
 115    28.303 55792.67275174 40.43  49.159012  53.203142   -100 -100.00 -100.00 -100.00
 115    28.409 55792.67275233 31.48  49.161858  53.205145 11.253 -100.00 -100.00 -100.00
 115    28.398 55792.67275292 34.17  49.164705  53.207148 16.745 -100.00 -100.00 -100.00
 115    28.554 55792.67275351 34.51  49.167552  53.209151 14.772 -100.00 -100.00 -100.00
 116    28.623 55802.58838629 53.92  49.159301  53.203088 26.102 -100.00 -100.00 -100.00
 116    28.896 55802.58838688 54.38  49.162147  53.205091   -100 -100.00 -100.00 -100.00
 116    28.602 55802.58838747 56.97  49.164994  53.207094   -100 -100.00 -100.00 -100.00
 116    28.802 55802.58838806 56.43  49.167841  53.209098 19.545 -100.00 -100.00 -100.00
 117    28.788 55812.50403679 32.59  49.159098  53.205098   -100 -100.00 -100.00 -100.00
 117    28.371 55812.50403738 33.99  49.161945  53.207101   -100 -100.00 -100.00 -100.00
 117    28.716 55812.50403797 34.01  49.164792  53.209105   -100 -100.00 -100.00 -100.00
 118    28.823 55822.41968526 37.52  49.158895  53.204909   -100 -100.00 -100.00 -100.00
 118    28.390 55822.41968585 34.85  49.161742  53.206913   -100 -100.00 -100.00 -100.00
 118    28.720 55822.41968644 31.72  49.164589  53.208916   -100 -100.00 -100.00 -100.00
 119    28.701 55832.33532868 42.39  49.158705  53.203239 15.716 -100.00 -100.00 -100.00
 119    28.624 55832.33532927 33.85  49.161552  53.205242 29.725 -100.00 -100.00 -100.00
 119    28.558 55832.33532986 34.71  49.164400  53.207245   -100 -100.00 -100.00 -100.00
 119    28.770 55832.33533045 37.71  49.167247  53.209248   -100 -100.00 -100.00 -100.00
 120    28.851 55842.25096787 36.57  49.159653  53.202619   -100 -100.00 -100.00 -100.00
 120    28.678 55842.25096846 34.60  49.162500  53.204622   -100 -100.00 -100.00 -100.00
 120    28.590 55842.25096905 31.75  49.165348  53.206625   -100 -100.00 -100.00 -100.00
 120    28.774 55842.25096964 35.75  49.168195  53.208628   -100 -100.00 -100.00 -100.00
 121    28.680 55852.16660402 43.93  49.160192  53.203201   -100 -100.00 -100.00 -100.00
 121    28.554 55852.16660461 40.87  49.163039  53.205204   -100 -100.00 -100.00 -100.00
 121    28.615 55852.16660520 50.53  49.165887  53.207208  3.727 -100.00 -100.00 -100.00
 121    28.917 55852.16660579 48.44  49.168734  53.209211   -100 -100.00 -100.00 -100.00
 122    28.430 55862.08223791 38.52  49.159342  53.203634 21.805 -100.00 -100.00 -100.00
 122    28.334 55862.08223850 31.76  49.162189  53.205637   -100 -100.00 -100.00 -100.00
 122    28.215 55862.08223909 34.53  49.165036  53.207641   -100 -100.00 -100.00 -100.00
 122    28.553 55862.08223968 35.37  49.167884  53.209644   -100 -100.00 -100.00 -100.00
 123    28.330 55871.99789257 30.95  49.157130  53.206517 22.530 -100.00 -100.00 -100.00
 123    28.399 55871.99789316 29.99  49.159977  53.208520 19.964 -100.00 -100.00 -100.00
 123    28.599 55871.99789375 32.42  49.162825  53.210524 28.010 -100.00 -100.00 -100.00
 124    28.601 55881.91354214 27.90  49.156272  53.206943 14.237 -100.00 -100.00 -100.00
 124    28.294 55881.91354273 28.04  49.159119  53.208947 13.778 -100.00 -100.00 -100.00
 124    28.251 55881.91354332 28.61  49.161966  53.210950 15.779 -100.00 -100.00 -100.00
 125    28.733 55891.82918520 38.46  49.156851  53.206727   -100 -100.00 -100.00 -100.00
 125    29.066 55891.82918579 40.43  49.159698  53.208731   -100 -100.00 -100.00 -100.00
 125    28.922 55891.82918638 40.31  49.162546  53.210734   -100 -100.00 -100.00 -100.00
 126    29.114 55901.74482235 34.00  49.156609  53.205482 11.571 -100.00 -100.00 -100.00
 126    28.950 55901.74482294 33.77  49.159456  53.207486 11.213 -100.00 -100.00 -100.00
 126    28.766 55901.74482353 35.73  49.162303  53.209489 14.384 -100.00 -100.00 -100.00
 127    28.858 55911.66045688 35.39  49.158396  53.206299 30.627 -100.00 -100.00 -100.00
 127    28.719 55911.66045747 35.10  49.161242  53.208302 30.674 -100.00 -100.00 -100.00
 127    28.742 55911.66045806 29.96  49.164090  53.210305 14.807 -100.00 -100.00 -100.00
 128    28.611 55921.57611108 23.69  49.152826  53.206681  7.704 -100.00 -100.00 -100.00
 128    28.688 55921.57611167 23.96  49.155673  53.208684  7.579 -100.00 -100.00 -100.00
 128    28.683 55921.57611226 23.69  49.158521  53.210688  6.777 -100.00 -100.00 -100.00
 128    28.434 55921.57611285 24.54  49.161368  53.212691  8.053 -100.00 -100.00 -100.00
 129    28.482 55931.49176309 20.23  49.151990  53.207007  6.945 -100.00 -100.00 -100.00
 129    28.331 55931.49176369 19.87  49.154838  53.209010  5.719 -100.00 -100.00 -100.00
 129    28.419 55931.49176428 20.11  49.157685  53.211014  5.697 -100.00 -100.00 -100.00
 129    28.275 55931.49176487 20.38  49.160533  53.213017  5.958 -100.00 -100.00 -100.00
 130    28.792 55941.40741129 26.66  49.154887  53.206675 18.790 -100.00 -100.00 -100.00
 130    28.934 55941.40741188 24.91  49.157735  53.208679 12.237 -100.00 -100.00 -100.00
 130    28.674 55941.40741247 27.26  49.160583  53.210682 20.181 -100.00 -100.00 -100.00
 131    28.880 55951.32305469 18.52  49.156846  53.205140  6.931 -100.00 -100.00 -100.00
 131    28.808 55951.32305528 18.45  49.159694  53.207143  5.916 -100.00 -100.00 -100.00
 131    28.816 55951.32305587 18.20  49.162542  53.209147  5.597 -100.00 -100.00 -100.00
 131    28.960 55951.32305646 18.04  49.165390  53.211150  4.743 -100.00 -100.00 -100.00
 132    28.723 55961.23869414 17.74  49.156536  53.204203  5.698 -100.00 -100.00 -100.00
 132    28.772 55961.23869473 18.02  49.159384  53.206207  5.562 -100.00 -100.00 -100.00
 132    28.636 55961.23869532 18.00  49.162232  53.208210  5.632 -100.00 -100.00 -100.00
 132    28.879 55961.23869591 17.91  49.165080  53.210213  5.234 -100.00 -100.00 -100.00
 133    28.688 55971.15433191 17.98  49.158119  53.206624  5.391 -100.00 -100.00 -100.00
 133    28.781 55971.15433250 18.01  49.160967  53.208627  5.671 -100.00 -100.00 -100.00
 133    28.910 55971.15433309 17.98  49.163815  53.210631  5.018 -100.00 -100.00 -100.00
 134    28.680 55981.06996762 17.20  49.156505  53.206149  5.498 -100.00 -100.00 -100.00
 134    28.721 55981.06996821 17.50  49.159352  53.208152  6.433 -100.00 -100.00 -100.00
 134    28.547 55981.06996880 17.53  49.162200  53.210156  6.537 -100.00 -100.00 -100.00
 135    28.904 55990.98560244 21.32  49.159078  53.205437  8.092 -100.00 -100.00 -100.00
 135    28.812 55990.98560303 21.57  49.161925  53.207440  7.553 -100.00 -100.00 -100.00
 135    29.167 55990.98560362 20.83  49.164773  53.209444  7.286 -100.00 -100.00 -100.00
 136    28.805 56000.90124758 21.53  49.159968  53.204399 10.095 -100.00 -100.00 -100.00
 136    28.924 56000.90124817 20.23  49.162815  53.206402  7.306 -100.00 -100.00 -100.00
 136    29.059 56000.90124876 19.41  49.165662  53.208406  5.611 -100.00 -100.00 -100.00
 137    28.854 56010.81689769 17.87  49.160061  53.204167  6.460 -100.00 -100.00 -100.00
 137    28.819 56010.81689828 18.44  49.162908  53.206170  7.616 -100.00 -100.00 -100.00
 137    28.700 56010.81689887 20.01  49.165755  53.208173  9.323 -100.00 -100.00 -100.00
 138    28.624 56020.73254409 20.56  49.159333  53.204983  7.441 -100.00 -100.00 -100.00
 138    28.498 56020.73254468 21.76  49.162180  53.206986 10.586 -100.00 -100.00 -100.00
 138    28.457 56020.73254527 23.07  49.165027  53.208989 11.525 -100.00 -100.00 -100.00
 139    28.942 56030.64818776 42.39  49.157617  53.206842   -100 -100.00 -100.00 -100.00
 139    28.706 56030.64818835 42.06  49.160464  53.208845   -100 -100.00 -100.00 -100.00
 139    28.887 56030.64818894 38.42  49.163312  53.210848   -100 -100.00 -100.00 -100.00
 140    28.818 56040.56382898 47.35  49.153199  53.206670   -100 -100.00 -100.00 -100.00
 140    28.668 56040.56382957 48.42  49.156046  53.208673   -100 -100.00 -100.00 -100.00
 140    28.995 56040.56383016 48.51  49.158893  53.210677   -100 -100.00 -100.00 -100.00
 140    28.829 56040.56383075 51.88  49.161741  53.212680   -100 -100.00 -100.00 -100.00
 141    30.682 56050.47946883 35.27  49.154625  53.208087 13.811 -100.00 -100.00 -100.00
 141    30.394 56050.47946942 38.76  49.157472  53.210090 24.349 -100.00 -100.00 -100.00
 141    30.684 56050.47947001 36.84  49.160320  53.212093 16.145 -100.00 -100.00 -100.00
 142    30.518 56060.39510533 45.83  49.154661  53.206068 31.382 -100.00 -100.00 -100.00
 142    30.580 56060.39510592 46.32  49.157508  53.208071   -100 -100.00 -100.00 -100.00
 142    30.582 56060.39510651 45.45  49.160355  53.210074   -100 -100.00 -100.00 -100.00
 142    30.607 56060.39510710 43.43  49.163203  53.212078 27.498 -100.00 -100.00 -100.00
 143    30.333 56070.31074238 53.10  49.158835  53.205603 27.271 -100.00 -100.00 -100.00
 143    30.553 56070.31074297 54.93  49.161682  53.207607   -100 -100.00 -100.00 -100.00
 143    30.241 56070.31074356 55.96  49.164529  53.209610 20.255 -100.00 -100.00 -100.00
 144    29.908 56080.22639297 38.18  49.155885  53.205494   -100 -100.00 -100.00 -100.00
 144    29.474 56080.22639356 32.51  49.158732  53.207498 18.129 -100.00 -100.00 -100.00
 144    29.496 56080.22639415 31.77  49.161579  53.209501 15.667 -100.00 -100.00 -100.00
 144    29.681 56080.22639474 38.90  49.164427  53.211504   -100 -100.00 -100.00 -100.00
 145    28.836 56090.14204108 45.09  49.153787  53.206953   -100 -100.00 -100.00 -100.00
 145    28.777 56090.14204167 40.44  49.156634  53.208956   -100 -100.00 -100.00 -100.00
 145    28.603 56090.14204226 37.46  49.159481  53.210959 32.587 -100.00 -100.00 -100.00
 146    28.985 56100.05768651 40.79  49.151581  53.207512 10.494 -100.00 -100.00 -100.00
 146    28.904 56100.05768710 31.57  49.154428  53.209515 25.935 -100.00 -100.00 -100.00
 146    28.816 56100.05768769 31.93  49.157275  53.211518 30.868 -100.00 -100.00 -100.00
 146    29.099 56100.05768828 30.27  49.160123  53.213521 20.569 -100.00 -100.00 -100.00
 147    28.711 56109.97331808 37.58  49.153012  53.207621   -100 -100.00 -100.00 -100.00
 147    28.638 56109.97331867 31.54  49.155859  53.209625 26.731 -100.00 -100.00 -100.00
 147    28.514 56109.97331926 34.03  49.158706  53.211628   -100 -100.00 -100.00 -100.00
 148    28.627 56119.88895807 47.13  49.156629  53.206015 21.145 -100.00 -100.00 -100.00
 148    28.723 56119.88895866 47.76  49.159476  53.208018  2.852 -100.00 -100.00 -100.00
 148    28.744 56119.88895925 48.68  49.162323  53.210021   -100 -100.00 -100.00 -100.00
 149    28.518 56129.80459406 42.44  49.159265  53.202728 18.578 -100.00 -100.00 -100.00
 149    28.449 56129.80459466 34.53  49.162112  53.204731   -100 -100.00 -100.00 -100.00
 149    28.537 56129.80459525 35.25  49.164958  53.206734   -100 -100.00 -100.00 -100.00
 149    28.607 56129.80459584 35.64  49.167805  53.208737 32.499 -100.00 -100.00 -100.00
 150    28.401 56139.72022760 35.16  49.162711  53.202451 11.551 -100.00 -100.00 -100.00
 150    28.430 56139.72022819 48.06  49.165557  53.204454  4.578 -100.00 -100.00 -100.00
 150    28.675 56139.72022878 45.67  49.168404  53.206457   -100 -100.00 -100.00 -100.00
 150    28.374 56139.72022937 48.08  49.171251  53.208459  3.848 -100.00 -100.00 -100.00
 151    28.696 56149.63587745 39.70  49.157624  53.203481   -100 -100.00 -100.00 -100.00
 151    28.409 56149.63587804 30.51  49.160470  53.205484 28.260 -100.00 -100.00 -100.00
 151    28.215 56149.63587863 31.40  49.163317  53.207487   -100 -100.00 -100.00 -100.00
 151    28.410 56149.63587923 33.73  49.166164  53.209490   -100 -100.00 -100.00 -100.00
 152    28.358 56159.55152708 38.39  49.156005  53.206591 18.242 -100.00 -100.00 -100.00
 152    28.317 56159.55152767 40.84  49.158852  53.208594 27.588 -100.00 -100.00 -100.00
 152    28.325 56159.55152826 43.16  49.161699  53.210597   -100 -100.00 -100.00 -100.00
 153    28.462 56169.46717519 32.65  49.155960  53.207671 27.864 -100.00 -100.00 -100.00
 153    28.422 56169.46717578 32.13  49.158807  53.209674 26.609 -100.00 -100.00 -100.00
 153    28.658 56169.46717637 34.35  49.161654  53.211677   -100 -100.00 -100.00 -100.00
 154    28.622 56179.38281933 34.05  49.156075  53.205457 29.833 -100.00 -100.00 -100.00
 154    28.584 56179.38281992 31.71  49.158922  53.207461 26.600 -100.00 -100.00 -100.00
 154    28.522 56179.38282052 31.93  49.161769  53.209464 29.403 -100.00 -100.00 -100.00
 154    28.811 56179.38282111 36.69  49.164616  53.211467   -100 -100.00 -100.00 -100.00
 155    28.531 56189.29845978 38.67  49.159295  53.204870  4.227 -100.00 -100.00 -100.00
 155    28.508 56189.29846038 37.85  49.162142  53.206873   -100 -100.00 -100.00 -100.00
 155    28.448 56189.29846097 38.22  49.164990  53.208876   -100 -100.00 -100.00 -100.00
 156    28.527 56199.21409675 41.27  49.159860  53.204315   -100 -100.00 -100.00 -100.00
 156    28.477 56199.21409734 43.26  49.162707  53.206318 22.079 -100.00 -100.00 -100.00
 156    28.433 56199.21409793 46.36  49.165555  53.208322   -100 -100.00 -100.00 -100.00
 157    28.609 56209.12973082 40.56  49.158319  53.204341  9.816 -100.00 -100.00 -100.00
 157    28.535 56209.12973141 33.48  49.161166  53.206344   -100 -100.00 -100.00 -100.00
 157    28.555 56209.12973200 33.46  49.164013  53.208347   -100 -100.00 -100.00 -100.00
 157    28.472 56209.12973260 37.60  49.166861  53.210350  1.404 -100.00 -100.00 -100.00
 158    28.647 56219.04536300 45.90  49.156602  53.204227   -100 -100.00 -100.00 -100.00
 158    28.695 56219.04536359 49.51  49.159448  53.206231  0.105 -100.00 -100.00 -100.00
 158    28.882 56219.04536418 51.76  49.162295  53.208234   -100 -100.00 -100.00 -100.00
 158    28.607 56219.04536477 52.13  49.165142  53.210237  7.059 -100.00 -100.00 -100.00
 159    28.515 56228.96101004 37.96  49.155026  53.205471   -100 -100.00 -100.00 -100.00
 159    28.382 56228.96101063 32.70  49.157872  53.207475 20.638 -100.00 -100.00 -100.00
 159    28.390 56228.96101122 31.17  49.160719  53.209478 15.943 -100.00 -100.00 -100.00
 159    28.651 56228.96101181 35.39  49.163566  53.211481   -100 -100.00 -100.00 -100.00
 160    28.526 56238.87666416 35.77  49.156664  53.207516 22.988 -100.00 -100.00 -100.00
 160    28.642 56238.87666475 41.26  49.159510  53.209519   -100 -100.00 -100.00 -100.00
 160    28.644 56238.87666534 41.59  49.162358  53.211522   -100 -100.00 -100.00 -100.00
 161    28.836 56248.79231360 35.99  49.154730  53.206234   -100 -100.00 -100.00 -100.00
 161    28.545 56248.79231419 30.19  49.157577  53.208237   -100 -100.00 -100.00 -100.00
 161    28.752 56248.79231478 32.52  49.160424  53.210240   -100 -100.00 -100.00 -100.00
 162    29.407 56258.70795883 36.68  49.155908  53.206919 24.157 -100.00 -100.00 -100.00
 162    29.252 56258.70795942 36.68  49.158755  53.208922 22.275 -100.00 -100.00 -100.00
 162    29.141 56258.70796001 37.91  49.161603  53.210925 25.797 -100.00 -100.00 -100.00
 163    29.351 56268.62360061 36.39  49.153172  53.206128   -100 -100.00 -100.00 -100.00
 163    28.920 56268.62360120 32.51  49.156019  53.208132   -100 -100.00 -100.00 -100.00
 163    28.905 56268.62360179 34.16  49.158866  53.210135   -100 -100.00 -100.00 -100.00
 163    29.237 56268.62360238 36.88  49.161714  53.212138   -100 -100.00 -100.00 -100.00
 164    28.730 56278.53924132 44.38  49.153622  53.207100   -100 -100.00 -100.00 -100.00
 164    28.689 56278.53924191 45.73  49.156469  53.209103   -100 -100.00 -100.00 -100.00
 164    28.644 56278.53924250 48.81  49.159317  53.211107   -100 -100.00 -100.00 -100.00
 165    28.929 56288.45489090 41.51  49.152037  53.207017 30.781 -100.00 -100.00 -100.00
 165    28.666 56288.45489149 37.34  49.154884  53.209021 17.295 -100.00 -100.00 -100.00
 165    28.841 56288.45489209 36.04  49.157732  53.211024 11.934 -100.00 -100.00 -100.00
 165    28.715 56288.45489268 36.63  49.160579  53.213027 14.863 -100.00 -100.00 -100.00
 166    28.777 56298.37054025 32.50  49.155077  53.207327  9.076 -100.00 -100.00 -100.00
 166    28.704 56298.37054084 31.64  49.157925  53.209331  7.428 -100.00 -100.00 -100.00
 166    28.649 56298.37054143 31.55  49.160773  53.211334  7.147 -100.00 -100.00 -100.00
 167    28.812 56308.28618514 29.08  49.156417  53.205742  7.618 -100.00 -100.00 -100.00
 167    28.919 56308.28618573 28.37  49.159264  53.207746  6.804 -100.00 -100.00 -100.00
 167    28.697 56308.28618632 28.99  49.162112  53.209749  6.529 -100.00 -100.00 -100.00
 168    28.755 56318.20182721 23.08  49.155896  53.204510  5.274 -100.00 -100.00 -100.00
 168    28.779 56318.20182780 23.58  49.158744  53.206513  5.555 -100.00 -100.00 -100.00
 168    28.720 56318.20182839 27.92  49.161592  53.208516 13.714 -100.00 -100.00 -100.00
 168    28.726 56318.20182898 25.06  49.164440  53.210519  8.466 -100.00 -100.00 -100.00
 169    29.005 56328.11746822 20.20  49.154657  53.205663 13.598 -100.00 -100.00 -100.00
 169    28.978 56328.11746881 24.54  49.157504  53.207667 25.453 -100.00 -100.00 -100.00
 169    29.002 56328.11746940 20.74  49.160352  53.209670 14.607 -100.00 -100.00 -100.00
 169    28.939 56328.11746999 19.97  49.163200  53.211673 12.749 -100.00 -100.00 -100.00
 170    28.932 56338.03310815 20.96  49.153702  53.206534  5.327 -100.00 -100.00 -100.00
 170    28.810 56338.03310874 20.66  49.156549  53.208537  5.279 -100.00 -100.00 -100.00
 170    28.989 56338.03310933 20.82  49.159397  53.210541  5.028 -100.00 -100.00 -100.00
 170    28.840 56338.03310992 20.86  49.162245  53.212544  4.664 -100.00 -100.00 -100.00
 171    28.784 56347.94874609 19.89  49.154557  53.205886  5.170 -100.00 -100.00 -100.00
 171    28.672 56347.94874668 20.14  49.157404  53.207890  4.943 -100.00 -100.00 -100.00
 171    28.658 56347.94874727 20.28  49.160251  53.209893  5.123 -100.00 -100.00 -100.00
 171    28.655 56347.94874786 20.38  49.163099  53.211897  5.116 -100.00 -100.00 -100.00
 172    29.270 56357.86438133 24.34  49.157899  53.204076 12.667 -100.00 -100.00 -100.00
 172    28.959 56357.86438192 22.03  49.160746  53.206079 10.654 -100.00 -100.00 -100.00
 172    28.894 56357.86438251 26.46  49.163593  53.208083 20.107 -100.00 -100.00 -100.00
 172    28.954 56357.86438310 19.44  49.166441  53.210086  6.195 -100.00 -100.00 -100.00
 173    29.241 56367.78003097 30.48  49.159567  53.204995   -100 -100.00 -100.00 -100.00
 173    28.983 56367.78003156 30.54  49.162414  53.206998   -100 -100.00 -100.00 -100.00
 173    29.005 56367.78003216 33.07  49.165262  53.209001 11.085 -100.00 -100.00 -100.00
 175    29.375 56387.61132488 40.66  49.155485  53.208015   -100 -100.00 -100.00 -100.00
 175    29.363 56387.61132547 37.49  49.158333  53.210018   -100 -100.00 -100.00 -100.00
 175    29.431 56387.61132606 39.31  49.161180  53.212021   -100 -100.00 -100.00 -100.00
 176    28.964 56397.52696846 31.86  49.153181  53.209445 28.583 -100.00 -100.00 -100.00
 176    28.806 56397.52696905 33.20  49.156029  53.211448   -100 -100.00 -100.00 -100.00
 176    29.056 56397.52696964 34.64  49.158876  53.213451   -100 -100.00 -100.00 -100.00
 177    30.735 56407.44260931 49.11  49.150808  53.208227  5.011 -100.00 -100.00 -100.00
 177    30.777 56407.44260990 52.33  49.153655  53.210231 24.970 -100.00 -100.00 -100.00
 177    30.884 56407.44261049 42.71  49.156502  53.212234   -100 -100.00 -100.00 -100.00
 177    30.591 56407.44261108 37.45  49.159350  53.214237 26.566 -100.00 -100.00 -100.00
 178    31.031 56417.35824678 45.92  49.153354  53.207423   -100 -100.00 -100.00 -100.00
 178    30.786 56417.35824737 41.96  49.156201  53.209426 32.715 -100.00 -100.00 -100.00
 178    30.848 56417.35824796 34.26  49.159048  53.211430  9.651 -100.00 -100.00 -100.00
 179    30.004 56427.27387954 44.40  49.157831  53.205937 32.269 -100.00 -100.00 -100.00
 179    29.750 56427.27388013 47.73  49.160678  53.207940   -100 -100.00 -100.00 -100.00
 179    29.921 56427.27388072 51.22  49.163526  53.209944   -100 -100.00 -100.00 -100.00
 180    30.423 56437.18953153 39.70  49.155139  53.205693 30.483 -100.00 -100.00 -100.00
 180    30.216 56437.18953212 39.63  49.157987  53.207697 32.759 -100.00 -100.00 -100.00
 180    30.210 56437.18953271 36.54  49.160834  53.209700 21.399 -100.00 -100.00 -100.00
 180    30.245 56437.18953330 35.99  49.163682  53.211703 19.436 -100.00 -100.00 -100.00
 181    30.442 56447.10518336 50.14  49.154876  53.208426   -100 -100.00 -100.00 -100.00
 181    30.731 56447.10518395 45.19  49.157723  53.210429   -100 -100.00 -100.00 -100.00
 181    30.588 56447.10518454 44.62  49.160571  53.212432   -100 -100.00 -100.00 -100.00
 182    29.087 56457.02083230 31.60  49.152495  53.208907 18.403 -100.00 -100.00 -100.00
 182    28.946 56457.02083289 30.29  49.155342  53.210911 14.252 -100.00 -100.00 -100.00
 182    29.106 56457.02083348 30.03  49.158190  53.212914 14.409 -100.00 -100.00 -100.00
 183    28.947 56466.93647781 40.45  49.150952  53.207651  8.557 -100.00 -100.00 -100.00
 183    28.915 56466.93647840 31.36  49.153799  53.209654 24.405 -100.00 -100.00 -100.00
 183    28.839 56466.93647899 29.65  49.156647  53.211657 19.134 -100.00 -100.00 -100.00
 183    29.101 56466.93647958 30.36  49.159494  53.213660 19.211 -100.00 -100.00 -100.00
 184    28.849 56476.85211982 32.47  49.153729  53.206944 23.056 -100.00 -100.00 -100.00
 184    28.437 56476.85212041 32.62  49.156576  53.208947 27.577 -100.00 -100.00 -100.00
 184    28.643 56476.85212100 34.00  49.159423  53.210950 30.044 -100.00 -100.00 -100.00
 185    28.864 56486.76775837 32.73  49.158155  53.206180   -100 -100.00 -100.00 -100.00
 185    28.368 56486.76775896 32.75  49.161002  53.208183   -100 -100.00 -100.00 -100.00
 185    28.559 56486.76775955 32.92  49.163849  53.210185   -100 -100.00 -100.00 -100.00
 186    28.496 56496.68339379 40.52  49.158440  53.204201   -100 -100.00 -100.00 -100.00
 186    28.492 56496.68339438 37.63  49.161287  53.206204   -100 -100.00 -100.00 -100.00
 186    28.452 56496.68339497 41.41  49.164134  53.208207   -100 -100.00 -100.00 -100.00
 186    28.399 56496.68339556 39.09  49.166981  53.210210   -100 -100.00 -100.00 -100.00
 187    28.650 56506.59902854 33.75  49.160131  53.204856   -100 -100.00 -100.00 -100.00
 187    28.320 56506.59902913 32.59  49.162977  53.206859 32.416 -100.00 -100.00 -100.00
 187    28.521 56506.59902972 36.38  49.165825  53.208862   -100 -100.00 -100.00 -100.00
 188    28.479 56516.51466331 41.77  49.158788  53.203708   -100 -100.00 -100.00 -100.00
 188    28.627 56516.51466390 40.43  49.161635  53.205711   -100 -100.00 -100.00 -100.00
 188    28.671 56516.51466449 47.86  49.164481  53.207714  5.540 -100.00 -100.00 -100.00
 188    28.709 56516.51466508 38.61  49.167328  53.209717 27.865 -100.00 -100.00 -100.00
 189    28.680 56526.43031815 35.92  49.157115  53.205181   -100 -100.00 -100.00 -100.00
 189    28.371 56526.43031874 36.01  49.159962  53.207184   -100 -100.00 -100.00 -100.00
 189    28.729 56526.43031933 32.52  49.162809  53.209187 30.118 -100.00 -100.00 -100.00
 190    28.720 56536.34596869 34.70  49.156696  53.205201   -100 -100.00 -100.00 -100.00
 190    28.279 56536.34596928 33.12  49.159543  53.207204   -100 -100.00 -100.00 -100.00
 190    28.592 56536.34596987 30.20  49.162390  53.209207 29.421 -100.00 -100.00 -100.00
 190    28.517 56536.34597047 36.64  49.165238  53.211210   -100 -100.00 -100.00 -100.00
 192    28.410 56556.17725968 31.64  49.157280  53.207052   -100 -100.00 -100.00 -100.00
 192    28.286 56556.17726027 32.12  49.160127  53.209056   -100 -100.00 -100.00 -100.00
 192    28.429 56556.17726086 34.10  49.162975  53.211059   -100 -100.00 -100.00 -100.00
 193    28.725 56566.09290223 31.68  49.155124  53.207756 29.945 -100.00 -100.00 -100.00
 193    28.633 56566.09290282 30.73  49.157971  53.209759 24.889 -100.00 -100.00 -100.00
 193    28.634 56566.09290341 35.81  49.160819  53.211762   -100 -100.00 -100.00 -100.00
 194    28.535 56576.00854347 36.17  49.153890  53.208599 20.980 -100.00 -100.00 -100.00
 194    28.560 56576.00854406 37.37  49.156737  53.210603 25.502 -100.00 -100.00 -100.00
 194    28.435 56576.00854466 36.61  49.159585  53.212606 23.523 -100.00 -100.00 -100.00
 195    28.610 56585.92418120 34.53  49.153449  53.207351 22.246 -100.00 -100.00 -100.00
 195    28.579 56585.92418179 32.29  49.156295  53.209354 16.468 -100.00 -100.00 -100.00
 195    28.469 56585.92418238 31.76  49.159142  53.211358 16.838 -100.00 -100.00 -100.00
 196    28.402 56595.83981935 38.66  49.156939  53.207103 19.031 -100.00 -100.00 -100.00
 196    28.564 56595.83981994 40.33  49.159786  53.209107 21.828 -100.00 -100.00 -100.00
 196    28.633 56595.83982053 40.87  49.162633  53.211110 26.100 -100.00 -100.00 -100.00
 197    28.982 56605.75547137 49.18  49.154594  53.206472   -100 -100.00 -100.00 -100.00
 197    28.845 56605.75547196 51.42  49.157441  53.208476 12.513 -100.00 -100.00 -100.00
 197    29.147 56605.75547255 49.60  49.160288  53.210479   -100 -100.00 -100.00 -100.00
 198    29.087 56615.67111924 35.45  49.155310  53.207737 17.431 -100.00 -100.00 -100.00
 198    28.815 56615.67111983 35.68  49.158157  53.209740 19.193 -100.00 -100.00 -100.00
 198    29.075 56615.67112042 35.72  49.161005  53.211743 18.003 -100.00 -100.00 -100.00
 199    28.733 56625.58676339 34.41  49.155370  53.208116 21.699 -100.00 -100.00 -100.00
 199    28.707 56625.58676398 35.84  49.158217  53.210119 28.860 -100.00 -100.00 -100.00
 199    28.859 56625.58676458 36.42  49.161065  53.212122 31.363 -100.00 -100.00 -100.00
 200    28.875 56635.50240467 34.50  49.155203  53.207535 17.206 -100.00 -100.00 -100.00
 200    28.881 56635.50240526 35.09  49.158051  53.209539 19.824 -100.00 -100.00 -100.00
 200    28.718 56635.50240585 39.43  49.160898  53.211542   -100 -100.00 -100.00 -100.00
 201    29.152 56645.41804333 34.49  49.155155  53.205318 22.666 -100.00 -100.00 -100.00
 201    29.192 56645.41804392 38.82  49.158002  53.207322   -100 -100.00 -100.00 -100.00
 201    29.120 56645.41804451 39.91  49.160849  53.209325   -100 -100.00 -100.00 -100.00
 201    29.073 56645.41804510 42.17  49.163697  53.211328   -100 -100.00 -100.00 -100.00
 202    29.046 56655.33369613 31.65  49.154908  53.205673 14.885 -100.00 -100.00 -100.00
 202    28.933 56655.33369672 32.86  49.157755  53.207677 18.222 -100.00 -100.00 -100.00
 202    28.811 56655.33369731 31.97  49.160603  53.209680 16.578 -100.00 -100.00 -100.00
 202    28.818 56655.33369790 31.51  49.163451  53.211684 14.272 -100.00 -100.00 -100.00
 203    28.710 56665.24934486 28.25  49.156742  53.206648 10.923 -100.00 -100.00 -100.00
 203    28.611 56665.24934545 29.53  49.159590  53.208651 14.529 -100.00 -100.00 -100.00
 203    28.587 56665.24934604 29.42  49.162438  53.210655 12.745 -100.00 -100.00 -100.00
 204    29.087 56675.16499047 25.31  49.156615  53.206938 12.294 -100.00 -100.00 -100.00
 204    28.910 56675.16499106 26.90  49.159463  53.208941 14.675 -100.00 -100.00 -100.00
 204    29.015 56675.16499165 25.18  49.162311  53.210944 11.536 -100.00 -100.00 -100.00
 205    28.874 56685.08063474 19.81  49.155219  53.207219  5.892 -100.00 -100.00 -100.00
 205    28.703 56685.08063533 20.48  49.158066  53.209222  5.941 -100.00 -100.00 -100.00
 205    28.812 56685.08063592 20.30  49.160914  53.211225  5.803 -100.00 -100.00 -100.00
 206    28.801 56694.99627683 19.88  49.153880  53.206803  7.322 -100.00 -100.00 -100.00
 206    28.734 56694.99627742 20.29  49.156727  53.208806  7.717 -100.00 -100.00 -100.00
 206    28.824 56694.99627801 19.66  49.159575  53.210809  6.562 -100.00 -100.00 -100.00
 207    28.988 56704.91191470 23.57  49.155722  53.206278 11.577 -100.00 -100.00 -100.00
 207    28.884 56704.91191529 23.76  49.158569  53.208282 11.642 -100.00 -100.00 -100.00
 207    28.953 56704.91191588 23.45  49.161416  53.210285 10.683 -100.00 -100.00 -100.00
 208    29.148 56714.82754697 20.51  49.157974  53.204281  7.139 -100.00 -100.00 -100.00
 208    29.024 56714.82754756 20.44  49.160820  53.206284  6.957 -100.00 -100.00 -100.00
 208    29.086 56714.82754815 20.56  49.163668  53.208288  6.794 -100.00 -100.00 -100.00
 208    29.059 56714.82754874 20.63  49.166515  53.210291  7.220 -100.00 -100.00 -100.00
 209    29.513 56724.74319872 19.11  49.157040  53.205945  7.051 -100.00 -100.00 -100.00
 209    29.548 56724.74319931 18.66  49.159887  53.207948  6.205 -100.00 -100.00 -100.00
 209    29.404 56724.74319990 19.04  49.162734  53.209952  6.464 -100.00 -100.00 -100.00
 210    29.082 56734.65884879 26.39  49.154657  53.207778 12.089 -100.00 -100.00 -100.00
 210    29.194 56734.65884938 25.04  49.157504  53.209781  9.267 -100.00 -100.00 -100.00
 210    29.067 56734.65884997 27.05  49.160352  53.211784 14.426 -100.00 -100.00 -100.00
 211    29.127 56744.57449568 39.24  49.152690  53.209718   -100 -100.00 -100.00 -100.00
 211    29.147 56744.57449627 34.69  49.155538  53.211722 26.789 -100.00 -100.00 -100.00
 211    29.118 56744.57449686 33.81  49.158385  53.213725 22.011 -100.00 -100.00 -100.00
 212    29.552 56754.49013798 29.30  49.151297  53.209288 11.544 -100.00 -100.00 -100.00
 212    28.983 56754.49013857 29.65  49.154144  53.211291 13.180 -100.00 -100.00 -100.00
 212    29.087 56754.49013916 29.20  49.156992  53.213295 11.331 -100.00 -100.00 -100.00
 213    28.685 56764.40577516 30.94  49.154345  53.208755 19.979 -100.00 -100.00 -100.00
 213    28.314 56764.40577575 32.33  49.157192  53.210759 25.864 -100.00 -100.00 -100.00
 213    28.484 56764.40577634 32.87  49.160040  53.212762 29.272 -100.00 -100.00 -100.00
 214    30.071 56774.32141089 46.41  49.154515  53.205681   -100 -100.00 -100.00 -100.00
 214    30.112 56774.32141148 34.28  49.157361  53.207684 15.617 -100.00 -100.00 -100.00
 214    30.147 56774.32141207 34.59  49.160209  53.209688 14.738 -100.00 -100.00 -100.00
 214    30.069 56774.32141266 40.26  49.163056  53.211692   -100 -100.00 -100.00 -100.00
 215    30.519 56784.23706845 31.97  49.154412  53.208538 26.217 -100.00 -100.00 -100.00
 215    30.212 56784.23706904 31.26  49.157259  53.210541 23.510 -100.00 -100.00 -100.00
 215    30.560 56784.23706963 30.86  49.160107  53.212544 18.680 -100.00 -100.00 -100.00
 216    29.141 56794.15272162 29.81  49.151169  53.209296 29.405 -100.00 -100.00 -100.00
 216    29.071 56794.15272221 27.94  49.154017  53.211300 16.392 -100.00 -100.00 -100.00
 216    28.928 56794.15272280 29.07  49.156864  53.213303 24.907 -100.00 -100.00 -100.00
 217    29.383 56804.06837148 41.77  49.149492  53.210028 17.870 -100.00 -100.00 -100.00
 217    29.356 56804.06837207 42.60  49.152340  53.212031 19.079 -100.00 -100.00 -100.00
 217    29.370 56804.06837266 44.33  49.155188  53.214034 25.282 -100.00 -100.00 -100.00
 218    29.167 56813.98401403 48.16  49.151236  53.209548   -100 -100.00 -100.00 -100.00
 218    29.168 56813.98401462 52.11  49.154083  53.211552  2.782 -100.00 -100.00 -100.00
 218    29.103 56813.98401521 53.21  49.156931  53.213555 11.092 -100.00 -100.00 -100.00
 219    28.520 56823.89965314 32.70  49.154443  53.208507   -100 -100.00 -100.00 -100.00
 219    28.377 56823.89965373 30.83  49.157290  53.210510 27.720 -100.00 -100.00 -100.00
 219    28.442 56823.89965432 32.93  49.160137  53.212513   -100 -100.00 -100.00 -100.00
 220    29.294 56833.81528787 35.81  49.156167  53.206043 13.348 -100.00 -100.00 -100.00
 220    29.119 56833.81528846 35.31  49.159014  53.208046 11.928 -100.00 -100.00 -100.00
 220    29.311 56833.81528905 35.57  49.161861  53.210049 13.300 -100.00 -100.00 -100.00
 221    29.151 56843.73091967 37.35  49.159422  53.205230 10.245 -100.00 -100.00 -100.00
 221    28.732 56843.73092026 42.52  49.162268  53.207233 23.307 -100.00 -100.00 -100.00
 221    29.490 56843.73092085 39.63  49.165115  53.209236 15.816 -100.00 -100.00 -100.00
 222    29.201 56853.64656204 38.51  49.157385  53.204518 10.863 -100.00 -100.00 -100.00
 222    28.613 56853.64656263 45.41  49.160231  53.206521   -100 -100.00 -100.00 -100.00
 222    28.996 56853.64656322 49.41  49.163078  53.208524 30.030 -100.00 -100.00 -100.00
 222    28.957 56853.64656381 49.18  49.165926  53.210527   -100 -100.00 -100.00 -100.00
 223    28.277 56863.56221652 29.58  49.156869  53.207331 22.877 -100.00 -100.00 -100.00
 223    28.101 56863.56221711 34.07  49.159716  53.209334   -100 -100.00 -100.00 -100.00
 223    28.350 56863.56221770 38.62  49.162563  53.211337   -100 -100.00 -100.00 -100.00
 224    28.646 56873.47786953 33.40  49.152834  53.206477 32.444 -100.00 -100.00 -100.00
 224    28.349 56873.47787012 31.78  49.155681  53.208480 27.460 -100.00 -100.00 -100.00
 224    28.284 56873.47787072 33.39  49.158528  53.210483   -100 -100.00 -100.00 -100.00
 224    28.408 56873.47787131 34.46  49.161375  53.212486   -100 -100.00 -100.00 -100.00
 225    28.843 56883.39351994 43.11  49.152543  53.206934   -100 -100.00 -100.00 -100.00
 225    28.485 56883.39352053 42.51  49.155391  53.208938   -100 -100.00 -100.00 -100.00
 225    28.387 56883.39352112 41.08  49.158238  53.210941   -100 -100.00 -100.00 -100.00
 225    28.544 56883.39352171 46.24  49.161086  53.212944  3.193 -100.00 -100.00 -100.00
 226    28.414 56893.30916723 30.40  49.153959  53.208238 22.022 -100.00 -100.00 -100.00
 226    27.973 56893.30916782 32.57  49.156806  53.210241 30.373 -100.00 -100.00 -100.00
 226    28.236 56893.30916841 33.33  49.159654  53.212245   -100 -100.00 -100.00 -100.00
 227    28.563 56903.22481062 41.42  49.151559  53.207832   -100 -100.00 -100.00 -100.00
 227    28.152 56903.22481121 32.89  49.154406  53.209835 28.744 -100.00 -100.00 -100.00
 227    28.056 56903.22481180 37.21  49.157254  53.211838   -100 -100.00 -100.00 -100.00
 227    28.358 56903.22481239 41.13  49.160102  53.213841  1.719 -100.00 -100.00 -100.00
 228    28.635 56913.14045208 36.32  49.148858  53.208422   -100 -100.00 -100.00 -100.00
 228    28.474 56913.14045267 33.63  49.151705  53.210425 24.836 -100.00 -100.00 -100.00
 228    28.474 56913.14045326 32.32  49.154553  53.212428 20.620 -100.00 -100.00 -100.00
 228    28.833 56913.14045385 36.49  49.157401  53.214431 30.107 -100.00 -100.00 -100.00
 229    28.618 56923.05609226 33.39  49.149898  53.209978 19.478 -100.00 -100.00 -100.00
 229    28.544 56923.05609285 34.58  49.152745  53.211981 22.507 -100.00 -100.00 -100.00
 229    28.549 56923.05609344 36.04  49.155592  53.213984 26.706 -100.00 -100.00 -100.00
 230    28.657 56932.97172957 30.76  49.150819  53.208840 30.760 -100.00 -100.00 -100.00
 230    28.223 56932.97173016 31.91  49.153666  53.210843   -100 -100.00 -100.00 -100.00
 230    28.572 56932.97173075 27.94  49.156513  53.212846 23.049 -100.00 -100.00 -100.00
 231    29.020 56942.88736172 45.01  49.154590  53.206906 28.777 -100.00 -100.00 -100.00
 231    28.983 56942.88736231 49.46  49.157437  53.208909   -100 -100.00 -100.00 -100.00
 231    28.947 56942.88736290 52.06  49.160284  53.210912   -100 -100.00 -100.00 -100.00
 232    28.662 56952.80300662 36.32  49.156307  53.206343  0.652 -100.00 -100.00 -100.00
 232    28.493 56952.80300721 29.72  49.159153  53.208346   -100 -100.00 -100.00 -100.00
 232    28.631 56952.80300780 33.61  49.162000  53.210349   -100 -100.00 -100.00 -100.00
 233    28.496 56962.71865720 32.71  49.154842  53.206967 22.383 -100.00 -100.00 -100.00
 233    28.469 56962.71865779 29.82  49.157689  53.208971 14.025 -100.00 -100.00 -100.00
 233    28.453 56962.71865838 34.35  49.160536  53.210974 26.742 -100.00 -100.00 -100.00
 234    29.159 56972.63430287 46.39  49.152147  53.207186   -100 -100.00 -100.00 -100.00
 234    28.905 56972.63430346 48.25  49.154994  53.209190   -100 -100.00 -100.00 -100.00
 234    28.823 56972.63430405 52.48  49.157842  53.211193 18.015 -100.00 -100.00 -100.00
 234    28.828 56972.63430464 54.04  49.160689  53.213196 27.540 -100.00 -100.00 -100.00
 235    28.535 56982.54994482 36.73  49.152914  53.207996 18.872 -100.00 -100.00 -100.00
 235    28.399 56982.54994541 37.11  49.155761  53.209999 21.418 -100.00 -100.00 -100.00
 235    28.381 56982.54994600 40.86  49.158608  53.212002   -100 -100.00 -100.00 -100.00
 236    29.353 56992.46558194 44.06  49.154933  53.206438 22.450 -100.00 -100.00 -100.00
 236    29.226 56992.46558253 46.28  49.157780  53.208441 28.444 -100.00 -100.00 -100.00
 236    28.677 56992.46558312 50.68  49.160627  53.210444 16.684 -100.00 -100.00 -100.00
 237    28.372 57002.38121640 39.69  49.158159  53.203406 20.966 -100.00 -100.00 -100.00
 237    28.534 57002.38121699 38.70  49.161005  53.205409 15.756 -100.00 -100.00 -100.00
 237    28.691 57002.38121758 41.63  49.163853  53.207413 25.389 -100.00 -100.00 -100.00
 237    28.563 57002.38121817 40.29  49.166700  53.209416 17.846 -100.00 -100.00 -100.00
 238    30.007 57012.29687372 35.37  49.157388  53.204085 14.683 -100.00 -100.00 -100.00
 238    29.101 57012.29687431 35.44  49.160235  53.206088 27.123 -100.00 -100.00 -100.00
 238    28.639 57012.29687490 40.61  49.163083  53.208092 15.444 -100.00 -100.00 -100.00
 238    28.625 57012.29687549 31.38  49.165931  53.210095 27.759 -100.00 -100.00 -100.00
 239    28.271 57022.21252545 27.63  49.156909  53.205750 16.617 -100.00 -100.00 -100.00
 239    28.332 57022.21252604 26.37  49.159757  53.207754 14.684 -100.00 -100.00 -100.00
 239    28.341 57022.21252663 25.86  49.162605  53.209757 11.306 -100.00 -100.00 -100.00
 240    28.624 57032.12817394 22.04  49.153949  53.206803 10.288 -100.00 -100.00 -100.00
 240    28.551 57032.12817453 20.50  49.156796  53.208806  7.909 -100.00 -100.00 -100.00
 240    28.392 57032.12817512 19.48  49.159644  53.210810  7.242 -100.00 -100.00 -100.00
 241    28.602 57042.04382031 24.74  49.152413  53.207493 19.147 -100.00 -100.00 -100.00
 241    28.428 57042.04382091 23.07  49.155260  53.209497 15.693 -100.00 -100.00 -100.00
 241    28.210 57042.04382150 20.68  49.158108  53.211500  9.896 -100.00 -100.00 -100.00
 242    28.779 57051.95946476 17.42  49.153782  53.208033  4.289 -100.00 -100.00 -100.00
 242    28.692 57051.95946535 18.14  49.156629  53.210036  5.301 -100.00 -100.00 -100.00
 242    28.569 57051.95946594 18.77  49.159477  53.212040  6.789 -100.00 -100.00 -100.00
 243    28.617 57061.87510449 18.19  49.155057  53.206035  3.937 -100.00 -100.00 -100.00
 243    28.795 57061.87510508 18.40  49.157904  53.208038  4.390 -100.00 -100.00 -100.00
 243    28.656 57061.87510567 18.96  49.160751  53.210041  4.817 -100.00 -100.00 -100.00
 244    28.729 57071.79073902 18.34  49.156929  53.204578  4.183 -100.00 -100.00 -100.00
 244    28.858 57071.79073961 18.64  49.159776  53.206581  4.788 -100.00 -100.00 -100.00
 244    28.735 57071.79074020 18.74  49.162623  53.208584  4.290 -100.00 -100.00 -100.00
 244    28.734 57071.79074079 19.18  49.165470  53.210587  4.964 -100.00 -100.00 -100.00
 245    29.038 57081.70636985 19.30  49.159184  53.205047  5.370 -100.00 -100.00 -100.00
 245    28.836 57081.70637044 20.76  49.162031  53.207050  7.165 -100.00 -100.00 -100.00
 245    29.037 57081.70637103 21.06  49.164878  53.209054  7.906 -100.00 -100.00 -100.00
 246    28.584 57091.62201428 19.63  49.157071  53.207095 10.380 -100.00 -100.00 -100.00
 246    28.728 57091.62201487 19.03  49.159918  53.209098  8.006 -100.00 -100.00 -100.00
 246    28.759 57091.62201546 19.53  49.162766  53.211101  8.969 -100.00 -100.00 -100.00
 247    28.816 57101.53767152 29.02  49.151078  53.208487 19.735 -100.00 -100.00 -100.00
 247    28.714 57101.53767211 28.72  49.153925  53.210490 17.177 -100.00 -100.00 -100.00
 247    28.892 57101.53767270 29.85  49.156772  53.212493 21.245 -100.00 -100.00 -100.00
 248    28.504 57111.45332602 30.80  49.151326  53.210154 23.327 -100.00 -100.00 -100.00
 248    28.668 57111.45332661 30.43  49.154173  53.212157 21.026 -100.00 -100.00 -100.00
 248    28.749 57111.45332720 33.45  49.157021  53.214161 31.257 -100.00 -100.00 -100.00
 249    28.757 57121.36897426 37.97  49.152332  53.208530   -100 -100.00 -100.00 -100.00
 249    28.502 57121.36897485 28.78  49.155179  53.210533 19.728 -100.00 -100.00 -100.00
 249    28.468 57121.36897544 28.85  49.158027  53.212536 22.513 -100.00 -100.00 -100.00
 250    29.147 57131.28461691 45.21  49.154146  53.207296 32.323 -100.00 -100.00 -100.00
 250    29.091 57131.28461750 49.41  49.156993  53.209299   -100 -100.00 -100.00 -100.00
 250    28.927 57131.28461809 53.60  49.159841  53.211303   -100 -100.00 -100.00 -100.00
 251    29.176 57141.20025459 46.36  49.155966  53.207534   -100 -100.00 -100.00 -100.00
 251    29.060 57141.20025518 49.64  49.158813  53.209537  8.641 -100.00 -100.00 -100.00
 251    29.244 57141.20025577 49.62  49.161661  53.211540   -100 -100.00 -100.00 -100.00
 252    29.649 57151.11588822 38.42  49.153776  53.205980   -100 -100.00 -100.00 -100.00
 252    29.292 57151.11588881 38.77  49.156623  53.207984   -100 -100.00 -100.00 -100.00
 252    29.476 57151.11588940 35.10  49.159470  53.209987 29.675 -100.00 -100.00 -100.00
 252    29.606 57151.11588999 38.55  49.162318  53.211990   -100 -100.00 -100.00 -100.00
 253    29.569 57161.03151902 51.91  49.155631  53.205247   -100 -100.00 -100.00 -100.00
 253    29.575 57161.03151962 43.17  49.158478  53.207250 20.126 -100.00 -100.00 -100.00
 253    29.622 57161.03152021 34.20  49.161325  53.209254 31.695 -100.00 -100.00 -100.00
 253    29.600 57161.03152080 40.24  49.164172  53.211257   -100 -100.00 -100.00 -100.00
 254    29.699 57170.94717399 38.57  49.155241  53.205661   -100 -100.00 -100.00 -100.00
 254    29.460 57170.94717458 30.80  49.158087  53.207665 24.459 -100.00 -100.00 -100.00
 254    29.273 57170.94717517 32.15  49.160935  53.209668 30.434 -100.00 -100.00 -100.00
 254    29.287 57170.94717576 35.58  49.163782  53.211671   -100 -100.00 -100.00 -100.00
 255    28.808 57180.86282867 50.82  49.155513  53.204867   -100 -100.00 -100.00 -100.00
 255    28.854 57180.86282926 36.92  49.158360  53.206870 26.131 -100.00 -100.00 -100.00
 255    28.824 57180.86282985 33.79  49.161207  53.208873 16.950 -100.00 -100.00 -100.00
 255    28.772 57180.86283044 46.73  49.164055  53.210876 10.727 -100.00 -100.00 -100.00
 256    28.819 57190.77848009 47.09  49.158591  53.206430   -100 -100.00 -100.00 -100.00
 256    29.311 57190.77848068 48.58  49.161438  53.208433   -100 -100.00 -100.00 -100.00
 256    28.956 57190.77848127 50.20  49.164285  53.210436   -100 -100.00 -100.00 -100.00
 257    29.106 57200.69412775 36.10  49.156802  53.206807 10.256 -100.00 -100.00 -100.00
 257    28.663 57200.69412834 46.88  49.159650  53.208810   -100 -100.00 -100.00 -100.00
 257    29.287 57200.69412893 45.28  49.162497  53.210813 26.977 -100.00 -100.00 -100.00
 258    28.737 57210.60976209 32.48  49.155211  53.208401 26.301 -100.00 -100.00 -100.00
 258    28.358 57210.60976268 33.62  49.158058  53.210404   -100 -100.00 -100.00 -100.00
 258    28.706 57210.60976327 32.22  49.160905  53.212407 26.596 -100.00 -100.00 -100.00
 259    28.944 57220.52540580 38.56  49.152238  53.207704  8.710 -100.00 -100.00 -100.00
 259    28.918 57220.52540639 31.67  49.155085  53.209707 29.835 -100.00 -100.00 -100.00
 259    28.787 57220.52540698 32.50  49.157932  53.211710   -100 -100.00 -100.00 -100.00
 260    28.874 57230.44104867 34.01  49.152738  53.206977   -100 -100.00 -100.00 -100.00
 260    28.539 57230.44104926 34.19  49.155585  53.208980   -100 -100.00 -100.00 -100.00
 260    28.402 57230.44104985 34.51  49.158432  53.210983   -100 -100.00 -100.00 -100.00
 260    28.724 57230.44105044 35.45  49.161280  53.212986   -100 -100.00 -100.00 -100.00
 261    28.832 57240.35668974 30.59  49.156801  53.207627 24.785 -100.00 -100.00 -100.00
 261    28.839 57240.35669033 31.62  49.159649  53.209631 27.229 -100.00 -100.00 -100.00
 261    28.785 57240.35669092 35.17  49.162496  53.211634   -100 -100.00 -100.00 -100.00
 262    28.902 57250.27232713 43.25  49.156838  53.205390   -100 -100.00 -100.00 -100.00
 262    28.996 57250.27232772 42.47  49.159685  53.207394 29.993 -100.00 -100.00 -100.00
 262    28.946 57250.27232831 48.85  49.162533  53.209397   -100 -100.00 -100.00 -100.00
 263    29.248 57260.18796272 38.70  49.157585  53.205604 19.007 -100.00 -100.00 -100.00
 263    28.875 57260.18796331 48.43  49.160431  53.207607   -100 -100.00 -100.00 -100.00
 263    29.310 57260.18796390 48.70  49.163279  53.209610 32.733 -100.00 -100.00 -100.00
 264    28.927 57270.10359666 35.14  49.156194  53.205532   -100 -100.00 -100.00 -100.00
 264    28.868 57270.10359725 31.52  49.159040  53.207535 32.000 -100.00 -100.00 -100.00
 264    28.906 57270.10359784 31.23  49.161887  53.209539 30.578 -100.00 -100.00 -100.00
 265    29.120 57280.01925002 46.36  49.154484  53.208434   -100 -100.00 -100.00 -100.00
 265    28.921 57280.01925061 51.61  49.157331  53.210438  6.149 -100.00 -100.00 -100.00
 265    29.000 57280.01925120 50.32  49.160178  53.212441   -100 -100.00 -100.00 -100.00
 266    29.478 57289.93490509 47.57  49.151820  53.208141 25.608 -100.00 -100.00 -100.00
 266    29.279 57289.93490568 49.43  49.154667  53.210144 32.740 -100.00 -100.00 -100.00
 266    29.289 57289.93490627 52.50  49.157514  53.212147   -100 -100.00 -100.00 -100.00
 267    29.356 57299.85055762 34.72  49.152922  53.208030 14.789 -100.00 -100.00 -100.00
 267    29.057 57299.85055821 35.30  49.155768  53.210033 17.254 -100.00 -100.00 -100.00
 267    29.187 57299.85055880 39.51  49.158615  53.212036 24.891 -100.00 -100.00 -100.00
 268    28.765 57309.76620657 32.63  49.154812  53.207476 16.184 -100.00 -100.00 -100.00
 268    28.506 57309.76620716 31.79  49.157659  53.209479 12.832 -100.00 -100.00 -100.00
 268    28.509 57309.76620775 35.89  49.160506  53.211482 28.163 -100.00 -100.00 -100.00
 269    28.564 57319.68185173 34.56  49.152720  53.206448   -100 -100.00 -100.00 -100.00
 269    28.556 57319.68185232 30.09  49.155566  53.208451 31.841 -100.00 -100.00 -100.00
 269    28.534 57319.68185291 32.56  49.158414  53.210454   -100 -100.00 -100.00 -100.00
 269    28.500 57319.68185350 35.11  49.161261  53.212457   -100 -100.00 -100.00 -100.00
 270    28.761 57329.59749449 42.63  49.151049  53.207432 10.064 -100.00 -100.00 -100.00
 270    28.711 57329.59749508 31.65  49.153896  53.209436 21.430 -100.00 -100.00 -100.00
 270    28.410 57329.59749567 32.97  49.156744  53.211439 26.335 -100.00 -100.00 -100.00
 270    28.645 57329.59749626 33.64  49.159591  53.213442 26.947 -100.00 -100.00 -100.00
 271    28.837 57339.51313558 30.00  49.152236  53.209517 16.350 -100.00 -100.00 -100.00
 271    28.456 57339.51313617 29.67  49.155083  53.211520 16.627 -100.00 -100.00 -100.00
 271    28.694 57339.51313676 28.07  49.157931  53.213523 11.310 -100.00 -100.00 -100.00
 272    28.771 57349.42878501 37.95  49.150547  53.208501   -100 -100.00 -100.00 -100.00
 272    28.718 57349.42878560 32.74  49.153394  53.210504 16.199 -100.00 -100.00 -100.00
 272    28.577 57349.42878619 32.67  49.156242  53.212507 19.172 -100.00 -100.00 -100.00
 272    28.678 57349.42878678 31.68  49.159090  53.214510 15.607 -100.00 -100.00 -100.00
 273    28.574 57359.34443109 34.38  49.154049  53.207771 24.648 -100.00 -100.00 -100.00
 273    28.464 57359.34443168 34.39  49.156896  53.209774 23.170 -100.00 -100.00 -100.00
 273    28.697 57359.34443227 32.79  49.159744  53.211777 20.005 -100.00 -100.00 -100.00
 274    28.550 57369.26007388 32.61  49.157518  53.206769 20.617 -100.00 -100.00 -100.00
 274    28.563 57369.26007447 32.37  49.160366  53.208773 21.486 -100.00 -100.00 -100.00
 274    28.615 57369.26007506 33.83  49.163214  53.210776 28.156 -100.00 -100.00 -100.00
 275    29.066 57379.17571368 46.78  49.157541  53.206153   -100 -100.00 -100.00 -100.00
 275    28.920 57379.17571427 48.90  49.160389  53.208156   -100 -100.00 -100.00 -100.00
 275    28.999 57379.17571486 52.57  49.163237  53.210160   -100 -100.00 -100.00 -100.00
 276    28.578 57389.09135204 39.08  49.156418  53.206661 32.740 -100.00 -100.00 -100.00
 276    28.734 57389.09135263 35.44  49.159265  53.208665 19.696 -100.00 -100.00 -100.00
 276    28.616 57389.09135322 35.19  49.162113  53.210668 19.718 -100.00 -100.00 -100.00
 277    28.528 57399.00698909 27.23  49.154467  53.205586  6.531 -100.00 -100.00 -100.00
 277    28.502 57399.00698968 27.41  49.157314  53.207589  6.868 -100.00 -100.00 -100.00
 277    28.362 57399.00699027 27.75  49.160161  53.209593  6.997 -100.00 -100.00 -100.00
 277    28.466 57399.00699086 27.65  49.163008  53.211596  6.968 -100.00 -100.00 -100.00
 278    28.787 57408.92262639 22.31  49.157247  53.205563  5.300 -100.00 -100.00 -100.00
 278    28.618 57408.92262698 22.21  49.160094  53.207567  5.508 -100.00 -100.00 -100.00
 278    28.707 57408.92262757 22.13  49.162941  53.209570  4.912 -100.00 -100.00 -100.00
 279    28.912 57418.83827932 35.38  49.157858  53.206415   -100 -100.00 -100.00 -100.00
 279    28.863 57418.83827991 36.47  49.160705  53.208418   -100 -100.00 -100.00 -100.00
 279    28.869 57418.83828050 34.43  49.163552  53.210422   -100 -100.00 -100.00 -100.00
 280    28.858 57428.75392910 26.73  49.154810  53.205441 26.368 -100.00 -100.00 -100.00
 280    29.073 57428.75392969 24.59  49.157657  53.207444 18.245 -100.00 -100.00 -100.00
 280    28.977 57428.75393028 26.52  49.160505  53.209447 24.901 -100.00 -100.00 -100.00
 280    28.795 57428.75393087 26.31  49.163352  53.211450 24.686 -100.00 -100.00 -100.00
 281    28.940 57438.66957754 17.04  49.154962  53.208577  6.214 -100.00 -100.00 -100.00
 281    29.180 57438.66957813 18.27  49.157809  53.210580  7.776 -100.00 -100.00 -100.00
 281    28.971 57438.66957872 18.07  49.160657  53.212583  8.211 -100.00 -100.00 -100.00
 282    29.223 57448.58522373 22.20  49.149583  53.208144 12.690 -100.00 -100.00 -100.00
 282    29.148 57448.58522432 22.16  49.152430  53.210147 11.750 -100.00 -100.00 -100.00
 282    29.090 57448.58522491 23.02  49.155277  53.212151 13.781 -100.00 -100.00 -100.00
 282    28.979 57448.58522550 21.84  49.158125  53.214154  9.438 -100.00 -100.00 -100.00
 283    29.091 57458.50086950 33.58  49.149256  53.209577   -100 -100.00 -100.00 -100.00
 283    29.029 57458.50087009 29.91  49.152103  53.211581 23.864 -100.00 -100.00 -100.00
 283    28.870 57458.50087068 28.12  49.154951  53.213584 21.433 -100.00 -100.00 -100.00
 284    29.232 57468.41651243 40.07  49.151943  53.209660   -100 -100.00 -100.00 -100.00
 284    28.812 57468.41651302 46.89  49.154790  53.211663 18.190 -100.00 -100.00 -100.00
 284    28.679 57468.41651361 37.99  49.157638  53.213667   -100 -100.00 -100.00 -100.00
 285    28.727 57478.33215071 43.03  49.153930  53.206503   -100 -100.00 -100.00 -100.00
 285    28.788 57478.33215130 44.51  49.156777  53.208507   -100 -100.00 -100.00 -100.00
 285    29.124 57478.33215189 44.47  49.159625  53.210511 29.784 -100.00 -100.00 -100.00
 286    28.875 57488.24778603 38.91  49.156672  53.204481   -100 -100.00 -100.00 -100.00
 286    28.789 57488.24778662 33.68  49.159519  53.206484 26.053 -100.00 -100.00 -100.00
 286    28.638 57488.24778721 35.23  49.162366  53.208488   -100 -100.00 -100.00 -100.00
 286    28.893 57488.24778780 39.22  49.165214  53.210491   -100 -100.00 -100.00 -100.00
 287    30.005 57498.16341972 36.60  49.160788  53.205012   -100 -100.00 -100.00 -100.00
 287    30.066 57498.16342031 36.99  49.163635  53.207016   -100 -100.00 -100.00 -100.00
 287    30.205 57498.16342090 39.54  49.166483  53.209019   -100 -100.00 -100.00 -100.00
 288    31.281 57508.07906002 46.21  49.159927  53.205495   -100 -100.00 -100.00 -100.00
 288    31.227 57508.07906061 39.07  49.162774  53.207498   -100 -100.00 -100.00 -100.00
 288    31.155 57508.07906120 39.81  49.165622  53.209502   -100 -100.00 -100.00 -100.00
 289    32.028 57517.99471558 48.56  49.155161  53.206127   -100 -100.00 -100.00 -100.00
 289    31.841 57517.99471617 49.76  49.158008  53.208131   -100 -100.00 -100.00 -100.00
 289    31.586 57517.99471676 54.64  49.160855  53.210134 10.909 -100.00 -100.00 -100.00
 290    30.529 57527.91036859 33.68  49.154364  53.206724   -100 -100.00 -100.00 -100.00
 290    30.436 57527.91036918 32.37  49.157211  53.208727 29.131 -100.00 -100.00 -100.00
 290    30.451 57527.91036977 30.30  49.160058  53.210730 21.333 -100.00 -100.00 -100.00
 291    30.025 57537.82601877 47.59  49.155531  53.205998   -100 -100.00 -100.00 -100.00
 291    29.908 57537.82601936 39.20  49.158378  53.208001 25.935 -100.00 -100.00 -100.00
 291    29.875 57537.82601995 37.74  49.161225  53.210004 22.974 -100.00 -100.00 -100.00
 292    29.419 57547.74166619 41.18  49.155474  53.204764   -100 -100.00 -100.00 -100.00
 292    29.046 57547.74166678 34.47  49.158321  53.206767 29.835 -100.00 -100.00 -100.00
 292    28.902 57547.74166737 31.26  49.161168  53.208770 22.857 -100.00 -100.00 -100.00
 292    28.841 57547.74166796 38.96  49.164016  53.210773   -100 -100.00 -100.00 -100.00
 293    29.005 57557.65731276 34.56  49.156108  53.205888   -100 -100.00 -100.00 -100.00
 293    28.711 57557.65731335 32.85  49.158955  53.207891   -100 -100.00 -100.00 -100.00
 293    28.721 57557.65731394 33.60  49.161802  53.209894   -100 -100.00 -100.00 -100.00
 294    28.886 57567.57295839 30.60  49.155311  53.207710 23.133 -100.00 -100.00 -100.00
 294    28.737 57567.57295898 29.92  49.158159  53.209713 23.976 -100.00 -100.00 -100.00
 294    28.714 57567.57295957 35.60  49.161006  53.211716   -100 -100.00 -100.00 -100.00
 295    28.830 57577.48860278 37.06  49.152158  53.207232 31.559 -100.00 -100.00 -100.00
 295    28.758 57577.48860338 32.42  49.155005  53.209235 15.186 -100.00 -100.00 -100.00
 295    28.660 57577.48860397 33.98  49.157852  53.211238 26.739 -100.00 -100.00 -100.00
 295    28.832 57577.48860456 36.21  49.160699  53.213241   -100 -100.00 -100.00 -100.00
 296    28.674 57587.40424628 33.75  49.152167  53.207277   -100 -100.00 -100.00 -100.00
 296    28.545 57587.40424687 31.58  49.155014  53.209280 28.391 -100.00 -100.00 -100.00
 296    28.421 57587.40424746 30.96  49.157861  53.211284 24.294 -100.00 -100.00 -100.00
 296    28.542 57587.40424805 33.28  49.160709  53.213287   -100 -100.00 -100.00 -100.00
 297    28.757 57597.31988742 39.67  49.153564  53.207069 21.912 -100.00 -100.00 -100.00
 297    28.571 57597.31988801 40.37  49.156411  53.209072 26.112 -100.00 -100.00 -100.00
 297    28.607 57597.31988860 46.88  49.159259  53.211075   -100 -100.00 -100.00 -100.00
