-241434.808   -15.000     0.00    0.00
-241145.753   -15.000     0.00    0.00
-240856.675   -15.000     0.00    0.00
-240567.574   -15.000     0.00    0.00
-240278.450   -15.000     0.00    0.00
-239989.303   -15.000     0.00    0.00
-239700.133   -15.000     0.00    0.00
-239410.940   -15.000     0.00    0.00
-239121.723   -15.000     0.00    0.00
-238832.484   -15.000     0.00    0.00
-238543.222   -15.000     0.00    0.00
-238253.936   -15.000     0.00    0.00
-237964.628   -15.000     0.00    0.00
-237675.296   -15.000     0.00    0.00
-237385.941   -15.000     0.00    0.00
-237096.564   -15.000     0.00    0.00
-236807.163   -15.000     0.00    0.00
-236517.739   -15.000     0.00    0.00
-236228.291   -15.000     0.00    0.00
-235938.821   -15.000     0.00    0.00
-235649.328   -15.000     0.00    0.00
-235359.811   -15.000     0.00    0.00
-235070.271   -15.000     0.00    0.00
-234780.708   -15.000     0.00    0.00
-234491.122   -15.000     0.00    0.00
-234206.239   -15.000     0.00    0.00
-233921.488   -15.000     0.00    0.00
-233636.715   -15.000     0.00    0.00
-233351.920   -15.000     0.00    0.00
-233067.103   -15.000     0.00    0.00
-232782.264   -15.000     0.00    0.00
-232497.403   -14.874     0.44    0.72
-232212.519   -14.430     1.56    1.61
-231927.614   -13.800     2.21    2.16
-231642.687   -13.118     2.39    2.55
-231357.737   -12.677     1.55    2.66
-231072.766   -12.290     1.36    2.65
-230787.772   -11.688     2.11    2.77
-230502.757   -10.897     2.77    2.90
-230217.719   -10.351     1.91    2.97
-229932.659    -9.804     1.92    3.06
-229647.577    -9.570     0.82    3.00
-229362.473    -8.642     3.25    4.80
-229077.347    -6.031     9.16    8.71
-228792.199    -3.196     9.94   11.63
-228507.029    -0.065    10.98   13.90
-228221.836     3.489    12.46   15.15
-227936.621     7.602    14.42   15.47
-227651.385    11.543    13.82   14.92
-227366.126    14.587    10.67   13.36
-227080.845    17.178     9.08   11.62
-226795.542    19.422     7.87    8.95
-226510.216    21.543     7.43    4.51
-226224.869    22.154     2.14    1.58
-225939.499    22.163     0.03    1.82
-225654.107    22.033    -0.45    2.01
-225368.693    21.867    -0.58    2.20
-225083.257    21.359    -1.78    2.37
-224797.799    20.902    -1.60    2.48
-224512.318    20.209    -2.43    2.45
-224226.816    19.356    -2.99    2.43
-223941.291    18.467    -3.11    2.29
-223655.743    17.467    -3.50    2.33
-223370.174    16.641    -2.89    2.56
-223084.582    15.913    -2.55    2.95
-222798.969    15.473    -1.54    3.53
-222513.332    15.553     0.28    3.70
-222227.674    16.189     2.23    3.58
-221941.994    16.771     2.03    3.50
-221656.291    17.702     3.26    3.03
-221370.566    18.710     3.53    2.59
-221084.818    19.848     3.98    2.52
-220799.049    21.219     4.80    2.92
-220513.257    22.629     4.93    3.57
-220227.443    24.128     5.24    3.70
-219941.606    25.591     5.12    3.80
-219655.748    27.337     6.11    3.57
-219369.867    28.705     4.79    3.19
-219083.963    29.823     3.91    2.96
-218798.038    31.011     4.15    2.75
-218512.090    32.183     4.10    2.57
-218226.120    33.351     4.08    2.38
-217940.127    34.323     3.40    1.94
-217654.112    34.957     2.22    1.64
-217368.075    35.220     0.92    1.54
-217082.016    35.244     0.09    1.46
-216795.934    35.233    -0.04    1.54
-216509.829    34.728    -1.77    1.83
-216223.703    34.163    -1.98    2.28
-215937.554    33.435    -2.54    2.62
-215651.383    32.278    -4.04    2.93
-215365.189    31.078    -4.19    3.43
-215078.973    29.409    -5.83    3.69
-214792.734    27.489    -6.70    3.80
-214506.474    25.648    -6.43    3.77
-214220.190    23.844    -6.30    3.99
-213933.885    21.747    -7.32    4.05
-213647.557    19.231    -8.79    4.84
-213361.206    16.644    -9.03    5.21
-213074.834    13.815    -9.88    5.49
-212788.438    11.587    -7.78    4.86
-212502.021     9.916    -5.83    3.81
-212215.580    10.168     0.88    5.35
-211929.118    13.086    10.18   10.32
-211642.633    18.613    19.29   15.17
-211356.125    24.511    20.58   16.71
-211069.596    29.656    17.95   15.97
-210783.043    34.250    16.03   13.87
-210496.468    38.421    14.55   10.58
-210209.871    41.717    11.50    7.67
-209923.251    43.430     5.97    6.69
-209636.609    44.447     3.55    5.52
-209349.944    45.625     4.11    4.53
-209063.257    47.095     5.13    3.25
-208776.547    48.462     4.77    3.16
-208489.815    49.677     4.24    3.27
-208203.060    50.716     3.62    3.42
-207916.283    51.490     2.70    3.53
-207629.483    52.645     4.03    3.05
-207342.661    53.699     3.67    2.86
-207055.816    54.828     3.94    2.78
-206768.949    55.667     2.92    2.72
-206482.059    56.663     3.47    2.60
-206195.146    57.447     2.73    2.34
-205908.211    58.289     2.93    2.08
-205621.254    58.911     2.17    1.72
-205334.274    59.543     2.20    1.73
-205047.271    60.033     1.70    1.64
-204760.246    60.380     1.21    1.55
-204473.198    60.789     1.42    1.55
-204186.127    60.935     0.51    1.48
-203899.034    60.774    -0.56    1.73
-203611.919    60.370    -1.41    1.97
-203324.780    59.633    -2.56    2.62
-203037.620    59.056    -2.01    2.99
-202750.436    59.076     0.07    3.07
-202463.230    59.239     0.57    3.20
-202176.001    60.140     3.14    3.12
-201888.750    60.811     2.34    2.99
-201601.476    61.900     3.79    2.51
-201314.179    62.699     2.78    2.28
-201026.860    63.151     1.57    2.12
-200739.518    63.426     0.96    1.98
-200452.153    63.763     1.18    2.22
-200164.766    63.989     0.79    2.22
-199877.356    64.269     0.97    2.24
-199589.923    64.438     0.59    2.16
-199302.468    64.430    -0.03    2.17
-199014.990    64.660     0.80    1.82
-198727.489    64.511    -0.52    1.87
-198439.966    63.917    -2.07    1.84
-198152.420    63.479    -1.52    1.86
-197864.851    63.000    -1.67    1.88
-197577.260    62.441    -1.94    1.91
-197289.645    61.872    -1.98    1.71
-197002.008    61.344    -1.84    1.41
-196714.349    60.948    -1.37    1.38
-196426.666    60.521    -1.48    1.28
-196138.961    60.258    -0.91    1.21
-195851.233    60.138    -0.42    1.21
-195563.482    60.229     0.32    1.53
-195275.709    60.179    -0.17    1.71
-194987.913    60.022    -0.55    1.84
-194700.093    59.596    -1.48    2.13
-194412.252    59.129    -1.62    2.38
-194124.387    58.632    -1.73    2.33
-193836.500    57.916    -2.49    1.88
-193548.589    57.301    -2.13    1.47
-193260.657    57.074    -0.79    1.35
-192972.701    57.118     0.15    1.35
-192684.722    57.054    -0.22    1.32
-192396.721    57.044    -0.04    1.31
-192108.696    57.244     0.70    1.36
-191820.649    57.348     0.36    1.46
-191532.579    57.413     0.23    1.45
-191244.487    57.247    -0.58    1.46
-190956.371    57.100    -0.51    1.48
-190668.233    57.000    -0.35    1.52
-190380.071    56.728    -0.94    1.60
-190091.887    56.283    -1.55    1.65
-189803.680    55.620    -2.30    2.00
-189515.450    54.789    -2.88    2.54
-189227.197    53.922    -3.01    2.81
-188938.921    52.774    -3.98    3.02
-188650.623    51.293    -5.14    2.94
-188362.301    50.022    -4.41    2.31
-188073.957    49.022    -3.47    2.13
-187785.589    48.239    -2.72    1.96
-187497.199    47.554    -2.37    1.69
-187208.786    46.978    -2.00    1.44
-186920.350    46.667    -1.08    1.24
-186631.891    46.433    -0.81    1.09
-186343.409    46.287    -0.51    1.06
-186054.904    46.228    -0.20    1.10
-185766.376    46.105    -0.43    1.10
-185477.825    46.097    -0.03    1.06
-185189.251    46.042    -0.19    1.08
-184900.655    45.968    -0.26    1.12
-184612.035    45.811    -0.54    1.11
-184323.392    45.653    -0.55    1.10
-184034.726    45.495    -0.55    1.06
-183746.038    45.452    -0.15    1.08
-183457.326    45.500     0.17    1.16
-183168.591    45.505     0.02    1.17
-182879.834    45.649     0.50    1.26
-182591.053    45.946     1.03    1.35
-182302.249    46.232     0.99    1.45
-182013.422    46.438     0.71    1.39
-181724.572    46.638     0.70    1.50
-181435.700    47.085     1.55    1.73
-181146.804    47.798     2.47    2.51
-180857.885    48.604     2.79    2.76
-180568.943    49.268     2.30    2.77
-180279.978    49.979     2.46    2.56
-179990.989    50.511     1.84    2.20
-179701.978    50.937     1.47    1.87
-179412.944    51.073     0.47    1.42
-179123.887    51.189     0.40    1.39
-178834.806    51.453     0.91    1.77
-178545.702    51.798     1.19    1.82
-178256.576    52.368     1.97    1.91
-177967.426    52.771     1.39    1.85
-177678.253    53.097     1.13    1.75
-177389.057    53.280     0.63    1.53
-177099.838    53.479     0.69    1.35
-176810.596    53.905     1.47    1.51
-176521.330    54.333     1.48    1.61
-176232.042    54.862     1.83    1.51
-175942.730    55.387     1.82    1.54
-175653.395    55.957     1.97    1.56
-175364.037    56.581     2.15    1.63
-175074.656    57.266     2.37    1.84
-174785.251    58.132     2.99    2.21
-174495.824    59.261     3.90    2.70
-174206.373    60.549     4.45    3.14
-173916.899    62.196     5.69    3.74
-173627.402    64.264     7.14    4.33
-173337.882    66.533     7.84    4.87
-173048.338    68.785     7.78    5.17
-172758.771    71.652     9.90    5.35
-172470.149    73.804     7.46    5.14
-172185.436    76.144     8.22    4.65
-171900.701    77.837     5.94    3.89
-171615.944    79.419     5.56    3.24
-171331.165    80.581     4.08    3.24
-171046.364    81.626     3.67    3.13
-170761.541    82.511     3.11    2.87
-170476.696    83.215     2.47    2.40
-170191.828    83.924     2.49    2.06
-169906.939    84.232     1.08    1.82
-169622.027    83.882    -1.23    2.44
-169337.094    83.170    -2.50    3.11
-169052.138    82.167    -3.52    3.61
-168767.160    81.146    -3.58    3.68
-168482.160    80.170    -3.42    3.55
-168197.138    79.468    -2.46    3.41
-167912.094    79.245    -0.78    3.83
-167627.028    79.625     1.33    4.46
-167341.939    80.411     2.76    4.89
-167056.828    81.839     5.01    5.03
-166771.695    83.274     5.03    5.18
-166486.540    84.574     4.56    5.10
-166201.363    85.398     2.89    4.69
-165916.164    86.215     2.86    4.50
-165630.942    86.444     0.80    4.00
-165345.699    86.054    -1.37    3.94
-165060.433    85.935    -0.42    4.06
-164775.145    85.663    -0.95    4.13
-164489.835    84.956    -2.48    4.30
-164204.502    84.587    -1.29    4.49
-163919.147    84.290    -1.04    4.57
-163633.771    84.161    -0.45    4.49
-163348.371    84.363     0.71    4.48
-163062.950    84.444     0.29    4.29
-162777.506    85.129     2.40    4.08
-162492.041    85.925     2.79    3.72
-162206.553    86.021     0.34    3.26
-161921.042    86.032     0.04    2.91
-161635.510    85.383    -2.27    3.02
-161349.955    84.323    -3.71    3.58
-161064.378    82.625    -5.94    3.95
-160778.778    80.298    -8.15    4.71
-160493.157    77.526    -9.70    5.74
-160207.513    73.938   -12.56    7.30
-159921.847    70.198   -13.09    8.97
-159636.158    65.734   -15.62    9.65
-159350.447    60.906   -16.90    9.60
-159064.714    56.574   -15.16    8.59
-158778.959    52.844   -13.05    7.05
-158493.181    50.258    -9.05    5.67
-158207.381    48.075    -7.64    4.44
-157921.559    46.609    -5.13    3.51
-157635.714    45.591    -3.56    2.66
-157349.847    44.728    -3.02    1.88
-157063.958    44.283    -1.56    1.61
-156778.046    43.822    -1.61    1.31
-156492.112    43.348    -1.66    1.82
-156206.155    42.402    -3.31    3.02
-155920.176    41.522    -3.08    3.43
-155634.175    38.489   -10.60    8.13
-155348.152    34.543   -13.79   10.72
-155062.106    29.968   -15.99   11.77
-154776.037    25.304   -16.30   11.10
-154489.947    21.925   -11.81    8.98
-154203.834    19.511    -8.44    6.36
-153917.698    18.745    -2.68    4.14
-153631.540    20.562     6.35    5.80
-153345.360    23.632    10.72    7.97
-153059.157    27.351    12.99    9.54
-152772.932    31.149    13.27    9.58
-152486.684    34.760    12.62    9.12
-152200.414    38.052    11.50    7.83
-151914.122    41.000    10.30    5.99
-151627.807    43.253     7.87    4.86
-151341.469    44.531     4.46    5.13
-151055.110    46.010     5.16    5.35
-150768.727    47.553     5.39    4.97
-150482.322    48.894     4.68    4.66
-150195.895    50.362     5.12    4.10
-149909.445    51.564     4.20    3.59
-149622.973    52.221     2.29    3.33
-149336.478    52.923     2.45    2.87
-149049.961    53.473     1.92    2.41
-148763.421    53.772     1.04    2.07
-148476.859    53.860     0.31    1.80
-148190.274    53.396    -1.62    1.86
-147903.667    53.011    -1.34    1.99
-147617.037    52.685    -1.14    2.05
-147330.385    52.340    -1.20    2.29
-147043.710    51.696    -2.25    2.55
-146757.013    50.956    -2.58    2.66
-146470.293    50.032    -3.22    2.70
-146183.550    49.109    -3.22    2.77
-145896.785    48.473    -2.22    2.71
-145609.997    47.637    -2.91    2.84
-145323.187    47.221    -1.45    2.97
-145036.354    46.419    -2.79    3.00
-144749.499    45.538    -3.07    3.50
-144462.621    45.000    -1.87    3.57
-144175.721    44.468    -1.85    3.74
-143888.797    44.542     0.26    3.23
-143601.852    44.552     0.04    3.05
-143314.883    44.755     0.71    2.69
-143027.892    45.160     1.41    2.16
-142740.879    45.042    -0.41    2.02
-142453.842    44.719    -1.12    2.09
-142166.783    44.271    -1.56    2.16
-141879.702    43.326    -3.29    2.49
-141592.598    42.468    -2.99    2.41
-141305.471    41.667    -2.79    2.43
-141018.321    40.737    -3.24    2.78
-140731.149    40.284    -1.58    3.13
-140443.955    39.453    -2.90    3.44
-140156.737    38.892    -1.95    3.31
-139869.497    39.011     0.41    3.32
-139582.234    39.141     0.45    3.40
-139294.949    39.611     1.64    3.88
-139007.640    40.194     2.03    4.37
-138720.309    41.258     3.70    5.06
-138432.956    42.576     4.59    5.25
-138145.579    43.989     4.92    5.46
-137858.180    44.978     3.44    5.41
-137570.759    46.383     4.89    5.27
-137283.314    47.543     4.04    5.00
-136995.847    48.856     4.56    4.32
-136708.357    50.174     4.59    3.31
-136420.844    51.239     3.70    2.77
-136133.309    52.234     3.46    2.18
-135845.750    52.945     2.47    2.20
-135558.169    53.293     1.21    2.19
-135270.565    53.570     0.96    2.20
-134982.939    53.903     1.16    2.07
-134695.290    54.053     0.52    1.98
-134407.617    53.989    -0.22    1.76
-134119.923    53.758    -0.80    1.66
-133832.205    53.656    -0.35    1.72
-133544.464    53.537    -0.41    1.82
-133256.701    53.242    -1.02    1.89
-132968.915    52.779    -1.61    2.22
-132681.106    52.175    -2.10    2.55
-132393.274    51.677    -1.73    2.62
-132105.419    51.319    -1.24    2.63
-131817.542    50.615    -2.45    2.91
-131529.642    49.833    -2.71    2.86
-131241.718    49.062    -2.68    2.77
-130953.772    48.600    -1.61    2.71
-130665.803    48.189    -1.43    2.60
-130377.812    47.400    -2.74    2.35
-130089.797    46.915    -1.68    2.17
-129801.760    46.621    -1.02    2.21
-129513.699    46.011    -2.12    2.19
-129225.616    45.468    -1.88    2.27
-128937.510    44.935    -1.85    2.56
-128649.381    44.269    -2.31    2.97
-128361.229    43.300    -3.36    3.57
-128073.054    42.656    -2.23    4.05
-127784.856    42.053    -2.09    4.40
-127496.635    41.359    -2.41    4.67
-127208.392    40.400    -3.33    4.88
-126920.125    39.717    -2.37    4.78
-126631.835    38.947    -2.67    4.53
-126343.523    38.337    -2.12    4.27
-126055.187    37.356    -3.40    3.99
-125766.829    35.925    -4.96    3.90
-125478.448    34.862    -3.69    3.91
-125190.043    33.798    -3.69    4.16
-124901.616    32.593    -4.18    4.15
-124613.166    31.484    -3.85    4.11
-124324.692    30.642    -2.92    4.12
-124036.196    30.096    -1.89    3.85
-123747.677    29.916    -0.62    3.66
-123459.134    29.853    -0.22    3.39
-123170.569    30.053     0.69    2.79
-122881.981    29.594    -1.59    2.74
-122593.369    29.053    -1.87    2.74
-122304.735    28.105    -3.28    2.87
-122016.078    26.760    -4.66    3.41
-121727.397    25.562    -4.15    3.72
-121438.694    24.160    -4.86    3.73
-121149.967    22.649    -5.23    3.76
-120861.217    21.604    -3.62    3.69
-120572.445    20.418    -4.11    3.70
-120283.649    19.568    -2.94    3.51
-119994.830    19.063    -1.75    3.54
-119705.988    19.032    -0.11    3.52
-119417.123    19.115     0.29    3.57
-119128.235    19.253     0.48    3.42
-118839.324    19.660     1.41    3.39
-118550.390    20.074     1.43    2.92
-118261.432    20.229     0.54    2.70
-117972.452    20.211    -0.06    2.43
-117683.448    19.872    -1.17    2.34
-117394.421    19.453    -1.45    2.37
-117105.371    18.734    -2.49    2.66
-116816.298    17.606    -3.90    2.86
-116527.202    16.330    -4.42    2.93
-116238.083    14.989    -4.64    2.88
-115948.940    13.839    -3.98    2.76
-115659.775    12.591    -4.31    2.67
-115370.586    11.220    -4.74    2.43
-115081.374     9.720    -5.18    2.74
-114792.139     8.624    -3.79    2.77
-114502.880     7.777    -2.93    2.63
-114213.599     7.337    -1.52    2.63
-113924.294     6.902    -1.50    2.77
-113634.966     6.602    -1.04    2.88
-113345.615     6.628     0.09    2.99
-113056.240     7.075     1.55    2.93
-112766.843     7.077     0.01    2.81
-112477.422     7.065    -0.04    2.64
-112187.978     7.309     0.84    2.60
-111898.510     7.946     2.20    2.93
-111609.020     9.011     3.68    3.16
-111319.506    10.387     4.75    2.88
-111029.969    11.713     4.58    2.80
-110740.408    12.863     3.97    3.06
-110452.855    14.065     4.18    3.19
-110168.141    15.213     4.03    3.28
-109883.406    16.500     4.52    3.61
-109598.648    18.010     5.30    3.70
-109313.869    19.558     5.43    3.68
-109029.067    21.177     5.68    3.55
-108744.243    22.062     3.11    3.12
-108459.397    22.396     1.17    2.76
-108174.529    22.124    -0.96    3.13
-107889.639    21.032    -3.83    3.51
-107604.727    19.479    -5.45    4.10
-107319.792    17.653    -6.41    4.33
-107034.835    16.286    -4.80    3.64
-106749.857    15.505    -2.74    2.94
-106464.856    15.457    -0.17    2.67
-106179.833    16.228     2.70    3.16
-105894.787    17.674     5.07    3.85
-105609.720    19.337     5.83    3.96
-105324.630    20.968     5.72    4.11
-105039.518    22.734     6.19    4.29
-104754.384    24.767     7.13    4.51
-104469.228    27.106     8.20    4.63
-104184.050    29.245     7.50    4.75
-103898.849    31.771     8.86    4.82
-103613.626    34.337     9.00    4.92
-103328.381    36.792     8.61    4.79
-103043.114    39.156     8.29    4.73
-102757.824    41.312     7.56    4.82
-102472.513    43.968     9.31    5.09
-102187.179    46.583     9.16    5.30
-101901.822    49.344     9.67    5.56
-101616.444    52.312    10.40    6.25
-101331.043    55.777    12.14    8.37
-101045.620    59.979    14.72   10.03
-100760.175    65.832    20.50   12.51
-100474.707    72.989    25.07   16.38
-100189.217    81.511    29.85   18.77
 -99903.705    90.138    30.21   20.38
 -99618.171    96.779    23.26   19.44
 -99332.614   101.533    16.65   17.32
 -99047.035   102.681     4.02   16.04
 -98761.434    99.903    -9.73   16.22
 -98475.810    95.606   -15.04   16.07
 -98190.164    91.226   -15.33   15.85
 -97904.496    86.011   -18.25   16.37
 -97618.806    81.400   -16.14   16.67
 -97333.093    78.489   -10.19   16.43
 -97047.357    76.463    -7.09   16.45
 -96761.600    76.031    -1.51   15.39
 -96475.820    76.052     0.07   13.63
 -96190.017    74.750    -4.56   11.92
 -95904.193    72.521    -7.80   11.77
 -95618.346    69.042   -12.17   13.73
 -95332.476    63.000   -21.13   17.02
 -95046.584    55.729   -25.43   18.86
 -94760.670    48.084   -26.74   18.67
 -94474.734    40.763   -25.60   16.46
 -94188.775    33.705   -24.68   12.95
 -93902.793    27.938   -20.17    8.95
 -93616.789    24.441   -12.22    5.65
 -93330.763    21.922    -8.80    4.17
 -93044.715    19.862    -7.20    3.48
 -92758.644    18.095    -6.18    3.77
 -92472.550    17.098    -3.48    3.80
 -92186.434    17.022    -0.27    3.79
 -91900.296    17.000    -0.08    4.06
 -91614.135    17.547     1.91    4.29
 -91327.952    18.011     1.62    4.38
 -91041.746    18.044     0.12    5.68
 -90755.518    16.621    -4.97    8.56
 -90469.267    13.968    -9.27   10.72
 -90182.994     9.854   -14.37   11.94
 -89896.699     5.989   -13.50   11.72
 -89610.381     2.948   -10.62   10.38
 -89324.040    -0.083   -10.59    7.71
 -89037.677    -1.884    -6.29    4.58
 -88751.291    -2.625    -2.59    1.19
 -88464.883    -2.567     0.20    1.24
 -88178.453    -2.479     0.31    1.41
 -87892.000    -2.417     0.22    1.56
 -87605.524    -2.389     0.09    1.60
 -87319.026    -2.411    -0.07    1.65
 -87032.505    -2.737    -1.14    1.65
 -86745.962    -2.936    -0.70    1.54
 -86459.396    -2.652     0.99    1.52
 -86172.808    -2.426     0.79    1.56
 -85886.197    -2.108     1.11    1.63
 -85599.563    -1.753     1.24    1.72
 -85312.907    -1.581     0.60    1.70
 -85026.229    -1.298     0.99    1.56
 -84739.528    -1.075     0.78    1.56
 -84452.804    -0.935     0.49    1.58
 -84166.057    -1.109    -0.61    1.70
 -83879.288    -1.255    -0.51    1.91
 -83592.497    -1.415    -0.56    2.23
 -83305.683    -1.309     0.37    2.56
 -83018.846    -1.042     0.93    3.37
 -82731.987    -0.990     0.18    3.31
 -82445.104    -0.619     1.29    3.64
 -82158.200    -0.320     1.04    3.98
 -81871.273     0.010     1.15    3.86
 -81584.323    -0.062    -0.25    3.44
 -81297.350    -0.646    -2.03    2.59
 -81010.355    -1.042    -1.38    2.66
 -80723.337    -1.412    -1.29    2.42
 -80436.296    -1.656    -0.85    2.27
 -80149.233    -2.258    -2.10    2.04
 -79862.147    -2.604    -1.21    2.11
 -79575.038    -2.812    -0.73    1.99
 -79287.907    -2.957    -0.50    1.85
 -79000.753    -3.277    -1.11    2.00
 -78713.576    -3.571    -1.03    1.98
 -78426.377    -3.745    -0.60    2.04
 -78139.155    -3.787    -0.15    2.19
 -77851.910    -3.903    -0.40    2.39
 -77564.642    -4.258    -1.24    2.73
 -77277.352    -4.319    -0.21    2.78
 -76990.039    -4.894    -2.00    3.24
 -76702.703    -5.828    -3.25    3.47
 -76415.345    -7.022    -4.15    3.27
 -76127.964    -7.479    -1.59    3.06
 -75840.560    -8.011    -1.85    3.01
 -75553.133    -8.075    -0.22    3.06
 -75265.683    -8.221    -0.51    3.05
 -74978.211    -7.958     0.92    3.06
 -74690.716    -7.698     0.90    3.04
 -74403.198    -7.354     1.20    2.90
 -74115.657    -6.688     2.32    2.91
 -73828.094    -5.896     2.75    3.12
 -73540.508    -5.113     2.72    3.10
 -73252.898    -4.327     2.74    2.98
 -72965.267    -4.427    -0.35    2.81
 -72677.612    -4.344     0.29    2.74
 -72389.934    -4.302     0.14    2.78
 -72102.234    -4.010     1.01    2.71
 -71814.511    -4.082    -0.25    2.69
 -71526.765    -4.188    -0.36    2.54
 -71238.996    -4.562    -1.30    2.14
 -70951.204    -4.904    -1.19    2.12
 -70663.389    -5.042    -0.48    2.13
 -70375.552    -5.516    -1.65    2.22
 -70087.691    -6.141    -2.17    2.32
 -69799.808    -6.489    -1.21    2.46
 -69511.902    -6.811    -1.12    2.55
 -69223.973    -6.978    -0.58    2.48
 -68936.021    -6.479     1.74    2.67
 -68648.046    -5.859     2.15    3.10
 -68360.049    -5.611     0.86    3.37
 -68072.028    -5.447     0.57    3.38
 -67783.984    -4.922     1.82    3.17
 -67495.918    -4.462     1.60    2.97
 -67207.828    -4.398     0.22    2.89
 -66919.716    -4.389     0.03    2.68
 -66631.581    -4.779    -1.35    2.95
 -66343.423    -6.289    -5.24    3.57
 -66055.241    -7.677    -4.82    4.05
 -65767.037    -9.219    -5.35    4.16
 -65478.810   -10.621    -4.87    3.94
 -65190.560   -11.896    -4.42    2.93
 -64902.287   -12.412    -1.79    2.24
 -64613.991   -11.000     4.90    4.41
 -64325.672    -9.458     5.35    5.18
 -64037.330    -8.292     4.05    5.31
 -63748.965    -7.635     2.28    5.21
 -63460.577    -7.082     1.92    5.06
 -63172.166    -6.567     1.79    5.08
 -62883.732    -6.958    -1.36    4.81
 -62595.275    -6.500     1.59    5.48
 -62306.795    -4.905     5.53    6.38
 -62018.291    -3.484     4.93    6.94
 -61729.765    -1.104     8.25    6.89
 -61441.216     0.849     6.77    5.84
 -61152.644     1.837     3.42    4.78
 -60864.048     2.204     1.27    4.62
 -60575.430     1.266    -3.25    5.54
 -60286.789    -0.699    -6.81    6.45
 -59998.124    -2.587    -6.54    6.52
 -59709.436    -3.830    -4.30    6.17
 -59420.726    -4.527    -2.41    6.06
 -59131.992    -3.451     3.73    6.45
 -58843.235    -1.798     5.72    6.69
 -58554.455    -0.368     4.95    6.91
 -58265.652     0.763     3.92    6.81
 -57976.826     2.099     4.62    7.84
 -57687.976     3.351     4.33    9.55
 -57399.104     3.421     0.24    9.17
 -57110.208     4.490     3.70    9.87
 -56821.289     5.105     2.13    9.84
 -56532.347     5.083    -0.08    8.60
 -56243.382     6.198     3.86    8.97
 -55954.394     6.969     2.67    9.50
 -55665.383     6.495    -1.64    9.20
 -55376.348     6.229    -0.92    8.76
 -55087.290     5.979    -0.86    8.32
 -54798.210     5.082    -3.11    6.80
 -54509.105     4.302    -2.70    4.89
 -54219.978     4.646     1.19    4.25
 -53930.828     5.908     4.37    5.92
 -53641.654     8.485     8.91    8.77
 -53352.457    12.344    13.34   11.55
 -53063.237    16.885    15.70   14.70
 -52773.994    20.521    12.57   16.88
 -52484.727    24.615    14.15   18.73
 -52195.437    28.646    13.93   19.38
 -51906.124    31.354     9.36   20.12
 -51616.788    33.250     6.55   19.93
 -51327.428    34.344     3.78   19.52
 -51038.046    34.702     1.24   18.89
 -50748.640    35.532     2.87   18.15
 -50459.210    35.703     0.59   17.21
 -50169.758    35.720     0.06   16.37
 -49880.282    35.979     0.89   15.98
 -49590.783    35.913    -0.23   14.99
 -49301.260    34.796    -3.86   14.15
 -49011.714    35.274     1.65   14.16
 -48722.145    36.301     3.55   13.61
 -48435.675    38.087     6.23   13.73
 -48150.974    39.280     4.19   13.84
 -47866.251    41.083     6.33   15.39
 -47581.505    43.531     8.60   16.38
 -47296.737    44.865     4.68   18.04
 -47011.947    43.278    -5.57   19.75
 -46727.135    40.083   -11.22   21.05
 -46442.301    33.917   -21.65   20.96
 -46157.445    26.802   -24.98   18.65
 -45872.567    20.490   -22.16   14.04
 -45587.666    16.897   -12.61    8.72
 -45302.743    16.326    -2.00    7.11
 -45017.798    19.642    11.64   11.15
 -44732.831    25.022    18.88   15.36
 -44447.842    33.452    29.58   18.77
 -44162.830    43.736    36.08   20.24
 -43877.797    53.806    35.33   19.60
 -43592.741    62.156    29.29   17.39
 -43307.663    70.183    28.15   14.47
 -43022.563    77.228    24.71   11.69
 -42737.440    82.474    18.40    9.32
 -42452.295    85.708    11.34    7.25
 -42167.129    87.558     6.49    5.82
 -41881.939    89.792     7.83    6.07
 -41596.728    93.521    13.07    8.80
 -41311.494    98.582    17.74   12.46
 -41026.239   104.835    21.92   14.36
 -40740.960   109.835    17.53   15.00
 -40455.660   112.677     9.96   14.48
 -40170.337   112.542    -0.47   14.38
 -39884.993   109.396   -11.02   14.57
 -39599.625   105.106   -15.03   14.51
 -39314.236    99.990   -17.93   13.98
 -39028.824    96.165   -13.40   11.35
 -38743.390    93.489    -9.37   11.59
 -38457.934    91.760    -6.06   12.49
 -38172.455    90.043    -6.01   14.58
 -37886.954    85.806   -14.84   17.04
 -37601.431    79.226   -23.05   18.26
 -37315.886    75.526   -12.96   17.48
 -37030.318    74.097    -5.01   17.50
 -36744.727    71.663    -8.52   17.22
 -36459.115    68.851    -9.85   17.67
 -36173.480    66.816    -7.12   17.77
 -35887.823    66.051    -2.68   16.78
 -35602.143    65.773    -0.97   14.93
 -35316.441    66.113     1.19   13.99
 -35030.717    69.072    10.36   14.99
 -34744.970    74.242    18.09   16.12
 -34459.201    78.021    13.22   14.94
 -34173.410    78.546     1.84   16.19
 -33887.596    76.989    -5.45   19.22
 -33601.760    72.295   -16.42   22.42
 -33315.901    66.379   -20.69   23.43
 -33030.020    60.957   -18.97   21.30
 -32744.117    56.576   -15.32   16.53
 -32458.191    54.777    -6.29   12.44
 -32172.243    55.649     3.05   11.50
 -31886.272    59.645    13.97   13.45
 -31600.279    66.500    23.97   15.78
 -31314.264    73.495    24.46   16.35
 -31028.226    80.532    24.60   15.50
 -30742.165    87.271    23.56   14.13
 -30456.082    93.776    22.74   13.60
 -30169.977    99.146    18.77   12.50
 -29883.849   104.586    19.01   11.42
 -29597.699   110.021    18.99   11.29
 -29311.526   115.633    19.61   11.48
 -29025.331   120.505    17.02   11.37
 -28739.114   125.567    17.68   10.80
 -28452.873   130.299    16.53   11.73
 -28166.611   135.781    19.15   14.39
 -27880.326   144.021    28.78   18.75
 -27594.018   156.400    43.24   25.72
 -27307.688   168.642    42.75   32.44
 -27021.335   188.800    70.39   44.87
 -26734.960   206.587    62.11   48.73
 -26448.562   222.710    56.29   47.48
 -26162.142   233.854    38.91   46.33
 -25875.699   246.032    42.51   45.69
 -25589.234   254.663    30.13   43.04
 -25302.746   256.811     7.50   44.29
 -25016.235   263.298    22.64   42.41
 -24729.702   267.947    16.23   40.25
 -24443.146   270.844    10.11   36.88
 -24156.568   269.031    -6.32   37.46
 -23869.967   267.908    -3.92   36.90
 -23583.344   272.260    15.18   38.80
 -23296.698   275.021     9.63   39.27
 -23010.030   277.196     7.59   39.98
 -22723.338   285.670    29.56   38.56
 -22436.625   294.051    29.23   31.08
 -22149.888   298.771    16.46   28.79
 -21863.129   302.866    14.28   28.87
 -21576.348   307.781    17.14   30.29
 -21289.543   310.073     7.99   30.54
 -21002.716   311.905     6.39   30.39
 -20715.867   318.430    22.75   25.82
 -20428.995   323.351    17.15   19.69
 -20142.100   321.010    -8.16   23.28
 -19855.182   318.745    -7.90   25.77
 -19568.242   315.538   -11.18   28.66
 -19281.279   311.830   -12.92   30.15
 -18994.294   306.053   -20.13   33.62
 -18707.286   305.548    -1.76   34.72
 -18420.255   299.495   -21.09   42.01
 -18133.201   290.755   -30.44   48.10
 -17846.125   281.878   -30.92   51.63
 -17559.026   270.361   -40.11   53.40
 -17271.904   259.052   -39.39   52.34
 -16984.760   252.448   -23.00   51.62
 -16697.592   246.604   -20.35   50.64
 -16410.403   241.357   -18.27   49.80
 -16123.190   241.323    -0.12   48.28
 -15835.955   244.464    10.94   47.48
 -15548.696   242.753    -5.96   45.59
 -15261.416   244.510     6.12   41.25
 -14974.112   245.144     2.21   40.39
 -14686.786   237.745   -25.75   41.62
 -14399.436   220.720   -59.25   43.84
 -14112.065   203.642   -59.43   42.72
 -13824.670   184.830   -65.46   37.90
 -13537.252   169.638   -52.85   33.39
 -13249.812   156.809   -44.63   29.59
 -12962.349   146.594   -35.53   27.15
 -12674.863   137.280   -32.40   23.22
 -12387.354   129.559   -26.85   20.76
 -12099.823   125.990   -12.41   20.42
 -11812.269   121.606   -15.24   17.21
 -11524.691   119.135    -8.59   14.90
 -11237.091   116.735    -8.35   12.06
 -10949.469   115.495    -4.31   10.84
 -10661.823   112.794    -9.39   12.59
 -10374.154   108.270   -15.73   16.81
 -10086.463   102.708   -19.33   21.21
  -9798.749    96.633   -21.12   24.97
  -9511.012    88.888   -26.92   27.99
  -9223.252    80.479   -29.22   29.43
  -8935.469    69.688   -37.50   29.07
  -8647.663    60.299   -32.62   26.72
  -8359.834    51.438   -30.79   23.85
  -8071.983    42.021   -32.71   22.95
  -7784.108    33.798   -28.57   23.55
  -7496.211    25.505   -28.80   23.38
  -7208.291    19.600   -20.51   22.65
  -6920.348    13.851   -19.97   20.22
  -6632.382     7.914   -20.62   14.54
  -6344.393     2.677   -18.18    6.31
  -6056.381     1.000    -5.82    2.95
  -5768.346     0.160    -2.92    0.92
  -5480.288     0.000    -0.55    0.00
  -5192.207     0.000     0.00    0.00
  -4904.103     0.000     0.00    0.00
  -4615.977     0.000     0.00    0.00
  -4327.827     0.000     0.00    0.00
  -4039.654     0.000     0.00    0.00
  -3751.459     0.000     0.00    0.00
  -3463.240     0.000     0.00    0.00
  -3174.998     0.000     0.00    0.00
  -2886.734     0.000     0.00    0.00
  -2598.446     0.000     0.00    0.00
  -2310.135     0.000     0.00    0.00
  -2021.802     0.000     0.00    0.00
  -1733.445     0.000     0.00    0.00
  -1445.065     0.000     0.00    0.00
  -1156.662     0.000     0.00    0.00
   -868.236     0.000     0.00    0.00
   -579.788     0.000     0.00    0.00
   -291.316     0.000     0.00    0.00
     -2.821     0.000     0.00    0.00
    285.697     0.000     0.00    0.00
    574.238     0.000     0.00    0.00
    862.803     0.000     0.00    0.00
   1151.390     0.000     0.00    0.00
   1440.000     0.000     0.00    0.00
   1728.634     0.000     0.00    0.00
   2017.290     0.000     0.00    0.00
   2305.970     0.000     0.00    0.00
   2594.673     0.000     0.00    0.00
   2883.399     0.000     0.00    0.00
   3172.148     0.000     0.00    0.00
   3460.920     0.000     0.00    0.00
   3749.715     0.000     0.00    0.00
   4038.533     0.000     0.00    0.00
   4327.375     0.000     0.00    0.00
   4616.240     0.000     0.00    0.00
   4905.128     0.000     0.00    0.00
   5194.039     0.000     0.00    0.00
   5482.973     0.000     0.00    0.00
   5771.930     0.021     0.07    0.20
   6060.911     0.316     1.02    1.06
   6349.915     0.711     1.37    1.51
   6638.942     1.289     2.00    2.14
   6927.992     1.784     1.71    2.28
   7217.065     2.340     1.93    2.54
   7506.162     2.853     1.77    2.58
   7795.282     3.442     2.04    2.62
   8084.425     3.796     1.22    2.47
   8373.591     4.160     1.26    2.24
   8662.780     4.062    -0.34    2.04
   8951.993     3.892    -0.59    1.41
   9241.229     3.840    -0.18    1.54
   9530.488     3.547    -1.01    1.74
   9819.771     3.463    -0.29    2.05
  10109.077     3.398    -0.23    2.25
  10398.406     3.457     0.21    2.29
  10687.758     3.747     1.00    2.22
  10977.133     3.809     0.21    2.21
  11266.532     3.832     0.08    2.15
  11555.954     3.628    -0.70    2.25
  11845.400     2.939    -2.38    2.32
  12134.869     2.184    -2.61    2.30
  12424.361     1.577    -2.09    2.28
  12713.876     1.454    -0.43    3.17
  13003.415     2.051     2.06    4.42
  13292.977     2.612     1.94    5.11
  13578.402     2.771     0.56    5.16
  13863.094     2.570    -0.71    5.10
  14147.809     2.688     0.41    5.17
  14432.546     2.316    -1.31    4.91
  14717.305     1.800    -1.81    4.31
  15002.087     1.022    -2.73    3.02
  15286.890     0.484    -1.89    1.24
  15571.716     0.411    -0.26    1.06
  15856.563     0.436     0.09    1.09
  16141.433     0.415    -0.07    1.09
  16426.325     0.309    -0.37    0.96
  16711.239     0.128    -0.64    0.64
  16996.176     0.000    -0.45    0.00
  17281.134     0.000     0.00    0.00
  17566.115     0.000     0.00    0.00
  17851.118     0.000     0.00    0.00
  18136.143     0.000     0.00    0.00
  18421.191     0.000     0.00    0.00
  18706.260     0.000     0.00    0.00
  18991.352     0.000     0.00    0.00
  19276.466     0.000     0.00    0.00
  19561.602     0.000     0.00    0.00
  19846.761     0.000     0.00    0.00
  20131.941     0.000     0.00    0.00
  20417.144     0.000     0.00    0.00
  20702.369     0.000     0.00    0.00
  20987.617     0.000     0.00    0.00
  21272.887     0.063     0.22    0.62
  21558.179     0.463     1.40    1.80
  21843.493     1.134     2.35    2.66
  22128.829     1.667     1.87    3.00
  22414.188     2.255     2.06    3.11
  22699.569     3.030     2.72    3.09
  22984.973     3.490     1.61    2.86
  23270.398     3.687     0.69    2.46
  23555.846     4.061     1.31    2.00
  23841.317     4.485     1.49    1.54
  24126.809     4.854     1.29    1.51
  24412.324     5.773     3.22    2.80
  24697.861     7.063     4.52    3.63
  24983.421     8.812     6.13    4.25
  25269.003    11.237     8.49    4.75
  25554.607    13.656     8.47    5.08
  25840.234    16.604    10.32    5.95
  26125.883    19.516    10.19    6.65
  26411.554    22.670    11.04    7.32
  26697.248    25.649    10.43    7.50
  26982.964    28.684    10.62    6.67
  27268.703    31.245     8.96    5.57
  27554.463    33.062     6.36    4.24
  27840.247    34.041     3.43    3.65
  28126.052    34.306     0.93    3.84
  28411.880    34.464     0.55    3.76
  28697.731    34.812     1.22    3.63
  28983.604    34.906     0.33    3.54
  29269.499    35.253     1.21    3.35
  29555.417    35.643     1.36    3.45
  29841.357    36.266     2.18    3.56
  30127.319    36.667     1.40    3.58
  30413.304    37.135     1.64    3.61
  30699.312    37.777     2.24    3.45
  30985.342    38.096     1.12    3.21
  31271.394    38.379     0.99    2.86
  31557.469    38.729     1.22    2.49
  31843.566    38.847     0.41    2.12
  32129.686    38.837    -0.04    1.84
  32415.828    38.823    -0.05    1.75
  32701.993    38.490    -1.16    1.87
  32988.180    37.796    -2.43    2.14
  33274.389    37.227    -1.99    2.19
  33560.622    36.677    -1.92    2.21
  33846.876    36.121    -1.94    2.17
  34133.154    35.536    -2.04    1.96
  34419.453    35.104    -1.51    1.70
  34705.776    34.825    -0.98    1.57
  34992.120    34.558    -0.93    1.48
  35278.488    34.389    -0.59    1.33
  35564.878    34.305    -0.29    1.14
  35851.290    34.191    -0.40    1.20
  36137.725    34.333     0.50    1.23
  36424.182    34.484     0.53    1.36
  36710.663    34.677     0.68    1.56
  36997.165    34.735     0.20    1.67
  37283.690    34.856     0.42    1.84
  37570.238    34.816    -0.14    1.98
  37856.809    34.469    -1.21    2.13
  38143.402    34.020    -1.56    2.35
  38430.017    33.303    -2.50    2.53
  38716.655    32.582    -2.52    2.35
  39003.316    32.052    -1.85    2.11
  39290.000    31.449    -2.10    1.48
  39576.706    31.124    -1.13    1.21
  39863.434    31.052    -0.25    1.02
  40150.185    31.032    -0.07    0.93
  40436.959    30.989    -0.15    0.86
  40723.756    30.917    -0.25    0.91
  41010.575    30.809    -0.38    0.93
  41297.417    30.699    -0.38    0.98
  41584.282    30.510    -0.66    1.08
  41871.169    30.326    -0.64    1.14
  42158.079    29.936    -1.36    1.14
  42445.011    29.639    -1.04    1.09
  42731.966    29.520    -0.41    1.07
  43018.944    29.237    -0.99    1.08
  43305.945    29.175    -0.22    1.04
  43592.968    29.175     0.00    1.06
  43880.014    29.208     0.11    1.04
  44167.083    29.313     0.37    1.02
  44454.174    29.542     0.80    1.25
  44741.289    29.690     0.52    1.26
  45028.425    29.938     0.86    1.16
  45315.585    29.907    -0.11    1.15
  45602.767    29.872    -0.12    1.25
  45889.973    29.720    -0.53    1.35
  46177.200    29.427    -1.02    1.36
  46464.451    29.116    -1.08    1.17
  46751.725    28.719    -1.38    1.06
  47039.021    28.375    -1.20    0.93
  47326.340    28.200    -0.61    0.86
  47613.681    28.223     0.08    0.93
  47901.046    28.200    -0.08    0.93
  48188.433    28.196    -0.01    0.93
  48475.843    28.194    -0.01    0.96
  48763.276    28.214     0.07    0.97
  49050.732    28.177    -0.13    1.03
  49338.210    28.000    -0.62    1.04
  49625.712    27.847    -0.53    1.05
  49913.236    27.833    -0.05    1.01
  50200.783    27.720    -0.39    0.95
  50488.353    27.560    -0.56    0.94
  50775.945    27.526    -0.12    0.86
  51063.561    27.510    -0.05    0.89
  51351.199    27.547     0.13    0.95
  51638.861    27.615     0.23    0.99
  51926.545    27.663     0.17    1.04
  52214.252    27.768     0.37    1.11
  52501.981    27.896     0.44    1.07
  52789.734    27.916     0.07    1.03
  53077.510    27.851    -0.22    0.99
  53365.308    27.768    -0.29    1.02
  53653.130    27.653    -0.40    0.94
  53940.974    27.608    -0.15    0.90
  54228.841    27.557    -0.18    0.91
  54516.732    27.546    -0.04    0.91
  54804.645    27.500    -0.16    0.98
  55092.581    27.410    -0.31    1.01
  55380.540    27.286    -0.43    0.97
  55668.522    27.204    -0.28    0.98
  55956.527    27.130    -0.26    0.99
  56244.554    27.135     0.02    0.98
  56532.605    27.303     0.58    1.11
  56820.679    27.429     0.44    1.29
  57108.776    27.742     1.09    1.41
  57396.895    28.042     1.04    1.44
  57685.038    28.158     0.40    1.39
  57973.204    28.320     0.56    1.42
  58261.392    28.368     0.17    1.48
  58549.604    28.250    -0.41    1.54
  58837.839    28.000    -0.87    1.62
  59126.096    27.875    -0.43    1.66
  59414.377    27.638    -0.82    1.61
  59702.681    27.537    -0.35    1.53
  59991.008    27.639     0.35    1.53
  60279.357    27.918     0.97    1.72
  60567.730    28.316     1.38    1.86
  60856.126    28.670     1.23    1.71
  61144.545    28.881     0.73    1.58
  61432.987    29.010     0.45    1.45
  61721.452    29.031     0.07    1.54
  62009.940    28.939    -0.32    1.61
  62298.451    28.630    -1.07    1.57
  62586.986    28.552    -0.27    1.57
  62875.543    28.408    -0.50    1.60
  63164.124    28.402    -0.02    1.40
  63452.727    28.398    -0.01    1.38
  63741.354    28.394    -0.02    1.30
  64030.004    28.532     0.48    1.24
  64318.677    28.594     0.21    1.15
  64607.373    28.579    -0.05    1.14
  64896.092    28.500    -0.27    1.16
  65184.834    28.260    -0.83    1.26
  65473.600    27.938    -1.12    1.41
  65762.388    27.404    -1.85    1.44
  66051.200    26.905    -1.73    1.54
  66340.035    26.417    -1.69    1.65
  66628.893    26.051    -1.27    1.67
  66917.774    25.878    -0.60    1.81
  67206.679    26.020     0.49    1.94
  67495.606    26.350     1.14    2.15
  67784.557    26.653     1.05    2.15
  68073.531    27.247     2.06    1.99
  68362.528    27.683     1.51    1.73
  68651.549    28.061     1.31    1.49
  68940.592    28.271     0.73    1.28
  69229.659    28.162    -0.38    1.28
  69518.749    28.031    -0.45    1.26
  69807.862    27.876    -0.53    1.24
  70096.999    27.611    -0.92    1.12
  70386.159    27.298    -1.08    1.08
  70675.342    27.104    -0.67    1.07
  70964.548    26.851    -0.88    1.09
  71253.778    26.479    -1.29    1.27
  71543.030    26.250    -0.79    1.26
  71832.306    26.170    -0.28    1.28
  72121.606    26.074    -0.33    1.36
  72410.928    25.865    -0.73    1.44
  72700.274    25.787    -0.27    1.42
  72989.644    25.747    -0.14    1.58
  73279.036    25.670    -0.27    1.66
  73568.452    25.643    -0.09    1.68
  73857.891    25.755     0.39    1.71
  74147.354    25.732    -0.08    1.66
  74436.839    26.051     1.10    1.61
  74726.349    26.330     0.97    1.66
  75015.881    26.684     1.22    1.56
  75305.191    27.111     1.48    1.47
  75589.854    27.376     0.93    1.43
  75874.539    27.592     0.76    1.28
  76159.246    27.629     0.13    1.29
  76443.975    27.615    -0.05    1.29
  76728.727    27.688     0.26    1.37
  77013.500    27.646    -0.15    1.41
  77298.296    27.510    -0.48    1.38
  77583.114    27.448    -0.22    1.23
  77867.954    27.432    -0.06    1.16
  78152.816    27.351    -0.28    1.02
  78437.701    27.296    -0.19    0.99
  78722.607    27.286    -0.04    0.95
  79007.536    27.263    -0.08    0.99
  79292.487    27.051    -0.74    1.07
  79577.460    26.847    -0.71    1.10
  79862.456    26.630    -0.76    1.11
  80147.473    26.459    -0.60    1.13
  80432.513    26.526     0.23    1.23
  80717.575    26.705     0.63    1.18
  81002.659    26.832     0.44    1.13
  81287.765    27.021     0.66    1.24
  81572.894    25.760    -4.42    5.06
  81858.044    23.789    -6.91    7.29
  82143.218    20.742   -10.69    9.06
  82428.413    17.594   -11.04    9.65
  82713.630    14.388   -11.24    8.94
  82998.870    11.990    -8.41    7.23
  83284.132    10.050    -6.80    4.29
  83569.416     9.255    -2.78    1.98
  83854.723     9.125    -0.46    2.26
  84140.052     8.931    -0.68    2.58
  84425.403     8.724    -0.72    2.96
  84710.776     8.490    -0.82    3.15
  84996.172     8.255    -0.82    3.23
  85281.590     8.747     1.72    3.96
  85567.030    10.052     4.57    4.39
  85852.493    10.979     3.25    4.23
  86137.978    11.351     1.30    3.85
  86423.485    11.505     0.54    3.45
  86709.015    11.368    -0.48    3.41
  86994.566    10.330    -3.64    3.60
  87280.141     8.897    -5.02    3.45
  87565.737     7.832    -3.73    3.15
  87851.356     6.612    -4.27    2.19
  88136.997     5.948    -2.32    1.70
  88422.661     5.723    -0.79    1.53
  88708.347     5.660    -0.22    1.38
  88994.055     5.735     0.26    1.33
  89279.786     5.684    -0.18    1.31
  89565.539     5.526    -0.55    1.25
  89851.315     5.365    -0.57    1.24
  90137.113     5.394     0.10    1.16
  90422.933     5.479     0.30    1.18
  90708.776     5.417    -0.22    1.17
  90994.641     5.309    -0.38    1.15
  91280.528     5.229    -0.28    1.17
  91566.438     5.227    -0.01    1.13
  91852.370     5.248     0.07    1.05
  92138.325     5.360     0.39    1.13
  92424.302     5.520     0.56    1.21
  92710.302     5.762     0.85    1.23
  92996.324     6.030     0.94    1.22
  93282.369     6.495     1.62    1.28
  93568.436     6.684     0.66    1.22
  93854.525     6.574    -0.38    1.24
  94140.637     6.385    -0.66    1.35
  94426.772     6.137    -0.87    1.37
  94712.929     5.957    -0.63    1.35
  94999.108     6.094     0.48    1.39
  95285.310     6.191     0.34    1.58
  95571.534     6.585     1.38    1.98
  95857.781     6.694     0.38    2.09
  96144.051     7.081     1.35    2.29
  96430.343     7.212     0.46    2.40
  96716.657     7.104    -0.38    2.42
  97002.994     7.059    -0.16    2.40
  97289.354     6.810    -0.87    2.35
  97575.736     6.454    -1.24    2.22
  97862.140     6.273    -0.63    2.03
  98148.567     5.938    -1.17    1.89
  98435.017     5.827    -0.39    1.82
  98721.489     5.768    -0.20    1.75
  99007.984     5.927     0.55    1.72
  99294.501     5.927     0.00    1.64
  99581.041     6.200     0.95    1.80
  99867.604     6.695     1.73    2.22
 100154.189     7.052     1.25    2.21
 100440.797     7.122     0.25    2.37
 100727.427     7.163     0.14    2.50
 101014.080     6.392    -2.69    3.30
 101300.756     5.386    -3.51    3.85
 101587.454     3.949    -5.01    3.99
 101874.175     2.602    -4.70    3.59
 102160.918     1.723    -3.07    3.14
 102447.684     0.918    -2.81    2.24
 102734.473     0.398    -1.81    1.17
 103021.284     0.546     0.52    1.26
 103308.118     0.653     0.37    1.36
 103594.975     0.546    -0.37    1.15
 103881.854     0.375    -0.60    0.93
 104168.756     0.250    -0.44    0.74
 104455.681     0.186    -0.22    0.65
 104742.628     0.125    -0.21    0.55
 105029.598     0.198     0.25    0.96
 105316.591     0.155    -0.15    0.92
 105603.607     2.232     7.24    7.42
 105890.645     7.804    19.41   15.45
 106177.706    14.606    23.70   19.87
 106464.789    22.554    27.69   21.41
 106751.895    30.918    29.13   21.43
 107039.024    40.424    33.11   18.99
 107326.176    50.848    36.31   17.04
 107613.351    62.227    39.62   21.72
 107900.548    72.716    36.52   24.43
 108187.768    82.084    32.62   22.73
 108475.011    89.146    24.59   18.22
 108762.276    92.442    11.48   14.28
 109049.564    91.196    -4.34   15.02
 109336.875    87.438   -13.08   16.69
 109624.209    82.789   -16.18   15.37
 109911.566    78.917   -13.48   13.13
 110198.945    75.930   -10.39   12.09
 110486.347    74.500    -4.98   11.04
 110773.772    73.260    -4.31   11.81
 111061.220    72.260    -3.48   12.05
 111348.691    71.810    -1.57   12.34
 111636.184    70.861    -3.30   14.00
 111923.701    68.835    -7.05   15.70
 112211.240    68.505    -1.15   16.78
 112498.802    70.918     8.39   16.24
 112786.386    74.030    10.82   16.86
 113073.994    78.811    16.62   17.84
 113361.624    84.253    18.92   17.97
 113649.278    89.385    17.85   17.92
 113936.954    95.052    19.70   15.97
 114224.653    97.505     8.53   13.80
 114512.375    95.371    -7.42   15.10
 114800.120    91.438   -13.67   16.41
 115087.887    86.896   -15.78   17.39
 115375.678    82.092   -16.69   17.15
 115663.492    78.848   -11.27   15.87
 115951.328    77.814    -3.59   15.42
 116239.187    78.434     2.15   15.15
 116527.070    81.673    11.25   12.91
 116814.975    84.724    10.60   12.05
 117102.903    87.354     9.13   11.04
 117390.854    89.889     8.81   11.39
 117678.828    93.112    11.19   12.31
 117966.825    97.427    14.98   12.43
 118254.845   101.179    13.03   12.43
 118542.887   106.104    17.10   13.98
 118830.953   112.702    22.91   16.92
 119119.042   120.673    27.67   17.69
 119407.154   129.094    29.23   17.24
 119695.288   136.347    25.18   16.91
 119983.446   143.432    24.59   16.24
 120271.627   147.500    14.12   17.56
 120559.831   151.899    15.26   17.91
 120848.057   156.202    14.93   17.85
 121136.307   160.247    14.04   17.58
 121424.580   164.436    14.53   18.55
 121712.876   172.535    28.10   18.87
 122001.194   179.857    25.40   20.13
 122289.536   187.417    26.22   20.55
 122577.901   196.194    30.44   18.33
 122866.289   202.724    22.65   15.50
 123154.700   207.273    15.77   13.90
 123443.134   210.250    10.32   13.19
 123731.591   212.116     6.47   14.37
 124020.071   211.865    -0.87   16.38
 124308.575   210.615    -4.33   19.10
 124597.101   209.552    -3.68   21.14
 124885.650   206.531   -10.47   22.43
 125174.223   204.155    -8.24   22.65
 125462.818   201.253   -10.06   21.62
 125751.437   199.134    -7.34   21.87
 126040.079   199.510     1.30   21.96
 126328.744   199.614     0.36   23.18
 126617.432   200.440     2.86   24.28
 126906.143   201.546     3.83   25.36
 127194.877   199.248    -7.96   27.22
 127483.635   189.160   -34.94   31.48
 127772.416   180.598   -29.65   32.35
 128061.219   166.010   -50.52   39.63
 128350.046   146.888   -66.21   46.72
 128638.896   131.835   -52.12   45.91
 128927.770   127.103   -16.38   43.65
 129216.666   127.351     0.86   47.50
 129505.586   133.289    20.55   53.09
 129794.528   143.875    36.64   57.03
 130083.494   165.240    73.94   55.07
 130372.484   190.833    88.57   46.36
 130661.496   212.521    75.05   37.11
 130950.532   221.796    32.09   31.03
 131239.591   223.083     4.45   31.98
 131528.673   218.879   -14.55   39.38
 131817.778   208.398   -36.26   46.95
 132106.906   197.010   -39.39   54.83
 132396.058   181.653   -53.11   59.42
 132685.233   168.878   -44.19   62.12
 132974.432   153.921   -51.72   67.49
 133263.653   129.790   -83.44   71.93
 133552.898   102.163   -95.52   70.34
 133842.166    79.626   -77.92   64.78
 134131.457    59.071   -71.06   52.35
 134420.772    41.629   -60.30   39.04
 134710.110    30.240   -39.37   29.15
 134999.471    21.371   -30.65   16.92
 135288.856    17.635   -12.91    8.76
 135578.264    16.175    -5.05    9.54
 135867.695    14.729    -5.00    9.96
 136157.149    13.771    -3.31   10.19
 136446.627    12.896    -3.02   10.50
 136736.128    11.918    -3.38   10.50
 137025.653    10.745    -4.05   10.35
 137313.984     9.276    -5.10    9.84
 137598.648     8.092    -4.16    9.34
 137883.334     8.544     1.59    9.88
 138168.042     8.449    -0.33    9.22
 138452.772     9.155     2.48    8.74
 138737.524    10.424     4.46    8.36
 139022.299    12.184     6.18    7.93
 139307.095    14.989     9.85    7.37
 139591.914    18.126    11.01    7.54
 139876.755    20.812     9.43    8.29
 140161.618    23.438     9.22    8.09
 140446.503    27.594    14.59    8.10
 140731.410    33.776    21.70   12.24
 141016.340    40.697    24.29   17.45
 141301.292    50.208    33.38   23.76
 141586.265    62.835    44.31   29.48
 141871.261    76.020    46.27   32.38
 142156.280    90.800    51.86   29.98
 142441.320   104.490    48.03   22.84
 142726.382   114.141    33.86   18.16
 143011.467   121.561    26.03   13.74
 143296.574   126.750    18.20    8.23
 143581.703   129.833    10.81    5.09
 143866.855   130.990     4.06    4.23
 144152.028   131.052     0.22    4.54
 144437.224   130.490    -1.97    5.01
 144722.442   128.390    -7.36    6.44
 145007.683   125.810    -9.05    7.88
 145292.945   121.730   -14.30   10.70
 145578.230   116.235   -19.26   12.67
 145863.537   110.139   -21.37   13.11
 146148.866   104.101   -21.16   11.78
 146434.218    98.582   -19.34    9.35
 146719.592    94.798   -13.26    6.57
 147004.988    92.361    -8.54    4.22
 147290.406    91.073    -4.51    2.99
 147575.847    89.979    -3.83    2.50
 147861.310    89.115    -3.03    2.46
 148146.795    88.010    -3.87    2.71
 148432.303    86.719    -4.52    3.36
 148717.833    84.929    -6.27    4.17
 149003.385    83.208    -6.03    4.59
 149288.959    81.610    -5.60    4.30
 149574.556    79.880    -6.06    3.79
 149860.175    77.716    -7.58    4.15
 150145.817    75.347    -8.29    5.20
 150431.481    73.337    -7.04    5.70
 150717.167    72.351    -3.45    5.93
 151002.876    71.412    -3.28    6.16
 151288.607    70.531    -3.08    5.98
 151574.360    70.847     1.10    6.12
 151860.136    71.990     4.00    5.83
 152145.934    72.979     3.46    5.63
 152431.754    73.979     3.50    5.59
 152717.597    74.505     1.84    5.88
 153003.462    74.814     1.08    6.58
 153289.350    75.330     1.81    6.71
 153575.260    75.540     0.73    6.51
 153861.192    75.569     0.10    6.02
 154147.147    75.571     0.01    5.47
 154433.124    75.745     0.61    5.37
 154719.124    76.112     1.28    5.05
 155005.146    76.969     3.00    5.12
 155291.191    77.474     1.77    5.25
 155577.258    78.540     3.73    5.34
 155863.347    78.958     1.46    5.52
 156149.459    79.926     3.38    5.04
 156435.594    80.263     1.18    5.34
 156721.751    81.255     3.47    5.47
 157007.930    81.350     0.33    6.13
 157294.132    81.845     1.73    6.16
 157580.356    82.364     1.81    6.03
 157866.603    83.277     3.19    5.93
 158152.872    83.959     2.38    6.08
 158439.164    84.230     0.95    6.77
 158725.478    84.402     0.60    7.85
 159011.815    84.163    -0.83    8.57
 159298.174    84.344     0.63    9.03
 159584.556    84.031    -1.09    9.06
 159870.961    84.423     1.37    9.70
 160157.388    85.177     2.63    9.98
 160443.837    86.214     3.62   10.38
 160730.309    86.970     2.64   10.61
 161016.804    88.950     6.91   11.12
 161303.321    90.939     6.94   10.79
 161589.860    92.851     6.68   10.72
 161876.423    94.535     5.87   10.92
 162163.008    96.237     5.94   10.81
 162449.615    98.600     8.25   10.81
 162736.245   101.598    10.46   10.85
 163022.898   104.895    11.50   11.46
 163309.573   109.695    16.75   11.93
 163596.271   114.594    17.09   12.32
 163882.991   120.091    19.17   12.45
 164169.734   125.887    20.21   12.55
 164456.500   131.949    21.14   11.62
 164743.288   136.286    15.12   11.15
 165030.099   139.408    10.89   11.10
 165316.932   141.429     7.04   10.27
 165603.789   142.437     3.52   10.24
 165890.667   143.810     4.79   10.24
 166177.569   144.950     3.97   10.42
 166464.493   146.059     3.87    9.69
 166751.440   147.586     5.32    8.56
 167038.409   148.990     4.89    7.14
 167325.402   150.427     5.01    5.59
 167612.416   151.567     3.97    4.00
 167899.454   152.454     3.09    2.74
 168186.514   152.784     1.15    2.39
 168473.597   152.732    -0.18    3.44
 168760.703   153.344     2.13    4.00
 169047.831   153.750     1.42    5.03
 169334.982   154.620     3.03    4.86
 169622.156   155.168     1.91    4.74
 169909.353   155.536     1.28    4.03
 170196.572   155.317    -0.76    4.39
 170483.814   155.099    -0.76    4.57
 170771.079   153.959    -3.97    5.79
 171058.366   152.030    -6.71    8.91
 171345.677   151.232    -2.78    9.52
 171633.010   151.168    -0.22   10.63
 171920.366   151.969     2.79   11.08
 172207.744   152.583     2.14   11.00
 172495.145   153.714     3.94    9.82
 172782.570   155.031     4.58    7.95
 173070.017   156.278     4.34    6.83
 173357.486   156.423     0.50    7.44
 173644.979   153.071   -11.66   11.02
 173932.494   153.202     0.45   11.24
 174220.033   153.755     1.92   11.71
 174507.594   154.786     3.59   11.66
 174795.177   156.366     5.50   10.93
 175082.784   158.200     6.38   10.71
 175370.414   161.242    10.58    9.37
 175658.066   164.630    11.78    8.07
 175945.741   167.072     8.49    8.78
 176233.439   169.072     6.95    8.95
 176521.160   172.072    10.43    8.83
 176808.904   174.708     9.16    7.50
 177096.671   175.827     3.89    6.09
 177384.460   175.732    -0.33    5.26
 177672.273   173.500    -7.76    6.43
 177960.108   169.600   -13.55    9.04
 178247.966   164.848   -16.51   10.27
 178535.848   159.869   -17.30   11.02
 178823.752   155.204   -16.20   10.37
 179111.679   150.540   -16.20    8.54
 179399.629   147.386   -10.95    5.95
 179687.601   146.347    -3.61    6.06
 179975.597   146.162    -0.64    7.41
 180263.616   147.182     3.54    8.95
 180551.658   148.845     5.78    9.63
 180839.722   149.691     2.94    9.18
 181127.810   151.392     5.91    7.90
 181415.920   152.438     3.63    6.87
 181704.054   153.041     2.09    6.34
 181992.210   154.000     3.33    6.27
 182280.390   154.889     3.08    6.81
 182568.592   156.530     5.70    6.81
 182856.818   157.717     4.12    6.77
 183145.066   158.525     2.80    6.04
 183433.337   158.437    -0.31    5.74
 183721.632   157.730    -2.45    5.55
 184009.949   156.277    -5.04    5.69
 184298.290   154.426    -6.42    5.72
 184586.653   152.360    -7.16    5.68
 184875.040   150.071    -7.94    6.60
 185163.449   148.691    -4.79    6.65
 185451.882   147.918    -2.68    6.86
 185740.338   148.113     0.68    6.91
 186028.816   148.552     1.52    6.70
 186317.318   149.184     2.19    5.54
 186605.843   149.989     2.79    3.31
 186894.391   150.091     0.35    2.43
 187182.962   149.675    -1.44    2.80
 187471.556   148.884    -2.74    3.27
 187760.173   147.632    -4.34    3.88
