-289381.893   118.398     0.00    8.11
-289096.773   121.428    10.62    8.47
-288811.631   125.243    13.38    9.43
-288526.467   128.561    11.63    9.08
-288241.281   130.572     7.05    8.66
-287956.072   131.707     3.98    8.03
-287670.842   133.657     6.83    6.48
-287385.590   133.923     0.93    6.26
-287100.316   133.034    -3.12    6.36
-286815.020   132.179    -3.00    6.40
-286529.702   132.561     1.34    7.09
-286244.362   133.111     1.93    7.02
-285958.999   132.896    -0.75    7.00
-285673.615   131.912    -3.45    6.44
-285388.209   130.985    -3.25    5.74
-285102.780   129.597    -4.86    4.95
-284817.330   128.080    -5.32    4.83
-284531.857   126.026    -7.19    5.17
-284246.363   124.327    -5.95    6.10
-283960.846   122.722    -5.62    6.18
-283675.307   121.579    -4.00    5.77
-283389.746   120.812    -2.68    4.92
-283104.163   120.776    -0.13    4.58
-282818.558   120.759    -0.06    4.67
-282532.931   120.820     0.21    4.99
-282247.282   120.593    -0.79    5.16
-281961.611   119.678    -3.20    5.58
-281675.917   118.479    -4.20    5.69
-281390.202   118.684     0.72    5.64
-281104.464   118.791     0.37    5.23
-280818.704   118.412    -1.33    5.03
-280532.922   117.199    -4.24    5.62
-280247.118   114.965    -7.81    7.09
-279961.292   112.352    -9.14    8.66
-279675.443   108.728   -12.68    8.55
-279389.573   105.552   -11.11    7.07
-279103.680   103.576    -6.91    6.78
-278817.765   101.746    -6.40    6.99
-278531.828    99.856    -6.61    7.47
-278245.869    97.602    -7.88    7.53
-277959.887    95.646    -6.84    6.74
-277673.883    94.309    -4.67    6.40
-277387.858    92.772    -5.37    5.47
-277101.809    92.091    -2.38    4.30
-276815.739    92.157     0.23    3.98
-276529.647    92.794     2.23    4.09
-276243.532    93.860     3.72    4.22
-275957.395    95.060     4.19    4.36
-275671.236    96.332     4.45    4.42
-275385.054    97.365     3.61    4.90
-275098.851    98.066     2.45    5.45
-274812.625    98.157     0.32    5.83
-274526.377    98.089    -0.24    6.11
-274240.106    97.190    -3.14    6.03
-273953.813    95.701    -5.20    5.30
-273667.498    93.975    -6.03    4.84
-273381.161    92.701    -4.45    5.30
-273094.802    91.368    -4.66    5.73
-272808.420    90.304    -3.71    6.11
-272522.016    89.157    -4.01    5.97
-272235.589    87.823    -4.65    5.38
-271949.141    87.112    -2.48    4.95
-271662.670    87.034    -0.27    4.74
-271376.176    87.457     1.47    4.88
-271089.661    88.201     2.60    5.09
-270803.123    89.690     5.19    5.47
-270516.562    91.554     6.50    5.75
-270229.980    93.590     7.10    6.01
-269943.375    95.934     8.18    6.38
-269656.747    99.011    10.73    6.97
-269370.098   101.146     7.45    8.13
-269083.426   102.468     4.61    8.81
-268796.731   102.797     1.15   10.06
-268510.014   102.590    -0.72   11.96
-268223.275   102.202    -1.35   13.59
-267936.514   103.179     3.41   14.69
-267649.730   103.423     0.85   15.47
-267362.924   104.640     4.24   15.83
-267076.095   104.957     1.10   15.49
-266789.244   104.679    -0.97   14.85
-266502.370   105.546     3.02   14.05
-266215.474   108.338     9.73   13.28
-265928.556   112.088    13.07   13.56
-265641.615   115.357    11.39   13.16
-265354.652   118.423    10.68   12.40
-265067.666   119.915     5.20   11.26
-264780.658   120.428     1.79   10.42
-264493.628   121.036     2.12    9.89
-264206.575   121.934     3.13    9.61
-263919.499   123.667     6.04   10.32
-263632.401   127.530    13.45   11.49
-263345.281   132.759    18.21   12.90
-263058.138   138.382    19.58   12.51
-262770.973   144.091    19.87   11.78
-262483.785   149.296    18.12   12.60
-262196.575   154.433    17.88   13.69
-261909.342   157.994    12.39   14.63
-261622.087   159.923     6.72   15.77
-261334.809   158.874    -3.65   17.46
-261047.509   156.765    -7.34   20.63
-260760.186   151.920   -16.86   21.65
-260472.840   147.820   -14.27   20.92
-260185.472   144.823   -10.43   18.69
-259898.082   144.667    -0.54   17.64
-259610.669   146.552     6.56   17.20
-259323.234   148.972     8.42   16.51
-259035.775   150.795     6.34   13.82
-258748.295   149.448    -4.68   11.63
-258460.792   146.199   -11.30   10.83
-258173.266   141.581   -16.06   11.41
-257885.718   136.057   -19.21   11.46
-257598.147   131.559   -15.64   10.15
-257310.553   128.614   -10.24    9.12
-257022.937   126.725    -6.57    9.24
-256735.298   126.199    -1.83   10.76
-256447.637   127.071     3.03   12.57
-256159.953   130.124    10.61   13.38
-255872.247   134.618    15.62   13.05
-255584.518   138.093    12.07   11.84
-255296.766   139.641     5.38    9.90
-255008.991   139.104    -1.87    9.18
-254721.194   136.361    -9.53   10.56
-254433.375   132.552   -13.23   11.74
-254145.532   128.981   -12.40   11.42
-253857.667   126.372    -9.06   10.09
-253569.780   124.540    -6.36    9.46
-253281.870   123.809    -2.54   10.63
-252993.937   124.071     0.91   11.22
-252705.981   124.961     3.09   11.01
-252418.003   126.772     6.29    9.99
-252130.002   127.494     2.50    9.56
-251841.978   128.295     2.78    9.72
-251553.932   130.430     7.41   11.51
-251265.862   132.888     8.53   12.15
-250977.771   134.706     6.31   12.27
-250689.656   135.706     3.47   13.00
-250401.519   136.320     2.13   12.94
-250113.359   136.050    -0.93   12.32
-249825.176   136.220     0.59   11.87
-249536.971   136.737     1.80   11.72
-249248.743   137.379     2.23   11.06
-248960.492   138.060     2.36   11.31
-248672.218   136.190    -6.49   11.17
-248383.922   132.415   -13.09   11.73
-248095.602   130.030    -8.27   11.06
-247807.260   129.167    -2.99   10.52
-247518.896   130.479     4.55   11.10
-247230.508   132.737     7.83   11.90
-246942.098   136.245    12.16   12.06
-246653.665   139.124     9.98   10.69
-246365.209   140.409     4.45    9.17
-246076.730   140.298    -0.39    9.38
-245788.228   138.321    -6.85   10.63
-245499.704   135.856    -8.54   11.52
-245211.157   134.256    -5.54   12.16
-244922.587   135.146     3.08   13.02
-244633.994   137.629     8.60   13.00
-244345.378   138.917     4.46   11.99
-244056.740   140.200     4.44   10.90
-243768.078   141.243     3.61   10.35
-243479.394   144.080     9.83   10.20
-243190.687   146.646     8.89   10.32
-242901.957   149.146     8.66   10.52
-242613.204   152.387    11.22   11.30
-242324.429   154.888     8.66   11.73
-242035.630   157.511     9.08   11.77
-241746.808   160.530    10.45   11.82
-241457.964   164.700    14.43   10.82
-241169.097   167.657    10.23    8.67
-240880.207   168.711     3.65    7.10
-240591.293   168.831     0.41    6.14
-240302.357   168.805    -0.09    6.48
-240013.398   168.596    -0.72    7.33
-239724.416   168.694     0.34    8.14
-239435.412   169.823     3.91    8.88
-239146.384   170.385     1.94    9.69
-238857.333   171.135     2.59   10.33
-238568.259   170.794    -1.18   11.17
-238279.163   169.728    -3.69   12.22
-237990.043   169.439    -1.00   12.84
-237700.901   170.662     4.23   14.38
-237411.735   174.494    13.25   16.02
-237122.547   181.486    24.18   17.91
-236833.335   189.717    28.45   21.33
-236544.101   199.301    33.13   24.49
-236254.843   208.907    33.20   25.16
-235965.562   214.994    21.04   23.19
-235676.259   218.157    10.93   21.45
-235386.932   219.772     5.58   22.18
-235097.583   216.431   -11.54   23.36
-234808.210   209.834   -22.79   23.47
-234518.815   201.352   -29.30   21.32
-234229.396   194.497   -23.68   19.47
-233939.954   189.768   -16.34   16.33
-233650.489   186.486   -11.33   12.42
-233361.001   185.442    -3.61    9.67
-233071.491   187.612     7.49   10.26
-232781.957   191.994    15.13   12.07
-232492.400   197.508    19.04   12.35
-232202.819   204.268    23.34   12.33
-231913.216   210.563    21.73   13.69
-231626.168   217.310    23.50   15.83
-231341.398   223.842    22.93   16.42
-231056.606   229.579    20.14   15.42
-230771.792   232.354     9.74   13.06
-230486.956   232.853     1.75   11.93
-230202.097   230.468    -8.37   12.57
-229917.217   225.912   -15.99   13.43
-229632.315   219.992   -20.78   12.73
-229347.391   214.662   -18.70   11.68
-229062.445   209.820   -16.99   10.30
-228777.477   205.123   -16.48    9.00
-228492.487   201.001   -14.46    8.70
-228207.475   197.078   -13.76    8.69
-227922.441   192.310   -16.72    8.90
-227637.385   187.979   -15.19    8.26
-227352.306   183.290   -16.44    7.64
-227067.206   178.970   -15.15    7.51
-226782.084   175.233   -13.10    7.10
-226496.940   171.970   -11.44    7.07
-226211.773   169.635    -8.19    6.64
-225926.585   167.845    -6.28    6.78
-225641.374   167.461    -1.35    8.30
-225356.142   168.776     4.61   10.57
-225070.887   171.519     9.61   12.33
-224785.610   174.748    11.32   14.13
-224500.311   178.032    11.51   14.09
-224214.990   179.699     5.84   12.71
-223929.647   180.210     1.79   11.58
-223644.282   178.926    -4.50   11.29
-223358.895   175.907   -10.58   11.30
-223073.486   171.072   -16.93   11.40
-222788.054   165.625   -19.08   11.03
-222502.600   159.635   -20.98   11.02
-222217.125   154.244   -18.88   10.45
-221931.627   150.276   -13.89    8.53
-221646.107   147.860    -8.46    6.61
-221360.565   148.508     2.27    7.56
-221075.000   152.017    12.29   11.23
-220789.414   157.124    17.88   14.17
-220503.805   164.329    25.22   15.53
-220218.174   171.494    25.08   15.99
-219932.521   179.354    27.51   16.17
-219646.846   187.834    29.68   17.43
-219361.149   195.179    25.70   17.90
-219075.429   202.579    25.89   17.89
-218789.687   207.834    18.39   18.06
-218503.923   212.246    15.43   18.08
-218218.137   216.882    16.22   18.18
-217932.329   220.134    11.38   18.54
-217646.498   221.635     5.25   19.31
-217360.645   223.412     6.22   19.42
-217074.770   225.384     6.90   18.92
-216788.873   228.034     9.27   17.54
-216502.953   230.651     9.15   14.23
-216217.012   233.001     8.22   10.27
-215931.047   234.497     5.23    8.17
-215645.061   235.012     1.80    8.31
-215359.053   234.512    -1.75    9.27
-215073.022   233.979    -1.86    8.98
-214786.969   230.623   -11.73   11.58
-214500.893   225.368   -18.37   16.11
-214214.795   216.574   -30.73   23.14
-213928.676   206.025   -36.86   27.13
-213642.533   195.038   -38.39   29.69
-213356.369   181.298   -48.01   29.63
-213070.182   171.157   -35.43   28.16
-212783.973   161.200   -34.78   24.66
-212497.741   152.563   -30.17   25.55
-212211.487   147.831   -16.53   25.53
-211925.211   141.684   -21.47   28.13
-211638.913   134.209   -26.10   30.88
-211352.592   124.683   -33.27   33.97
-211066.248   116.731   -27.77   36.17
-210779.883   109.352   -25.76   40.06
-210493.495    90.450   -65.99   51.28
-210207.085    68.497   -76.64   55.07
-209920.652    48.011   -71.51   53.57
-209634.197    28.306   -68.78   46.14
-209347.720    13.331   -52.26   33.55
-209061.220     1.526   -41.19   15.99
-208774.698    -2.843   -15.25    0.00
-208488.153    -2.843     0.00    0.00
-208201.586    -2.843     0.00    0.00
-207914.997    -2.843     0.00    0.00
-207628.385    -2.843     0.00    0.00
-207341.751    -2.843     0.00    0.00
-207055.094    -2.843     0.00    0.00
-206768.415    -2.843     0.00    0.00
-206481.714    -2.843     0.00    0.00
-206194.990    -2.843     0.00    0.00
-205908.243    -2.843     0.00    0.00
-205621.475    -2.843     0.00    0.00
-205334.683    -2.843     0.00    0.00
-205047.870    -1.777     3.72    4.01
-204761.033     0.893     9.31    7.97
-204474.175     4.512    12.61   11.24
-204187.294     9.157    16.19   14.56
-203900.390    15.014    20.41   17.06
-203613.464    21.846    23.81   18.17
-203326.515    27.761    20.61   17.75
-203039.544    33.202    18.96   16.91
-202752.550    37.068    13.47   16.30
-202465.534    40.357    11.46   14.60
-202178.495    43.212     9.95   12.58
-201891.434    44.657     5.03   10.81
-201604.351    44.801     0.50   10.67
-201317.244    44.325    -1.66   11.96
-201030.115    42.988    -4.66   15.18
-200742.964    41.787    -4.18   17.23
-200455.790    41.446    -1.19   17.49
-200168.594    39.915    -5.33   18.31
-199881.375    40.390     1.65   17.29
-199594.133    39.579    -2.82   16.64
-199306.869    39.034    -1.89   16.06
-199019.582    39.779     2.59   14.93
-198732.273    40.046     0.93   13.95
-198444.941    40.827     2.72   13.06
-198157.586    41.299     1.64   12.58
-197870.209    41.003    -1.03   12.20
-197582.810    42.479     5.14   10.08
-197295.387    42.684     0.71    8.72
-197007.942    43.124     1.53    7.20
-196720.475    42.802    -1.12    6.94
-196432.985    41.694    -3.85    8.61
-196145.472    40.298    -4.86    9.72
-195857.936    37.230   -10.67   12.43
-195570.378    33.901   -11.57   14.84
-195282.797    30.798   -10.79   16.34
-194995.194    27.310   -12.12   17.05
-194707.568    24.222   -10.74   17.29
-194419.919    21.199   -10.51   17.36
-194132.247    18.125   -10.68   17.12
-193844.553    15.284    -9.87   16.38
-193556.836    12.221   -10.64   14.93
-193269.097    10.113    -7.32   13.90
-192981.335     7.923    -7.61   12.12
-192693.550     5.532    -8.31    8.74
-192405.742     4.125    -4.89    5.45
-192117.912     3.189    -3.25    2.15
-191830.059     3.080    -0.38    1.48
-191542.183     3.252     0.60    1.48
-191254.284     3.427     0.61    1.56
-190966.363     3.378    -0.17    1.53
-190678.419     3.361    -0.06    1.49
-190390.452     3.635     0.95    1.61
-190102.463     3.896     0.91    1.73
-189814.451     4.167     0.94    1.81
-189526.416     4.386     0.76    1.76
-189238.358     4.554     0.59    1.77
-188950.277     4.548    -0.02    1.92
-188662.174     4.329    -0.76    2.09
-188374.048     3.888    -1.53    2.06
-188085.899     3.427    -1.60    1.98
-187797.727     3.135    -1.01    1.77
-187509.532     2.834    -1.04    1.58
-187221.315     2.522    -1.08    1.45
-186933.075     2.490    -0.11    1.42
-186644.812     2.363    -0.44    1.39
-186356.526     2.298    -0.23    1.44
-186068.217     2.102    -0.68    1.52
-185779.886     1.882    -0.76    1.50
-185491.531     1.706    -0.61    1.46
-185203.154     1.244    -1.60    1.91
-184914.754     0.790    -1.57    2.21
-184626.331     0.245    -1.89    2.43
-184337.885     0.146    -0.34    2.42
-184049.417    -0.288    -1.50    2.52
-183760.925    -1.030    -2.57    2.38
-183472.411    -1.654    -2.16    1.97
-183183.873    -1.931    -0.96    1.70
-182895.313    -2.232    -1.04    1.47
-182606.730    -2.621    -1.35    0.88
-182318.124    -2.843    -0.77    0.00
-182029.495    -2.843     0.00    0.00
-181740.843    -2.843     0.00    0.00
-181452.168    -2.843     0.00    0.00
-181163.471    -2.843     0.00    0.00
-180874.750    -2.843     0.00    0.00
-180586.006    -2.843     0.00    0.00
-180297.240    -2.843     0.00    0.00
-180008.450    -2.843     0.00    0.00
-179719.638    -2.843     0.00    0.00
-179430.802    -2.843     0.00    0.00
-179141.944    -2.843     0.00    0.00
-178853.063    -2.843     0.00    0.00
-178564.158    -2.843     0.00    0.00
-178275.231    -2.843     0.00    0.00
-177986.281    -2.843     0.00    0.00
-177697.307    -2.843     0.00    0.00
-177408.311    -2.843     0.00    0.00
-177119.291    -2.843     0.00    0.00
-176830.249    -2.843     0.00    0.00
-176541.184    -2.843     0.00    0.00
-176252.095    -2.843     0.00    0.00
-175962.984    -2.843     0.00    0.00
-175673.849    -2.843     0.00    0.00
-175384.692    -2.843     0.00    0.00
-175095.511    -2.843     0.00    0.00
-174806.307    -2.843     0.00    0.00
-174517.081    -2.843     0.00    0.00
-174227.831    -2.843     0.00    0.00
-173938.558    -2.843     0.00    0.00
-173649.262    -2.843     0.00    0.00
-173359.943    -2.843     0.00    0.00
-173070.601    -2.843     0.00    0.00
-172781.235    -2.843     0.00    0.00
-172491.847    -2.843     0.00    0.00
-172202.435    -2.843     0.00    0.00
-171913.001    -2.843     0.00    0.00
-171623.543    -2.843     0.00    0.00
-171334.062    -2.843     0.00    0.00
-171044.558    -2.843     0.00    0.00
-170755.031    -2.843     0.00    0.00
-170465.481    -2.843     0.00    0.00
-170175.908    -2.843     0.00    0.00
-169886.311    -2.843     0.00    0.00
-169600.399    -2.843     0.00    0.00
-169315.638    -2.843     0.00    0.00
-169030.855    -2.843     0.00    0.00
-168746.049    -2.843     0.00    0.00
-168461.222    -2.843     0.00    0.00
-168176.372    -2.843     0.00    0.00
-167891.501    -2.757     0.30    0.60
-167606.607    -2.467     1.02    1.26
-167321.691    -1.749     2.52    2.09
-167036.754    -1.093     2.30    2.48
-166751.794    -0.546     1.92    2.66
-166466.812    -0.386     0.56    2.64
-166181.808     0.265     2.28    2.74
-165896.782     1.060     2.79    2.84
-165611.734     1.614     1.94    2.99
-165326.664     2.189     2.02    2.99
-165041.572     2.574     1.35    2.99
-164756.457     2.948     1.31    3.17
-164471.321     5.678     9.57    8.14
-164186.162     8.212     8.88   11.10
-163900.982    11.896    12.91   13.72
-163615.779    15.757    13.54   15.14
-163330.554    19.212    12.11   15.52
-163045.307    22.331    10.93   15.31
-162760.037    25.678    11.73   13.93
-162474.746    28.733    10.70   11.94
-162189.433    31.623    10.13    8.97
-161904.097    33.457     6.42    4.99
-161618.739    34.287     2.91    1.57
-161333.359    34.267    -0.07    1.81
-161047.957    34.232    -0.12    1.95
-160762.532    34.059    -0.61    2.18
-160477.086    33.630    -1.50    2.38
-160191.617    33.189    -1.54    2.45
-159906.126    32.698    -1.72    2.57
-159620.613    31.816    -3.09    2.65
-159335.078    30.952    -3.03    2.50
-159049.520    29.899    -3.69    2.41
-158763.940    28.848    -3.68    2.57
-158478.338    28.219    -2.20    2.93
-158192.714    27.784    -1.52    3.46
-157907.068    27.744    -0.14    3.53
-157621.399    28.221     1.67    3.54
-157335.708    28.869     2.27    3.52
-157049.995    29.740     3.05    3.12
-156764.260    30.593     2.98    2.82
-156478.502    31.710     3.91    2.52
-156192.722    32.856     4.01    2.62
-155906.920    34.544     5.91    3.42
-155621.095    36.070     5.34    3.76
-155335.248    37.550     5.18    3.82
-155049.379    39.135     5.54    3.65
-154763.488    40.446     4.58    3.33
-154477.574    41.602     4.05    3.10
-154191.638    42.879     4.46    2.80
-153905.680    44.026     4.01    2.63
-153619.700    45.368     4.69    2.32
-153333.697    46.268     3.15    1.91
-153047.671    46.972     2.46    1.69
-152761.624    47.417     1.56    1.54
-152475.554    47.417     0.00    1.50
-152189.462    47.368    -0.17    1.53
-151903.347    47.101    -0.93    1.65
-151617.210    46.501    -2.10    2.16
-151331.051    45.695    -2.81    2.57
-151044.869    44.673    -3.57    2.95
-150758.665    43.332    -4.68    3.37
-150472.439    41.874    -5.09    3.61
-150186.190    40.070    -6.30    3.78
-149899.919    38.380    -5.90    3.74
-149613.625    36.472    -6.66    3.96
-149327.309    34.028    -8.54    4.07
-149040.971    31.891    -7.46    4.73
-148754.610    29.409    -8.66    5.33
-148468.227    26.761    -9.25    5.63
-148181.821    24.518    -7.83    5.16
-147895.393    22.372    -7.49    4.07
-147608.943    21.933    -1.53    4.40
-147322.470    24.827    10.10    9.67
-147035.974    29.563    16.53   14.51
-146749.456    35.030    19.08   16.60
-146462.916    40.737    19.91   16.19
-146176.353    45.963    18.23   14.25
-145889.768    50.157    14.63   11.24
-145603.161    53.083    10.21    8.42
-145316.530    55.178     7.31    7.05
-145029.878    56.382     4.20    5.58
-144743.203    57.412     3.59    4.86
-144456.505    59.070     5.78    3.30
-144169.785    60.331     4.40    2.90
-143883.042    61.490     4.04    3.15
-143596.277    62.568     3.76    3.24
-143309.490    63.385     2.85    3.41
-143022.680    64.475     3.80    3.09
-142735.847    65.640     4.06    2.83
-142448.992    66.812     4.08    2.64
-142162.114    67.690     3.06    2.67
-141875.214    68.581     3.10    2.55
-141588.291    69.472     3.11    2.35
-141301.345    70.385     3.18    2.13
-141014.377    71.034     2.26    1.75
-140727.387    71.557     1.82    1.71
-140440.374    72.167     2.13    1.64
-140153.338    72.519     1.23    1.56
-139866.280    72.802     0.98    1.58
-139579.199    73.079     0.96    1.52
-139292.096    72.968    -0.39    1.70
-139004.970    72.662    -1.06    1.85
-138717.821    71.972    -2.40    2.42
-138430.650    71.306    -2.32    2.97
-138143.456    71.189    -0.41    3.04
-137856.240    71.367     0.62    3.14
-137569.000    71.917     1.91    3.11
-137281.739    72.620     2.45    3.25
-136994.454    73.614     3.46    2.96
-136707.147    74.572     3.33    2.54
-136419.818    75.135     1.96    2.19
-136132.465    75.459     1.13    2.01
-135845.090    75.868     1.42    2.17
-135557.693    76.167     1.04    2.25
-135270.272    76.391     0.78    2.27
-134982.829    76.614     0.78    2.14
-134695.364    76.584    -0.11    2.16
-134407.875    76.752     0.59    1.98
-134120.364    76.813     0.21    1.84
-133832.830    76.221    -2.06    1.85
-133545.274    75.651    -1.98    1.84
-133257.695    75.250    -1.39    1.91
-132970.093    74.754    -1.72    1.92
-132682.468    74.178    -2.00    1.74
-132394.821    73.662    -1.79    1.47
-132107.151    73.124    -1.87    1.39
-131819.458    72.722    -1.40    1.31
-131531.742    72.465    -0.89    1.25
-131244.004    72.234    -0.80    1.09
-130956.243    72.286     0.18    1.40
-130668.459    72.278    -0.03    1.63
-130380.652    72.211    -0.23    1.84
-130092.823    71.857    -1.23    2.11
-129804.971    71.479    -1.31    2.34
-129517.096    70.863    -2.14    2.35
-129229.198    70.254    -2.11    2.03
-128941.278    69.581    -2.34    1.54
-128653.334    69.201    -1.32    1.35
-128365.368    69.201     0.00    1.35
-128077.379    69.276     0.26    1.30
-127789.367    69.200    -0.27    1.31
-127501.333    69.417     0.76    1.37
-127213.275    69.479     0.21    1.42
-126925.195    69.607     0.45    1.44
-126637.092    69.450    -0.55    1.46
-126348.966    69.331    -0.41    1.49
-126060.817    69.157    -0.60    1.51
-125772.645    68.957    -0.69    1.58
-125484.451    68.597    -1.25    1.65
-125196.233    67.874    -2.51    1.91
-124907.993    67.081    -2.75    2.54
-124619.730    66.190    -3.09    2.80
-124331.444    65.135    -3.66    3.00
-124043.135    63.727    -4.88    3.03
-123754.803    62.550    -4.08    2.53
-123466.448    61.511    -3.60    2.13
-123178.070    60.458    -3.65    1.98
-122889.670    59.869    -2.04    1.75
-122601.246    59.282    -2.04    1.53
-122312.799    58.907    -1.30    1.28
-122024.330    58.657    -0.87    1.16
-121735.838    58.486    -0.59    1.05
-121447.322    58.412    -0.26    1.09
-121158.784    58.323    -0.31    1.10
-120870.223    58.292    -0.11    1.09
-120581.639    58.189    -0.36    1.07
-120293.032    58.124    -0.22    1.09
-120004.401    57.969    -0.54    1.12
-119715.748    57.827    -0.49    1.14
-119427.072    57.646    -0.63    1.10
-119138.373    57.593    -0.18    1.06
-118849.651    57.614     0.07    1.17
-118560.906    57.646     0.11    1.15
-118272.138    57.719     0.25    1.22
-117983.347    58.029     1.07    1.31
-117694.533    58.348     1.10    1.45
-117405.696    58.572     0.77    1.42
-117116.835    58.782     0.73    1.51
-116827.952    59.114     1.15    1.62
-116539.046    59.689     1.99    2.30
-116250.116    60.588     3.11    2.75
-115961.164    61.361     2.67    2.80
-115672.189    62.060     2.42    2.61
-115383.190    62.572     1.77    2.27
-115094.169    63.003     1.49    1.93
-114805.124    63.220     0.75    1.53
-114516.056    63.352     0.46    1.42
-114226.965    63.363     0.04    1.46
-113937.851    63.823     1.59    1.79
-113648.714    64.423     2.07    1.98
-113359.554    64.813     1.35    1.87
-113070.371    65.157     1.19    1.80
-112781.164    65.472     1.09    1.64
-112491.935    65.568     0.33    1.36
-112202.682    65.841     0.95    1.33
-111913.406    66.350     1.76    1.60
-111624.107    66.888     1.86    1.53
-111334.785    67.409     1.80    1.43
-111045.440    68.014     2.09    1.50
-110756.072    68.548     1.85    1.60
-110466.680    69.287     2.55    1.77
-110177.265    70.135     2.93    2.09
-109887.827    71.257     3.88    2.69
-109598.366    72.585     4.59    3.11
-109308.882    74.253     5.76    3.74
-109019.375    76.135     6.50    4.32
-108729.844    78.461     8.03    4.83
-108440.290    80.634     7.51    5.17
-108150.713    83.515     9.95    5.43
-107861.112    85.852     8.07    5.23
-107576.327    87.909     7.22    4.68
-107291.582    89.901     6.99    3.96
-107006.815    91.339     5.05    3.51
-106722.026    92.472     3.98    3.24
-106437.215    93.399     3.25    3.21
-106152.381    94.284     3.11    3.03
-105867.526    95.072     2.77    2.73
-105582.648    95.880     2.83    2.21
-105297.749    96.323     1.56    1.86
-105012.827    96.136    -0.66    2.29
-104727.883    95.511    -2.19    3.01
-104442.917    94.444    -3.75    3.61
-104157.929    93.490    -3.35    3.66
-103872.919    92.469    -3.58    3.61
-103587.887    91.788    -2.39    3.44
-103302.832    91.372    -1.46    3.56
-103017.756    91.693     1.13    4.38
-102732.657    92.530     2.93    5.01
-102447.536    93.942     4.95    5.15
-102162.393    95.290     4.73    5.15
-101877.228    96.268     3.43    5.08
-101592.040    97.286     3.57    4.84
-101306.831    98.220     3.28    4.62
-101021.599    98.417     0.69    4.12
-100736.345    98.312    -0.37    3.99
-100451.069    98.004    -1.08    4.06
-100165.771    97.689    -1.10    4.13
 -99880.450    97.221    -1.64    4.22
 -99595.108    96.673    -1.92    4.44
 -99309.743    96.550    -0.43    4.62
 -99024.356    96.479    -0.25    4.34
 -98738.946    96.511     0.11    4.47
 -98453.515    96.582     0.25    4.34
 -98168.061    97.337     2.65    4.03
 -97882.585    97.976     2.24    3.67
 -97597.087    98.261     1.00    3.39
 -97311.566    98.177    -0.29    2.97
 -97026.023    97.699    -1.67    3.03
 -96740.458    96.827    -3.05    3.33
 -96454.871    94.980    -6.47    4.01
 -96169.262    92.927    -7.18    4.59
 -95883.630    90.409    -8.82    5.39
 -95597.976    87.382   -10.60    6.62
 -95312.299    83.336   -14.16    8.73
 -95026.600    78.576   -16.66    9.63
 -94740.879    73.985   -16.07    9.74
 -94455.136    69.623   -15.26    8.84
 -94169.371    66.015   -12.62    7.63
 -93883.583    63.114   -10.15    6.19
 -93597.772    60.587    -8.84    4.72
 -93311.940    58.923    -5.82    3.52
 -93026.085    57.794    -3.95    2.65
 -92740.208    57.081    -2.49    2.04
 -92454.308    56.515    -1.98    1.60
 -92168.386    56.114    -1.40    1.37
 -91882.442    55.723    -1.36    1.34
 -91596.475    54.795    -3.25    2.62
 -91310.486    53.952    -2.95    3.36
 -91024.475    51.243    -9.47    7.53
 -90738.441    47.220   -14.06   10.70
 -90452.385    42.893   -15.13   11.66
 -90166.306    38.813   -14.26   11.36
 -89880.205    35.032   -13.22    9.73
 -89594.082    32.614    -8.45    7.65
 -89307.936    30.901    -5.99    4.58
 -89021.768    32.157     4.39    5.24
 -88735.578    35.250    10.81    7.68
 -88449.365    38.304    10.67    9.18
 -88163.129    42.391    14.28    9.74
 -87876.872    46.274    13.56    9.25
 -87590.591    49.792    12.29    7.92
 -87304.289    52.518     9.52    6.14
 -87017.963    55.125     9.10    4.78
 -86731.616    56.233     3.87    5.10
 -86445.246    57.678     5.05    5.37
 -86158.853    59.287     5.62    5.04
 -85872.438    60.885     5.58    4.59
 -85586.001    62.379     5.22    4.17
 -85299.541    63.407     3.59    3.67
 -85013.058    64.318     3.18    3.31
 -84726.553    65.026     2.47    2.92
 -84440.026    65.530     1.76    2.49
 -84153.476    65.972     1.54    2.09
 -83866.904    65.995     0.08    1.90
 -83580.309    65.587    -1.43    1.83
 -83293.691    65.332    -0.89    1.85
 -83007.051    64.812    -1.81    2.02
 -82720.389    64.462    -1.22    2.28
 -82433.703    63.985    -1.66    2.61
 -82146.996    63.230    -2.63    2.70
 -81860.266    62.382    -2.95    2.73
 -81573.513    61.536    -2.95    2.92
 -81286.738    60.792    -2.59    2.83
 -80999.940    60.051    -2.58    2.84
 -80713.119    59.327    -2.53    3.00
 -80426.276    58.788    -1.88    3.12
 -80139.411    57.782    -3.51    3.53
 -79852.523    57.363    -1.46    3.44
 -79565.612    56.620    -2.59    3.85
 -79278.678    56.641     0.07    3.22
 -78991.722    56.750     0.38    3.07
 -78704.744    56.792     0.15    2.75
 -78417.743    57.188     1.38    2.43
 -78130.719    57.286     0.34    2.07
 -77843.672    56.927    -1.25    2.06
 -77556.603    56.540    -1.35    2.08
 -77269.512    55.816    -2.52    2.27
 -76982.397    54.846    -3.38    2.36
 -76695.260    54.157    -2.40    2.22
 -76408.101    53.350    -2.81    2.30
 -76120.918    52.630    -2.51    3.05
 -75833.713    51.624    -3.50    3.52
 -75546.486    51.146    -1.67    3.41
 -75259.235    51.102    -0.15    3.22
 -74971.962    51.391     1.00    3.43
 -74684.666    51.689     1.04    3.88
 -74397.348    52.312     2.17    4.41
 -74110.007    53.296     3.43    5.12
 -73822.643    54.613     4.58    5.29
 -73535.256    55.931     4.58    5.38
 -73247.847    57.058     3.92    5.44
 -72960.415    58.199     3.97    5.36
 -72672.960    59.252     3.67    5.30
 -72385.483    60.550     4.51    4.77
 -72097.983    61.999     5.04    3.78
 -71810.460    63.041     3.62    3.09
 -71522.914    63.948     3.16    2.55
 -71235.346    64.823     3.04    2.33
 -70947.754    65.357     1.85    2.17
 -70660.140    65.657     1.04    2.17
 -70372.504    66.023     1.27    2.05
 -70084.844    66.177     0.54    1.96
 -69797.162    66.167    -0.03    1.78
 -69509.457    65.988    -0.62    1.76
 -69221.729    65.820    -0.59    1.71
 -68933.978    65.740    -0.28    1.73
 -68646.204    65.451    -1.00    1.90
 -68358.408    65.040    -1.43    2.10
 -68070.589    64.563    -1.66    2.46
 -67782.747    64.008    -1.93    2.54
 -67494.882    63.630    -1.31    2.65
 -67206.994    63.059    -1.99    2.82
 -66919.084    62.210    -2.95    2.84
 -66631.150    61.561    -2.25    2.78
 -66343.194    60.976    -2.03    2.70
 -66055.215    60.420    -1.93    2.62
 -65767.213    59.750    -2.33    2.36
 -65479.188    59.221    -1.84    2.20
 -65191.141    58.866    -1.23    2.14
 -64903.070    58.298    -1.97    2.15
 -64614.977    57.646    -2.26    2.23
 -64326.860    57.081    -1.96    2.56
 -64038.721    56.486    -2.06    2.90
 -63750.559    55.624    -2.99    3.54
 -63462.374    54.757    -3.01    4.08
 -63174.166    54.157    -2.08    4.38
 -62885.935    53.472    -2.38    4.65
 -62597.681    52.640    -2.88    4.83
 -62309.404    51.981    -2.29    4.82
 -62021.104    51.272    -2.46    4.64
 -61732.781    50.795    -1.66    4.27
 -61444.436    49.677    -3.88    4.22
 -61156.067    48.357    -4.58    3.95
 -60867.676    47.199    -4.01    3.98
 -60579.261    46.469    -2.53    4.19
 -60290.823    45.073    -4.84    4.14
 -60002.363    43.736    -4.64    4.08
 -59713.879    42.862    -3.03    4.07
 -59425.373    42.427    -1.51    3.96
 -59136.843    42.177    -0.87    3.77
 -58848.291    41.946    -0.80    3.40
 -58559.715    42.219     0.95    2.88
 -58271.117    41.847    -1.29    2.78
 -57982.495    41.407    -1.53    2.71
 -57693.851    40.605    -2.78    2.79
 -57405.183    39.334    -4.40    3.33
 -57116.492    37.830    -5.21    3.70
 -56827.779    36.521    -4.53    3.71
 -56539.042    35.199    -4.58    3.75
 -56250.282    33.942    -4.35    3.77
 -55961.499    32.907    -3.58    3.61
 -55672.693    31.816    -3.78    3.49
 -55383.864    31.346    -1.63    3.44
 -55095.012    31.146    -0.69    3.50
 -54806.137    31.253     0.37    3.49
 -54517.239    31.570     1.09    3.44
 -54228.317    31.694     0.43    3.56
 -53939.373    32.212     1.79    2.95
 -53650.405    32.404     0.66    2.77
 -53361.414    32.367    -0.13    2.44
 -53072.401    32.060    -1.06    2.36
 -52783.364    31.805    -0.88    2.28
 -52494.303    31.146    -2.28    2.54
 -52205.220    29.923    -4.23    2.85
 -51916.114    28.651    -4.40    2.96
 -51626.984    27.298    -4.68    2.90
 -51337.831    26.092    -4.17    2.78
 -51048.656    24.909    -4.09    2.77
 -50759.457    23.565    -4.65    2.48
 -50470.234    22.167    -4.83    2.68
 -50180.989    20.838    -4.60    2.87
 -49891.720    19.952    -3.06    2.67
 -49602.429    19.565    -1.34    2.61
 -49313.114    19.082    -1.67    2.69
 -49023.775    18.710    -1.29    2.82
 -48734.414    18.778     0.23    2.91
 -48445.029    19.125     1.20    2.91
 -48155.622    19.188     0.22    2.87
 -47866.191    19.304     0.40    2.67
 -47576.736    19.542     0.82    2.63
 -47287.259    19.886     1.19    2.84
 -46997.758    20.778     3.08    3.14
 -46708.234    22.208     4.94    3.06
 -46418.687    23.657     5.00    2.77
 -46129.116    24.698     3.60    2.94
 -45840.526    25.869     4.06    3.09
 -45555.802    27.062     4.19    3.23
 -45271.057    28.507     5.08    3.57
 -44986.289    29.907     4.91    3.71
 -44701.500    31.399     5.24    3.65
 -44416.688    32.954     5.46    3.44
 -44131.854    34.063     3.89    3.14
 -43846.998    34.609     1.92    2.74
 -43562.120    34.565    -0.15    2.88
 -43277.220    33.601    -3.38    3.36
 -42992.297    32.146    -5.11    3.79
 -42707.353    30.157    -6.98    4.40
 -42422.386    28.591    -5.49    3.75
 -42137.397    27.746    -2.97    3.10
 -41852.386    27.614    -0.46    2.71
 -41567.353    28.350     2.58    3.14
 -41282.298    29.576     4.30    3.74
 -40997.220    31.321     6.12    3.96
 -40712.120    32.865     5.41    4.10
 -40426.999    34.344     5.19    4.22
 -40141.855    36.250     6.69    4.55
 -39856.688    38.515     7.94    4.89
 -39571.500    40.967     8.60    4.96
 -39286.289    43.310     8.21    4.93
 -39001.056    45.631     8.14    4.97
 -38715.801    48.430     9.81    4.89
 -38430.524    50.917     8.72    4.72
 -38145.224    53.282     8.29    4.75
 -37859.902    55.490     7.74    5.10
 -37574.558    58.124     9.23    5.24
 -37289.192    60.710     9.06    5.27
 -37003.804    63.458     9.63    5.49
 -36718.393    66.795    11.69    6.66
 -36432.960    71.090    15.05    8.85
 -36147.505    76.059    17.41   11.19
 -35862.027    83.693    26.74   15.52
 -35576.527    92.544    31.00   18.67
 -35291.005   100.601    28.22   19.62
 -35005.460   108.114    26.31   19.72
 -34719.894   113.287    18.12   17.66
 -34434.305   114.125     2.93   16.12
 -34148.693   113.008    -3.91   16.23
 -33863.060   108.969   -14.14   16.60
 -33577.404   105.219   -13.13   16.96
 -33291.725    99.646   -19.51   16.86
 -33006.025    94.698   -17.32   16.55
 -32720.302    91.072   -12.69   16.55
 -32434.556    88.930    -7.50   16.65
 -32148.789    87.682    -4.37   15.90
 -31862.999    88.167     1.70   13.86
 -31577.186    87.292    -3.06   12.02
 -31291.352    85.042    -7.87   11.70
 -31005.495    82.304    -9.58   12.68
 -30719.615    77.673   -16.20   15.67
 -30433.713    70.533   -24.97   18.04
 -30147.789    62.372   -28.54   18.70
 -29861.842    53.912   -29.58   16.57
 -29575.873    46.479   -25.99   13.00
 -29289.882    41.059   -18.95    9.16
 -29003.868    37.021   -14.12    5.99
 -28717.832    34.339    -9.38    4.21
 -28431.773    32.357    -6.93    3.44
 -28145.692    30.554    -6.30    3.66
 -27859.589    29.374    -4.13    3.73
 -27573.463    29.251    -0.43    3.74
 -27287.314    29.210    -0.14    3.98
 -27001.144    29.557     1.21    4.30
 -26714.950    29.990     1.51    4.32
 -26428.735    30.209     0.76    5.22
 -26142.496    28.917    -4.51    8.14
 -25856.236    26.552    -8.26   10.50
 -25569.952    23.004   -12.40   11.89
 -25283.647    19.480   -12.31   11.99
 -24997.319    15.792   -12.88   10.74
 -24710.968    12.594   -11.17    8.39
 -24424.595    10.344    -7.86    4.69
 -24138.199     9.469    -3.06    1.20
 -23851.781     9.599     0.45    1.25
 -23565.341     9.651     0.18    1.37
 -23278.878     9.809     0.55    1.49
 -22992.392     9.780    -0.10    1.62
 -22705.884     9.805     0.09    1.64
 -22419.353     9.468    -1.17    1.67
 -22132.800     9.167    -1.05    1.55
 -21846.224     9.472     1.06    1.52
 -21559.626     9.705     0.81    1.55
 -21273.005    10.006     1.05    1.64
 -20986.361    10.380     1.30    1.72
 -20699.695    10.576     0.68    1.72
 -20413.006    10.816     0.84    1.57
 -20126.295    11.029     0.74    1.50
 -19839.561    11.178     0.52    1.52
 -19552.805    11.093    -0.29    1.63
 -19266.026    10.917    -0.62    1.85
 -18979.224    10.792    -0.44    2.16
 -18692.400    10.865     0.25    2.54
 -18405.553    11.240     1.31    3.35
 -18118.684    11.157    -0.29    3.33
 -17831.792    11.365     0.73    3.42
 -17544.877    11.771     1.42    3.99
 -17257.940    12.115     1.20    3.84
 -16970.980    12.136     0.07    3.42
 -16683.997    11.532    -2.11    2.58
 -16396.992    11.177    -1.23    2.69
 -16109.964    10.739    -1.53    2.49
 -15822.913    10.447    -1.02    2.31
 -15535.840    10.092    -1.24    1.86
 -15248.744     9.508    -2.04    2.08
 -14961.625     9.412    -0.33    2.01
 -14674.484     9.232    -0.63    1.91
 -14387.320     8.875    -1.24    1.94
 -14100.133     8.591    -0.99    2.01
 -13812.924     8.464    -0.44    2.12
 -13525.692     8.415    -0.17    2.18
 -13238.437     8.316    -0.34    2.37
 -12951.159     8.017    -1.04    2.60
 -12663.859     7.823    -0.67    2.79
 -12376.536     7.438    -1.34    3.00
 -12089.190     6.678    -2.64    3.43
 -11801.821     5.441    -4.30    3.33
 -11514.430     4.662    -2.71    3.00
 -11227.016     4.344    -1.11    3.09
 -10939.579     4.209    -0.47    3.12
 -10652.120     3.930    -0.97    3.05
 -10364.637     4.250     1.12    3.12
 -10077.132     4.425     0.61    3.04
  -9789.604     4.610     0.65    2.85
  -9502.053     5.344     2.55    2.97
  -9214.480     6.073     2.54    3.10
  -8926.884     6.948     3.04    3.12
  -8639.264     7.782     2.90    3.05
  -8351.623     7.501    -0.98    2.89
  -8063.958     7.788     1.00    2.73
  -7776.270     7.816     0.10    2.80
  -7488.560     8.038     0.77    2.76
  -7200.826     8.201     0.56    2.78
  -6913.070     8.071    -0.45    2.64
  -6625.291     7.683    -1.35    2.24
  -6337.490     7.374    -1.07    2.14
  -6049.665     7.276    -0.34    2.07
  -5761.817     6.742    -1.86    2.18
  -5473.947     5.974    -2.67    2.27
  -5186.054     5.581    -1.37    2.40
  -4898.138     5.374    -0.72    2.53
  -4610.199     5.136    -0.83    2.46
  -4322.237     5.662     1.83    2.67
  -4034.252     6.199     1.87    3.02
  -3746.244     6.594     1.37    3.31
  -3458.213     6.750     0.54    3.35
  -3170.160     7.034     0.99    3.25
  -2882.083     7.511     1.65    2.98
  -2593.984     7.734     0.77    2.82
  -2305.861     7.688    -0.16    2.66
  -2017.716     7.487    -0.70    2.77
  -1729.548     6.198    -4.47    3.61
  -1441.357     4.621    -5.47    4.04
  -1153.142     3.261    -4.72    4.16
   -864.905     1.932    -4.61    4.06
   -576.645     0.515    -4.92    3.16
   -288.362    -0.354    -3.01    1.75
     -0.056     0.938     4.48    4.20
    288.273     2.367     4.96    5.12
    576.625     3.646     4.44    5.31
    865.000     4.603     3.32    5.23
   1153.398     5.275     2.33    5.17
   1441.819     5.651     1.30    5.07
   1730.263     5.433    -0.76    4.78
   2018.731     5.625     0.67    5.49
   2307.221     6.544     3.18    6.08
   2595.734     8.343     6.24    6.92
   2884.270    10.544     7.63    6.94
   3172.829    12.651     7.30    6.04
   3461.412    13.791     3.95    4.84
   3750.017    14.407     2.13    4.61
   4038.646    13.630    -2.69    5.46
   4327.297    11.704    -6.67    6.40
   4615.972    10.017    -5.84    6.59
   4904.669     8.518    -5.19    6.30
   5193.390     7.933    -2.03    6.22
   5482.134     8.730     2.76    6.48
   5770.901    10.125     4.83    6.85
   6059.691    11.552     4.94    6.94
   6348.504    12.573     3.53    6.91
   6637.340    14.146     5.45    7.90
   6926.200    14.980     2.88    8.99
   7215.082    15.435     1.58    9.12
   7503.988    16.559     3.89    9.92
   7792.917    17.052     1.71    9.61
   8081.869    17.605     1.91    9.08
   8370.844    17.875     0.94    8.80
   8659.842    19.105     4.25    9.48
   8948.863    18.990    -0.40    9.36
   9237.908    18.250    -2.56    8.71
   9526.976    18.063    -0.65    8.37
   9816.067    17.425    -2.21    7.39
  10105.181    16.746    -2.35    5.48
  10394.318    16.704    -0.15    4.11
  10683.479    17.469     2.65    5.04
  10972.662    19.049     5.46    6.52
  11261.869    22.776    12.89    9.85
  11551.099    26.891    14.23   12.97
  11840.353    31.231    15.01   15.43
  12129.629    35.909    16.17   17.53
  12418.929    39.813    13.49   19.08
  12708.252    42.883    10.61   19.64
  12997.599    45.518     9.11   20.05
  13286.968    47.210     5.85   19.98
  13576.361    47.393     0.63   19.08
  13865.777    48.490     3.79   18.53
  14155.217    48.497     0.02   17.57
  14444.679    48.080    -1.44   16.44
  14734.165    48.727     2.23   16.01
  15023.674    48.220    -1.75   15.21
  15313.207    48.008    -0.73   14.68
  15602.763    47.136    -3.01   14.21
  15892.342    47.715     2.00   13.91
  16179.850    49.417     5.92   13.60
  16464.561    51.404     6.98   14.16
  16749.294    52.371     3.40   15.39
  17034.050    55.342    10.43   16.49
  17318.827    57.365     7.10   17.15
  17603.627    56.396    -3.40   19.09
  17888.449    52.332   -14.27   20.97
  18173.293    47.709   -16.23   21.32
  18458.159    41.042   -23.40   19.77
  18743.047    34.167   -24.13   15.57
  19027.958    30.104   -14.26   10.54
  19312.891    28.232    -6.57    6.83
  19597.845    30.737     8.79   10.10
  19882.822    36.385    19.82   14.67
  20167.821    44.261    27.64   18.44
  20452.843    53.646    32.93   20.29
  20737.886    64.475    37.99   19.34
  21022.952    72.946    29.72   17.64
  21308.040    80.761    27.41   15.37
  21593.150    87.761    24.55   12.59
  21878.282    93.990    21.85    9.34
  22163.437    97.469    12.20    7.21
  22448.614    99.167     5.95    6.26
  22733.813   101.167     7.01    5.57
  23019.034   105.238    14.27    8.46
  23304.278   109.959    16.55   12.04
  23589.543   115.146    18.19   13.91
  23874.831   121.072    20.77   14.89
  24160.141   124.021    10.34   14.83
  24445.474   125.157     3.98   14.82
  24730.829   123.244    -6.70   15.06
  25016.206   118.436   -16.85   14.40
  25301.605   113.417   -17.59   14.03
  25587.027   109.361   -14.21   11.94
  25872.471   106.310   -10.69   11.15
  26157.937   104.433    -6.58   12.20
  26443.425   102.420    -7.05   14.46
  26728.936    99.430   -10.47   16.19
  27014.469    92.646   -23.76   19.11
  27300.025    88.373   -14.96   17.74
  27585.602    87.084    -4.52   17.51
  27871.202    84.528    -8.95   16.77
  28156.825    81.228   -11.55   17.87
  28442.470    79.064    -7.58   17.81
  28728.137    78.840    -0.78   17.45
  29013.826    78.116    -2.53   15.50
  29299.538    78.616     1.75   14.26
  29585.272    80.423     6.32   14.77
  29871.029    84.872    15.57   16.02
  30156.807    89.146    14.95   15.20
  30442.609    89.912     2.68   16.32
  30728.432    88.995    -3.21   19.10
  31014.278    85.635   -11.75   21.76
  31300.147    79.522   -21.38   23.41
  31586.038    74.407   -17.89   21.91
  31871.951    70.008   -15.39   18.13
  32157.887    66.856   -11.02   12.56
  32443.845    67.094     0.83   11.09
  32729.825    71.448    15.23   13.40
  33015.828    76.820    18.78   15.03
  33301.854    84.342    26.30   15.89
  33587.901    91.271    24.22   15.50
  33873.972    97.259    20.93   14.54
  34160.064   104.419    25.03   14.11
  34446.180   111.033    23.12   12.53
  34732.317   115.688    16.27   11.45
  35018.477   120.631    17.27   10.99
  35304.660   126.271    19.71   11.52
  35590.865   132.380    21.34   11.39
  35877.093   137.125    16.58   10.66
  36163.343   141.113    13.93   11.07
  36449.615   146.252    17.95   13.91
  36735.910   154.199    27.76   18.19
  37022.228   164.952    37.56   23.27
  37308.568   178.866    48.59   30.39
  37594.930   197.336    64.50   42.57
  37881.315   217.050    68.84   48.88
  38167.723   231.618    50.87   48.04
  38454.153   242.614    38.39   46.31
  38740.606   254.646    42.00   45.02
  39027.081   264.563    34.62   43.76
  39313.579   269.198    16.18   44.17
  39600.099   274.386    18.11   41.92
  39886.642   278.961    15.97   40.79
  40173.208   282.930    13.85   36.62
  40459.796   281.054    -6.55   37.61
  40746.406   279.865    -4.15   37.39
  41033.040   281.922     7.18   39.08
  41319.695   286.427    15.72   39.90
  41606.374   289.575    10.98   39.81
  41893.075   296.386    23.76   39.01
  42179.799   305.327    31.18   32.30
  42466.545   311.200    20.48   27.84
  42753.314   315.125    13.69   28.77
  43040.105   319.423    14.98   30.67
  43326.919   321.199     6.19   31.55
  43613.756   323.614     8.42   30.28
  43900.615   329.357    20.02   26.76
  44187.498   334.602    18.29   21.32
  44474.402   333.092    -5.26   23.32
  44761.330   330.748    -8.17   25.50
  45048.280   329.062    -5.88   27.30
  45335.252   325.229   -13.36   29.47
  45622.248   320.507   -16.45   32.66
  45909.266   317.573   -10.22   34.47
  46196.307   313.106   -15.56   39.77
  46483.370   303.575   -33.20   47.56
  46770.456   295.106   -29.50   52.23
  47057.565   287.146   -27.72   53.73
  47344.697   274.993   -42.33   53.05
  47631.851   264.198   -37.60   51.83
  47919.028   259.548   -16.19   50.74
  48206.228   256.302   -11.30   48.31
  48493.450   252.904   -11.83   48.49
  48780.696   256.157    11.32   47.56
  49067.963   254.795    -4.74   46.09
  49355.254   257.428     9.17   42.16
  49642.568   257.869     1.54   39.00
  49929.904   252.365   -19.16   41.81
  50217.263   237.350   -52.25   42.37
  50504.645   217.933   -67.57   42.44
  50792.049   199.646   -63.63   39.23
  51079.477   185.243   -50.11   34.93
  51366.927   170.999   -49.55   30.23
  51654.400   160.073   -38.01   26.68
  51941.896   150.538   -33.17   23.84
  52229.414   144.521   -20.93   21.23
  52516.955   137.320   -25.05   19.83
  52804.520   134.032   -11.44   17.34
  53092.107   132.483    -5.38   15.61
  53379.717   129.520   -10.30   12.78
  53667.349   127.208    -8.04   11.26
  53955.005   125.948    -4.38   11.56
  54242.683   121.796   -14.44   16.02
  54530.384   116.146   -19.64   20.21
  54818.109   109.573   -22.85   24.52
  55105.855   103.261   -21.94   27.50
  55393.625    95.072   -28.46   29.27
  55681.418    84.936   -35.22   29.22
  55969.234    73.483   -39.79   27.30
  56257.072    64.483   -31.27   23.03
  56544.934    55.806   -30.14   22.83
  56832.818    47.209   -29.86   23.37
  57120.725    39.450   -26.95   23.19
  57408.655    32.157   -25.33   22.70
  57696.608    26.978   -17.99   21.02
  57984.584    21.346   -19.56   16.84
  58272.583    16.018   -18.50    8.47
  58560.605    13.177    -9.86    2.95
  58848.650    12.369    -2.81    1.05
  59136.717    12.157    -0.74    0.00
  59424.808    12.157     0.00    0.00
  59712.922    12.157     0.00    0.00
  60001.058    12.157     0.00    0.00
  60289.218    12.157     0.00    0.00
  60577.400    12.157     0.00    0.00
  60865.606    12.157     0.00    0.00
  61153.834    12.157     0.00    0.00
  61442.086    12.157     0.00    0.00
  61730.360    12.157     0.00    0.00
  62018.658    12.157     0.00    0.00
  62306.979    12.157     0.00    0.00
  62595.322    12.157     0.00    0.00
  62883.689    12.157     0.00    0.00
  63172.078    12.157     0.00    0.00
  63460.491    12.157     0.00    0.00
  63748.927    12.157     0.00    0.00
  64037.385    12.157     0.00    0.00
  64325.867    12.157     0.00    0.00
  64614.372    12.157     0.00    0.00
  64902.900    12.157     0.00    0.00
  65191.451    12.157     0.00    0.00
  65480.025    12.157     0.00    0.00
  65768.622    12.157     0.00    0.00
  66057.242    12.157     0.00    0.00
  66345.886    12.157     0.00    0.00
  66634.552    12.157     0.00    0.00
  66923.242    12.157     0.00    0.00
  67211.954    12.157     0.00    0.00
  67500.690    12.157     0.00    0.00
  67789.449    12.157     0.00    0.00
  68078.231    12.157     0.00    0.00
  68367.036    12.157     0.00    0.00
  68655.864    12.157     0.00    0.00
  68944.716    12.157     0.00    0.00
  69233.590    12.157     0.00    0.00
  69522.488    12.157     0.00    0.00
  69811.409    12.157     0.00    0.00
  70100.353    12.157     0.00    0.00
  70389.320    12.177     0.07    0.20
  70678.311    12.483     1.06    1.08
  70967.324    12.802     1.10    1.45
  71256.361    13.316     1.78    1.88
  71545.421    13.844     1.83    2.26
  71834.504    14.275     1.49    2.34
  72123.611    14.844     1.97    2.57
  72412.741    15.508     2.30    2.67
  72701.893    15.883     1.30    2.50
  72991.069    16.244     1.25    2.33
  73280.269    16.231    -0.04    2.08
  73569.491    16.095    -0.47    1.57
  73858.737    16.040    -0.19    1.49
  74148.006    15.715    -1.12    1.75
  74437.299    15.507    -0.72    1.98
  74726.614    15.507     0.00    2.20
  75015.953    15.600     0.32    2.29
  75305.315    15.837     0.82    2.22
  75594.701    15.959     0.42    2.19
  75884.110    15.912    -0.16    2.15
  76173.542    15.840    -0.25    2.24
  76462.997    15.238    -2.08    2.32
  76752.476    14.571    -2.31    2.33
  77041.978    13.907    -2.29    2.32
  77331.503    13.507    -1.38    2.90
  77621.051    13.963     1.57    4.05
  77910.623    14.662     2.41    5.00
  78197.084    14.927     0.93    5.16
  78481.786    14.862    -0.23    5.20
  78766.511    14.931     0.24    5.23
  79051.257    14.614    -1.11    5.10
  79336.026    14.052    -1.97    4.49
  79620.817    13.412    -2.25    3.46
  79905.630    12.809    -2.12    1.88
  80190.465    12.567    -0.85    1.06
  80475.323    12.584     0.06    1.08
  80760.202    12.555    -0.10    1.07
  81045.104    12.534    -0.07    1.06
  81330.028    12.386    -0.52    0.86
  81614.974    12.167    -0.77    0.10
  81899.942    12.157    -0.04    0.00
  82184.933    12.157     0.00    0.00
  82469.945    12.157     0.00    0.00
  82754.980    12.157     0.00    0.00
  83040.037    12.157     0.00    0.00
  83325.117    12.157     0.00    0.00
  83610.218    12.157     0.00    0.00
  83895.342    12.157     0.00    0.00
  84180.488    12.157     0.00    0.00
  84465.656    12.157     0.00    0.00
  84750.846    12.157     0.00    0.00
  85036.059    12.157     0.00    0.00
  85321.294    12.157     0.00    0.00
  85606.551    12.157     0.00    0.00
  85891.830    12.218     0.22    0.61
  86177.132    12.528     1.08    1.61
  86462.456    13.207     2.38    2.59
  86747.802    13.820     2.15    3.01
  87033.171    14.323     1.76    3.14
  87318.561    15.056     2.57    3.16
  87603.975    15.579     1.83    2.91
  87889.410    15.847     0.94    2.53
  88174.868    16.178     1.16    2.10
  88460.348    16.511     1.17    1.54
  88745.850    16.917     1.42    1.40
  89031.375    17.572     2.29    2.40
  89316.922    19.011     5.04    3.56
  89602.491    20.788     6.22    4.22
  89888.083    23.104     8.11    4.73
  90173.696    25.325     7.78    5.16
  90459.333    28.074     9.63    5.63
  90744.992    30.719     9.26    6.48
  91030.673    34.035    11.61    7.36
  91316.376    37.116    10.78    7.67
  91602.102    40.197    10.78    7.09
  91887.850    42.864     9.33    5.82
  92173.620    44.767     6.66    4.63
  92459.413    46.033     4.43    3.65
  92745.229    46.391     1.25    3.90
  93031.066    46.688     1.04    3.75
  93316.927    46.715     0.09    3.63
  93602.809    46.980     0.93    3.43
  93888.714    47.415     1.52    3.29
  94174.641    47.813     1.39    3.38
  94460.591    48.438     2.19    3.54
  94746.564    48.933     1.73    3.56
  95032.558    49.296     1.27    3.61
  95318.575    49.755     1.60    3.64
  95604.615    50.146     1.37    3.26
  95890.677    50.422     0.96    3.02
  96176.761    50.713     1.02    2.65
  96462.868    51.023     1.08    2.21
  96748.998    51.025     0.01    1.86
  97035.150    51.004    -0.08    1.81
  97321.324    50.740    -0.92    1.84
  97607.521    50.218    -1.82    2.00
  97893.740    49.476    -2.59    2.21
  98179.982    48.907    -1.99    2.23
  98466.247    48.415    -1.72    2.19
  98752.534    47.742    -2.35    2.09
  99038.843    47.386    -1.24    1.80
  99325.175    47.125    -0.91    1.68
  99611.529    46.778    -1.21    1.54
  99897.907    46.605    -0.60    1.37
 100184.306    46.504    -0.35    1.13
 100470.728    46.365    -0.49    1.25
 100757.173    46.497     0.46    1.26
 101043.640    46.600     0.36    1.36
 101330.130    46.783     0.64    1.56
 101616.642    46.777    -0.02    1.66
 101903.177    47.004     0.79    1.80
 102189.735    47.014     0.04    1.94
 102476.315    46.667    -1.21    2.08
 102762.917    46.209    -1.60    2.34
 103049.543    45.657    -1.93    2.56
 103336.190    44.881    -2.71    2.43
 103622.861    44.336    -1.90    2.21
 103909.554    43.693    -2.24    1.55
 104196.270    43.316    -1.32    1.22
 104483.008    43.220    -0.33    1.03
 104769.769    43.209    -0.04    0.93
 105056.553    43.157    -0.18    0.86
 105343.359    43.072    -0.30    0.91
 105630.188    42.992    -0.28    0.93
 105917.039    42.883    -0.38    0.96
 106203.914    42.719    -0.57    0.99
 106490.811    42.584    -0.47    1.06
 106777.730    42.218    -1.28    1.20
 107064.672    41.833    -1.34    1.10
 107351.637    41.713    -0.42    1.08
 107638.625    41.442    -0.94    1.06
 107925.635    41.330    -0.39    1.01
 108212.668    41.342     0.04    1.06
 108499.724    41.363     0.07    1.04
 108786.802    41.453     0.31    1.03
 109073.903    41.620     0.58    1.19
 109361.027    41.823     0.71    1.27
 109648.174    42.050     0.79    1.21
 109935.343    42.093     0.15    1.14
 110222.535    42.073    -0.07    1.20
 110509.750    41.954    -0.41    1.32
 110796.988    41.593    -1.26    1.37
 111084.248    41.322    -0.94    1.20
 111371.531    40.957    -1.27    1.17
 111658.837    40.621    -1.17    0.99
 111946.166    40.422    -0.69    0.87
 112233.517    40.412    -0.04    0.89
 112520.891    40.409    -0.01    0.95
 112808.288    40.361    -0.17    0.93
 113095.708    40.365     0.01    0.93
 113383.150    40.359    -0.02    0.97
 113670.616    40.352    -0.02    1.03
 113958.104    40.188    -0.57    1.05
 114245.615    40.055    -0.46    1.02
 114533.149    39.990    -0.22    1.02
 114820.706    39.902    -0.31    0.97
 115108.285    39.748    -0.53    0.97
 115395.888    39.657    -0.32    0.84
 115683.513    39.677     0.07    0.85
 115971.161    39.716     0.13    0.96
 116258.832    39.716     0.00    0.98
 116546.526    39.813     0.34    1.03
 116834.242    39.967     0.54    1.10
 117121.982    40.072     0.36    1.08
 117409.744    40.043    -0.10    1.07
 117697.530    40.004    -0.14    1.00
 117985.338    39.963    -0.14    1.03
 118273.169    39.806    -0.54    0.96
 118561.023    39.769    -0.13    0.92
 118848.900    39.692    -0.27    0.92
 119136.800    39.682    -0.04    0.94
 119424.723    39.688     0.02    0.96
 119712.668    39.611    -0.27    1.01
 120000.637    39.439    -0.60    0.98
 120288.629    39.334    -0.37    0.99
 120576.643    39.313    -0.07    1.00
 120864.681    39.275    -0.13    0.97
 121152.741    39.375     0.35    1.01
 121440.825    39.508     0.46    1.19
 121728.931    39.859     1.22    1.39
 122017.060    40.167     1.07    1.45
 122305.213    40.359     0.67    1.37
 122593.388    40.525     0.58    1.41
 122881.586    40.528     0.01    1.48
 123169.808    40.454    -0.25    1.49
 123458.052    40.229    -0.78    1.61
 123746.320    40.024    -0.71    1.67
 124034.610    39.840    -0.64    1.56
 124322.923    39.667    -0.60    1.51
 124611.260    39.744     0.27    1.55
 124899.619    40.075     1.15    1.65
 125188.002    40.359     0.98    1.85
 125476.407    40.748     1.35    1.75
 125764.836    40.992     0.84    1.62
 126053.288    41.177     0.64    1.48
 126341.762    41.126    -0.18    1.50
 126630.260    41.095    -0.11    1.62
 126918.781    40.851    -0.84    1.63
 127207.325    40.678    -0.60    1.56
 127495.892    40.532    -0.51    1.58
 127784.482    40.625     0.32    1.41
 128073.096    40.529    -0.33    1.40
 128361.732    40.552     0.08    1.30
 128650.391    40.614     0.21    1.28
 128939.074    40.784     0.59    1.15
 129227.780    40.775    -0.03    1.12
 129516.509    40.689    -0.30    1.14
 129805.261    40.500    -0.65    1.21
 130094.036    40.218    -0.98    1.35
 130382.834    39.722    -1.72    1.44
 130671.656    39.167    -1.92    1.52
 130960.500    38.641    -1.82    1.65
 131249.368    38.258    -1.33    1.64
 131538.259    38.066    -0.66    1.74
 131827.173    38.075     0.03    1.89
 132116.110    38.363     1.00    2.11
 132405.071    38.691     1.14    2.14
 132694.054    39.259     1.96    2.05
 132983.061    39.697     1.52    1.84
 133272.091    40.116     1.45    1.52
 133561.145    40.401     0.99    1.30
 133850.221    40.375    -0.09    1.28
 134139.321    40.272    -0.36    1.31
 134428.444    40.094    -0.62    1.28
 134717.590    39.886    -0.72    1.13
 135006.760    39.500    -1.33    1.07
 135295.952    39.316    -0.64    1.10
 135585.168    39.063    -0.88    1.10
 135874.408    38.678    -1.33    1.20
 136163.670    38.412    -0.92    1.29
 136452.956    38.369    -0.15    1.30
 136742.265    38.269    -0.35    1.29
 137031.597    38.055    -0.74    1.40
 137320.953    37.917    -0.48    1.45
 137610.332    37.887    -0.11    1.58
 137899.734    37.817    -0.24    1.64
 138189.159    37.799    -0.06    1.69
 138478.608    37.912     0.39    1.73
 138768.080    37.860    -0.18    1.68
 139057.576    38.115     0.88    1.60
 139347.095    38.429     1.09    1.68
 139636.637    38.779     1.21    1.57
 139926.202    39.188     1.41    1.46
 140211.655    39.451     0.92    1.42
 140496.350    39.699     0.87    1.29
 140781.066    39.761     0.22    1.28
 141065.805    39.859     0.34    1.24
 141350.566    39.893     0.12    1.29
 141635.350    39.806    -0.31    1.40
 141920.155    39.693    -0.40    1.38
 142204.982    39.544    -0.52    1.27
 142489.832    39.528    -0.06    1.21
 142774.704    39.528     0.00    1.08
 143059.598    39.444    -0.29    0.97
 143344.514    39.442    -0.00    0.96
 143629.452    39.402    -0.14    0.99
 143914.412    39.248    -0.54    1.07
 144199.395    39.064    -0.64    1.10
 144484.400    38.820    -0.86    1.12
 144769.427    38.657    -0.57    1.15
 145054.476    38.677     0.07    1.21
 145339.548    38.865     0.66    1.15
 145624.641    38.965     0.35    1.11
 145909.757    39.167     0.71    1.19
 146194.895    38.105    -3.73    4.74
 146480.055    36.288    -6.37    6.99
 146765.238    33.748    -8.91    8.70
 147050.443    30.383   -11.80    9.58
 147335.670    27.642    -9.61    9.27
 147620.919    24.621   -10.59    7.63
 147906.191    22.414    -7.74    4.81
 148191.485    21.338    -3.77    1.95
 148476.801    21.282    -0.20    2.25
 148762.139    21.104    -0.62    2.58
 149047.500    20.978    -0.44    2.93
 149332.883    20.615    -1.27    3.17
 149618.288    20.515    -0.35    3.19
 149903.715    20.181    -1.17    3.28
 150189.165    20.979     2.80    3.93
 150474.637    21.403     1.49    3.93
 150760.132    22.120     2.51    3.82
