#   29.764   3.246  21.602 ;Mean Elev.(m), Avg Gradient(m/km), RMS Gradient(m/km) - SRTM1     
#   32.877   3.255  22.448 ;Mean Elev.(m), Avg Gradient(m/km), RMS Gradient(m/km) - ASTER GDEM
#   25.197   3.188  21.747 ;Mean Elev.(m), Avg Gradient(m/km), RMS Gradient(m/km) - GMTED2010 
   1  49.697182  53.462205    99.329    98.929  4 54664.56618300  3.574
   3  49.711586  53.453934    29.681    29.264  8 54684.39747372 37.455
   5  49.706596  53.460781    30.332    31.462  7 54704.22875371 28.213
   7  49.705993  53.452929    30.478    30.513  8 54724.06005640 26.039
  13  49.685088  53.461806   117.334   118.152  4 54783.55392362  2.690
  17  49.711274  53.453746    29.980    30.049  8 54823.21648444 34.086
  18  49.707550  53.453365    30.056    29.772  8 54833.13212458 35.363
  19  49.696638  53.458437    76.159    75.858  7 54843.04777298 25.402
  20  49.693195  53.460415   105.023   105.985  5 54852.96342135 14.164
  21  49.695070  53.460372   108.833   111.687  5 54862.87907015 11.641
  22  49.706135  53.453320    98.292    96.299  8 54872.79472076  5.190
  23  49.693730  53.460708   112.859   122.351  6 54882.71036473  3.300
  24  49.690366  53.459983   122.415   122.911  5 54892.62600753  1.845
  25  49.688683  53.457983   110.587   104.673  7 54902.54164799  9.655
  26  49.682339  53.462067   144.103   144.103  2 54912.45728575  2.460
  28  49.716738  53.444169    28.828    28.871  4 54932.28856750 36.869
  30  49.720475  53.444370    34.223    34.220  4 54952.11983761 52.967
  31  49.717361  53.444109    32.132    32.143  3 54962.03547993 52.451
  32  49.715343  53.444220    32.159    32.131  3 54971.95112837 50.595
  34  49.707542  53.453465    29.791    29.619  8 54991.78242063 46.580
  36  49.691524  53.463369   125.685   125.877  3 55011.61370871  0.104
  37  49.690873  53.462635   124.826   124.888  4 55021.52935206  1.067
  38  49.689864  53.464149   131.875   131.875  2 55031.44499412  0.396
  42  49.722409  53.443767    29.369    29.369  2 55071.10756316 34.138
  43  49.717406  53.442003    29.206    29.206  2 55081.02321197 45.198
  46  49.690955  53.460549   129.775   130.597  4 55110.77014564  1.323
  47  49.719589  53.441535    28.967    28.967  2 55120.68579526 45.323
  49  49.683084  53.462983   136.406   136.406  2 55140.51706887  0.258
  51  49.689550  53.462959   138.979   138.979  2 55160.34834664  2.630
  53  49.704267  53.460540    29.554    29.524  7 55180.17962364 48.702
  54  49.698460  53.462105    95.513    95.460  4 55190.09527062  5.665
  55  49.698667  53.458706   100.232   101.038  7 55200.01092172  8.776
  56  49.705047  53.453059   101.447   101.264  8 55209.92657290  7.565
  57  49.705708  53.453437    96.767    95.990  8 55219.84222200  7.930
  58  49.696338  53.459652   105.254   102.938  7 55229.75786824  6.685
  59  49.696461  53.458178    99.109    98.239  7 55239.67351342  9.154
  60  49.692149  53.458121   122.633   123.125  7 55249.58915437  3.564
  61  49.689822  53.457141   113.962   109.918  7 55259.50479346  4.204
  62  49.691584  53.456105   150.199   145.006  9 55269.42043232  2.973
  64  49.705392  53.452655    99.028    96.179  8 55289.25170982 18.439
  65  49.723673  53.442765    29.127    29.127  2 55299.16734792 56.308
  66  49.689377  53.464508    95.634    95.634  2 55309.08298545  5.175
  67  49.714038  53.444270    33.966    33.980  3 55318.99863710 29.571
  68  49.714309  53.442899    32.573    32.597  3 55328.91428222 28.959
  69  49.716209  53.443465    30.860    30.848  4 55338.82992663 35.918
  70  49.719365  53.444352    30.752    30.747  3 55348.74557071 38.316
  71  49.722485  53.444128    29.891    29.897  4 55358.66121307 41.616
  73  49.694306  53.463269   125.170   125.089  3 55378.49248587  0.784
  76  49.728424  53.443552    28.544    28.474  3 55408.23941219 28.327
  77  49.722461  53.444372    28.359    28.358  3 55418.15506254 41.014
  78  49.717823  53.443109    28.598    28.592  3 55428.07070986 30.006
  82  49.716106  53.444090    28.619    28.615  3 55467.73328254 30.406
  83  49.717496  53.444121    28.755    28.709  3 55477.64892155 45.664
  85  49.698088  53.458240   146.065   140.236  4 55497.48018694  3.297
  89  49.696894  53.461424   128.611   127.958  5 55537.14277153  4.408
  91  49.706292  53.453055   127.260   127.536  8 55556.97406268  4.735
  95  49.693585  53.462503   136.182   135.931  4 55596.63662068  1.999
  96  49.691964  53.463323   142.643   142.573  3 55606.55225411  1.301
  99  49.697790  53.460334   159.516   159.516  2 55636.29918208  0.553
 100  49.693163  53.462379   138.003   137.771  4 55646.21483138  2.933
 103  49.715175  53.444000    30.365    30.355  3 55675.96176608 53.782
 104  49.706354  53.452234   177.690   177.690  2 55685.87740166  0.310
 105  49.721757  53.444806    32.000    31.945  3 55695.79304083 52.353
 106  49.727482  53.444265    30.759    30.783  3 55705.70867668 45.913
 107  49.698247  53.463769   119.444   124.767  4 55715.62431928  1.934
 108  49.697973  53.462062   124.927   124.973  3 55725.53996825  1.098
 109  49.708692  53.453593   112.010   111.618  8 55735.45561758  3.784
 110  49.699055  53.460086   105.137   101.784  7 55745.37126142  6.295
 112  49.720553  53.443823    28.532    28.607  3 55765.20255192 30.006
 113  49.719851  53.442695    28.530    28.530  2 55775.11819093 24.575
 115  49.721146  53.443079    28.506    28.574  3 55794.94946012 31.081
 116  49.723613  53.444345    29.399    29.287  3 55804.86509829 37.692
 117  49.701984  53.459566   124.548   125.633  7 55814.78074295  1.953
 118  49.696020  53.462334   124.792   124.837  4 55824.69638871  1.131
 120  49.692080  53.462599   124.298   124.476  4 55844.52766897  2.010
 121  49.696405  53.461832   124.694   124.791  4 55854.44330520  1.125
 122  49.698207  53.463561   123.439   123.987  4 55864.35894385  1.443
 123  49.699209  53.462386    82.728    83.240  5 55874.27459774  6.738
 124  49.702636  53.459557    93.389    95.805  7 55884.19024671  4.782
 125  49.711014  53.453454    91.633    88.716  8 55894.10589052 10.566
 128  49.695444  53.464325   141.327   141.532  3 55923.85281697  1.028
 129  49.697506  53.461357   119.996   126.615  4 55933.76846844  2.783
 130  49.690990  53.463121   136.743   136.743  2 55943.68411384  0.533
 131  49.687499  53.462446   134.190   133.872  3 55953.59975563  1.046
 135  49.703506  53.460642   109.371   107.022  6 55993.26230470  6.807
 136  49.694394  53.464631   142.328   142.328  2 56003.17795293  0.125
 137  49.691334  53.461950   133.448   133.355  4 56013.09360258  3.457
 138  49.692401  53.458219    91.655    96.055  8 56023.00924932  9.014
 139  49.714358  53.443920    28.986    28.996  3 56032.92489697 54.028
 140  49.719412  53.444390    30.082    30.071  4 56042.84053844 45.625
 141  49.724544  53.444557    34.280    34.250  3 56052.75617735 47.861
 142  49.698447  53.464736   131.622   133.721  3 56062.67180703  1.412
 144  49.709019  53.453331   120.693   119.800  6 56082.50310054  3.668
 145  49.720887  53.444251    29.118    29.210  3 56092.41875088 48.112
 146  49.721519  53.444835    29.689    29.720  3 56102.33439641 28.598
 147  49.694483  53.463611   125.442   125.442  2 56112.25002210  0.780
 148  49.720736  53.444413    28.663    28.690  3 56122.16566686 33.322
 149  49.718351  53.444650    28.812    28.827  3 56132.08130198 45.422
 150  49.717771  53.444471    28.957    28.934  3 56141.99693824 50.434
 151  49.717387  53.443766    28.806    28.814  4 56151.91258904 51.623
 152  49.696585  53.459789   104.548    99.591  7 56161.82823345  9.458
 153  49.707547  53.453766   111.744   111.306  8 56171.74388248  4.659
 154  49.694099  53.462657   124.625   124.697  4 56181.65952230  2.192
 158  49.715594  53.453880   116.252   119.811  4 56221.32206705  1.397
 159  49.702724  53.463876   129.546   126.867  3 56231.23771705  2.990
 160  49.701965  53.462515   126.487   126.535  4 56241.15337018  1.325
 161  49.698192  53.461872   130.242   131.418  4 56251.06901876  1.172
 162  49.706732  53.453750    77.693    76.276  8 56260.98466488  6.111
 163  49.723045  53.442706    29.705    29.705  2 56270.90030977 21.705
 164  49.710367  53.453056    30.609    30.738  8 56280.81594683 32.853
 165  49.696652  53.461293    89.853    90.343  4 56290.73159642  5.971
 166  49.691473  53.462142    85.346    85.771  4 56300.64724357  7.238
 167  49.689632  53.460203    97.668    95.026  6 56310.56288742  5.309
 168  49.691499  53.457403    88.209    83.349  7 56320.47852962 18.046
 169  49.691547  53.458984   121.176   122.968  6 56330.39417037  4.586
 170  49.694360  53.460751   106.132   103.615  6 56340.30981077  4.909
 171  49.710261  53.453478    90.683    87.038  6 56350.22545167 13.508
 172  49.711083  53.453597   107.034   107.306  6 56360.14108937  8.896
 173  49.695864  53.459417    90.936    93.451  7 56370.05673721 11.657
 176  49.719721  53.444189    31.439    31.436  3 56399.80367737 48.297
 177  49.724587  53.444402    34.443    34.444  3 56409.71931828 31.872
 180  49.720739  53.444783    32.766    32.772  3 56439.46624228 50.032
 181  49.718180  53.444231    32.088    32.118  4 56449.38189314 28.964
 182  49.718412  53.443773    29.600    29.670  4 56459.29754211 28.933
 183  49.717844  53.443414    29.747    29.694  3 56469.21318769 45.984
 184  49.715938  53.443961    28.789    28.793  3 56479.12882904 41.105
 185  49.715940  53.443390    28.792    28.770  3 56489.04446675 33.064
 186  49.719279  53.442315    29.169    29.169  2 56498.96010221 52.024
 188  49.725102  53.444517    28.972    28.968  3 56518.79137584 46.328
 189  49.724284  53.444171    29.135    29.108  4 56528.70702952 39.959
 190  49.721544  53.444659    29.175    29.262  3 56538.62267872 35.187
 191  49.691772  53.462803   131.742   131.899  4 56548.53831850  1.307
 192  49.691099  53.461840   152.027   152.027  2 56558.45396170  0.182
 193  49.692708  53.461778   135.951   135.747  3 56568.36960420  1.308
 194  49.722567  53.444565    28.960    28.949  3 56578.28525087 31.937
 196  49.701920  53.463444   128.580   127.015  3 56598.11652603  1.754
 197  49.696339  53.463388   131.716   132.507  4 56608.03217694  0.598
 198  49.694027  53.462562   128.260   132.051  4 56617.94782323  0.838
 199  49.696023  53.460803    90.919    88.096  6 56627.86346664  5.576
 202  49.691741  53.461670   135.473   135.228  4 56657.61040029  0.871
 203  49.688393  53.461487   113.590   112.417  4 56667.52604753  3.826
 204  49.688459  53.461416   124.193   126.576  4 56677.44169266  3.301
 205  49.690124  53.461948   111.683   111.628  4 56687.35733674  5.061
 206  49.693938  53.461408   120.595   123.441  4 56697.27297912  5.232
 207  49.708838  53.453062   117.096   118.628  8 56707.18861920  4.175
 208  49.709016  53.453773    98.364    98.699  8 56717.10425476  5.889
 209  49.705116  53.453048    29.951    30.007  8 56727.01990765 17.976
 210  49.691893  53.460956   112.146   112.276  4 56736.93555416  5.713
 212  49.695248  53.462772   107.165   107.876  4 56756.76684059  6.153
 213  49.726537  53.444188    29.254    29.254  2 56766.68248168 52.295
 214  49.724325  53.445203    33.076    33.105  3 56776.59812345 33.323
 215  49.719956  53.444171    32.738    32.716  3 56786.51377956 49.447
 216  49.717565  53.442792    31.241    31.241  2 56796.42943241 52.133
 220  49.703283  53.452579    29.418    29.216  8 56836.09199270 31.465
 221  49.722675  53.441772    29.423    29.423  2 56846.00762778 46.547
 225  49.718917  53.441850    28.687    28.687  2 56885.67023001 29.351
 226  49.692936  53.458087   109.854   105.138  8 56895.58587119  5.164
 228  49.717091  53.442516    29.521    29.567  3 56915.41716038 24.209
 233  49.694241  53.461839   125.360   125.260  4 56964.99536246  1.200
 234  49.694803  53.460914   127.012   127.370  4 56974.91100761  0.950
 235  49.708761  53.452974    29.552    30.090  8 56984.82665061 32.789
 236  49.711570  53.453222    28.884    28.899  8 56994.74228600 28.749
 237  49.697505  53.462300    75.217    75.467  4 57004.65792317  7.868
 238  49.692302  53.460786   120.857   123.343  4 57014.57357843  1.646
 239  49.688379  53.461191   126.663   127.145  4 57024.48922891  1.001
 241  49.690623  53.463817   130.829   130.807  3 57044.32052370  1.205
 242  49.695354  53.461862   128.402   128.236  5 57054.23616803  2.386
 243  49.697014  53.460197   163.687   158.480  6 57064.15180731  0.600
 244  49.694363  53.462118   154.218   154.218  2 57074.06744064  0.225
 245  49.696866  53.463382   131.654   131.717  4 57083.98307094  3.267
 247  49.703083  53.459836   115.447   123.573  6 57103.81437990  4.472
 248  49.701220  53.460508    96.714    98.547  7 57113.73003221  5.949
 249  49.694997  53.462938   125.701   125.773  4 57123.64567773  2.011
 250  49.693415  53.461881   113.741   118.827  3 57133.56131893  3.383
 251  49.690493  53.464153   128.118   128.118  2 57143.47695498  0.455
 252  49.723434  53.444267    30.976    31.044  3 57153.39259529 33.419
 254  49.724798  53.443932    30.215    30.224  3 57173.22388736 22.710
 255  49.721630  53.442158    29.914    29.914  2 57183.13954137 54.385
 256  49.716805  53.441633    28.951    28.951  2 57193.05519109 24.531
 259  49.718561  53.444679    29.909    29.877  3 57222.80211566 42.417
 260  49.723012  53.443782    29.493    29.513  3 57232.71775817 37.074
 263  49.725035  53.442964    29.423    29.423  2 57262.46466954 26.014
 265  49.729823  53.444305    29.168    29.168  2 57282.29596267 39.279
 266  49.728681  53.443986    28.884    28.883  3 57292.21161769 25.868
 267  49.695600  53.463257   125.114   125.120  4 57302.12726327  4.707
 268  49.691145  53.462104   125.362   125.141  4 57312.04291098  1.846
 269  49.689088  53.460959   130.332   130.379  4 57321.95855553  2.047
 270  49.688634  53.462029   123.758   123.619  4 57331.87419750  5.045
 271  49.722328  53.441785    28.832    28.832  2 57341.78984398 20.868
 272  49.692250  53.461593   124.975   125.259  5 57351.70548927  3.169
 273  49.689400  53.462080   124.602   124.143  4 57361.62113330  1.652
 275  49.687916  53.461564   130.458   130.490  4 57381.45241386  1.520
 278  49.700327  53.464236   125.475   125.475  2 57411.19933274  1.408
 279  49.699043  53.461825   138.648   138.685  4 57421.11498531  1.317
 280  49.693387  53.462053   127.859   128.306  4 57431.03063433  1.941
 281  49.692435  53.461400   137.824   137.572  4 57440.94628185  2.890
 282  49.706651  53.453472   112.127   110.714  8 57450.86193096  6.346
 283  49.710709  53.453094    92.208    88.723  8 57460.77757632 23.580
 284  49.699980  53.462268   105.238   106.229  5 57470.69321540  3.924
 285  49.697610  53.463707   125.737   125.722  4 57480.60885252  4.815
 288  49.724826  53.444362    34.945    34.941  3 57510.35577166 31.919
 290  49.695967  53.461483   125.534   126.606  4 57530.18707536  1.184
 297  49.695847  53.462459   112.055   111.644  4 57599.59659040  3.163
