-305763.421    49.707     0.00    3.64
-305476.883    48.741    -3.37    3.86
-305190.325    47.524    -4.25    4.11
-304903.744    45.790    -6.05    4.81
-304617.143    43.649    -7.47    4.31
-304330.520    42.922    -2.53    4.12
-304043.876    42.228    -2.42    3.94
-303757.211    41.608    -2.16    3.72
-303470.524    41.410    -0.69    3.63
-303183.816    41.527     0.41    3.57
-302897.087    42.339     2.83    3.74
-302610.336    43.276     3.27    3.59
-302323.564    44.019     2.59    3.58
-302036.770    45.065     3.65    3.24
-301749.956    45.993     3.23    2.90
-301463.119    46.690     2.43    2.28
-301176.262    46.934     0.85    1.81
-300889.383    47.005     0.25    1.85
-300602.483    47.101     0.34    1.98
-300315.561    47.392     1.02    2.01
-300028.618    47.778     1.34    1.77
-299741.653    47.886     0.38    1.68
-299454.667    48.349     1.61    1.66
-299167.660    48.706     1.24    1.67
-298880.631    48.837     0.46    1.65
-298593.581    49.093     0.89    1.76
-298306.509    49.826     2.55    2.30
-298019.416    50.694     3.02    2.60
-297732.302    51.679     3.43    2.63
-297445.166    52.715     3.61    2.19
-297158.008    53.446     2.54    1.93
-296870.830    54.087     2.23    1.54
-296583.629    54.635     1.91    1.22
-296296.408    55.096     1.61    1.24
-296009.164    55.534     1.52    1.28
-295721.900    56.038     1.76    1.34
-295434.614    56.620     2.02    1.35
-295147.306    57.216     2.08    1.46
-294859.977    57.783     1.97    1.65
-294572.626    58.357     2.00    1.73
-294285.254    59.028     2.33    1.79
-293997.860    59.781     2.62    1.59
-293710.445    60.416     2.21    1.59
-293423.009    61.063     2.25    1.56
-293135.550    61.315     0.88    1.54
-292848.071    61.541     0.79    1.40
-292560.570    61.679     0.48    1.35
-292273.047    61.801     0.42    1.31
-291985.502    62.020     0.76    1.28
-291697.937    62.103     0.29    1.26
-291410.349    62.494     1.36    1.27
-291122.740    62.946     1.57    1.37
-290835.110    63.441     1.72    1.43
-290547.458    64.139     2.43    1.43
-290259.784    64.682     1.88    1.54
-289972.089    65.301     2.15    1.70
-289684.372    66.188     3.08    2.00
-289396.634    66.887     2.43    2.21
-289108.874    67.387     1.74    2.07
-288821.092    67.768     1.32    1.67
-288533.289    67.899     0.46    1.51
-288245.464    68.085     0.65    1.50
-287957.618    68.359     0.95    1.66
-287669.750    68.704     1.20    2.07
-287381.861    69.175     1.64    2.51
-287093.949    69.957     2.72    2.84
-286806.017    70.887     3.23    3.07
-286518.062    71.724     2.91    3.04
-286230.086    72.252     1.83    2.85
-285942.088    72.681     1.49    2.58
-285654.069    73.077     1.38    2.51
-285366.028    72.898    -0.62    2.50
-285077.965    72.633    -0.92    2.59
-284789.881    72.669     0.13    2.93
-284501.774    73.130     1.60    3.70
-284213.647    73.788     2.28    4.18
-283925.497    74.609     2.85    4.48
-283637.326    75.837     4.26    4.30
-283349.133    77.215     4.78    3.41
-283060.919    78.337     3.89    2.49
-282772.683    78.959     2.16    1.86
-282484.425    79.101     0.49    1.72
-282196.145    79.593     1.71    1.59
-281907.844    80.193     2.08    1.74
-281619.521    81.157     3.35    2.77
-281331.176    81.982     2.86    3.11
-281042.809    82.440     1.59    2.93
-280754.421    82.720     0.97    2.80
-280466.011    82.922     0.70    2.49
-280177.579    82.957     0.12    2.25
-279889.126    83.062     0.36    2.09
-279600.651    83.341     0.97    2.11
-279312.154    84.589     4.33    3.04
-279023.635    86.434     6.39    4.33
-278735.094    89.264     9.81    6.24
-278446.532    92.642    11.70    7.73
-278157.948    96.573    13.62    8.78
-277869.342   100.320    12.98    8.72
-277580.714   103.682    11.64    7.95
-277292.065   106.513     9.81    6.45
-277003.393   107.886     4.76    5.03
-276714.700   107.633    -0.88    4.74
-276425.985   105.802    -6.34    6.11
-276137.248   102.718   -10.68    7.78
-275848.490    99.220   -12.11    8.59
-275559.709    95.710   -12.15    7.97
-275270.907    93.038    -9.25    6.45
-274982.083    91.736    -4.51    4.86
-274693.237    92.503     2.66    5.62
-274404.369    95.175     9.25    7.93
-274115.480    98.968    13.13    9.31
-273826.568   103.213    14.69    9.13
-273537.635   106.934    12.88    7.70
-273248.679   110.050    10.78    5.28
-272959.702   112.050     6.92    3.56
-272670.703   113.002     3.29    2.88
-272381.682   113.181     0.62    2.78
-272092.640   113.020    -0.56    2.85
-271803.575   113.167     0.51    2.82
-271514.488   113.621     1.57    2.99
-271225.380   114.272     2.25    3.38
-270936.249   114.971     2.42    3.72
-270647.097   115.518     1.89    4.52
-270357.923   114.310    -4.17    6.91
-270068.726   112.393    -6.63    8.58
-269779.508   110.134    -7.81    9.46
-269490.268   108.053    -7.19    9.01
-269201.006   106.769    -4.44    8.13
-268911.722   105.899    -3.01    6.91
-268622.416   105.769    -0.45    5.95
-268333.088   106.746     3.37    5.90
-268043.739   108.655     6.60    6.52
-267754.367   110.275     5.60    6.89
-267464.973   111.369     3.78    6.88
-267175.557   112.828     5.04    7.21
-266886.119   114.887     7.11    7.55
-266596.660   116.934     7.07    7.52
-266307.178   118.410     5.10    7.72
-266017.674   119.703     4.46    7.85
-265728.148   121.264     5.39    7.90
-265438.600   123.561     7.93    7.85
-265149.031   126.137     8.89    8.20
-264859.439   129.053    10.07    9.03
-264569.825   133.232    14.42   10.70
-264280.189   138.996    19.90   12.13
-263990.531   145.776    23.40   13.21
-263700.851   153.506    26.68   14.79
-263411.149   160.649    24.65   15.57
-263123.696   168.232    26.38   16.63
-262838.614   176.793    30.02   18.05
-262553.510   186.117    32.70   18.32
-262268.386   194.853    30.63   18.05
-261983.240   202.993    28.54   16.61
-261698.074   209.957    24.42   13.61
-261412.886   214.452    15.75   10.07
-261127.677   216.981     8.87    6.56
-260842.447   217.655     2.36    4.42
-260557.196   216.593    -3.72    4.85
-260271.923   214.228    -8.29    5.62
-259986.630   211.334   -10.14    5.83
-259701.315   208.573    -9.67    5.65
-259415.979   205.899    -9.37    5.40
-259130.622   203.190    -9.49    4.97
-258845.244   200.899    -8.03    4.71
-258559.845   198.538    -8.27    4.44
-258274.424   195.899    -9.25    4.76
-257988.982   193.463    -8.53    5.16
-257703.519   190.663    -9.81    5.59
-257418.035   187.463   -11.21    6.18
-257132.530   183.663   -13.31    7.10
-256847.004   180.357   -11.58    7.05
-256561.456   177.754    -9.12    6.09
-256275.887   176.477    -4.47    5.15
-255990.297   176.224    -0.89    5.01
-255704.685   177.244     3.57    6.57
-255419.053   179.577     8.17    7.57
-255133.399   182.803    11.29    7.59
-254847.724   185.482     9.37    7.43
-254562.028   187.886     8.41    6.84
-254276.310   190.248     8.26    6.51
-253990.571   192.175     6.74    5.72
-253704.811   193.589     4.95    4.91
-253419.030   194.399     2.83    4.88
-253133.227   194.710     1.09    5.28
-252847.403   194.690    -0.07    5.36
-252561.558   193.520    -4.09    5.31
-252275.692   191.818    -5.95    5.31
-251989.804   189.690    -7.45    6.48
-251703.895   186.593   -10.83    8.41
-251417.965   182.169   -15.47   10.46
-251132.013   176.445   -20.01   12.18
-250846.040   170.771   -19.84   12.75
-250560.046   164.724   -21.14   12.67
-250274.030   158.451   -21.93   12.53
-249987.993   152.704   -20.09   11.88
-249701.935   147.190   -19.27   11.02
-249415.855   142.216   -17.38   10.81
-249129.755   137.040   -18.09   10.57
-248843.632   132.341   -16.42    9.52
-248557.489   128.957   -11.82    8.20
-248271.324   127.793    -4.07    8.20
-247985.137   128.263     1.64   10.37
-247698.930   129.546     4.48   12.20
-247412.701   130.649     3.85   13.03
-247126.450   132.240     5.56   13.35
-246840.179   134.630     8.35   12.80
-246553.885   137.386     9.62   11.74
-246267.571   140.416    10.58   10.58
-245981.235   142.079     5.81    9.84
-245694.877   143.537     5.09    8.41
-245408.499   143.756     0.76    7.92
-245122.098   141.660    -7.31   10.49
-244835.677   137.089   -15.96   14.45
-244549.234   129.995   -24.76   17.11
-244262.769   121.606   -29.28   18.17
-243976.284   113.484   -28.34   17.48
-243689.776   106.715   -23.62   14.81
-243403.247   101.654   -17.66   11.51
-243116.697    96.922   -16.51    8.60
-242830.126    92.910   -14.00    7.05
-242543.533    89.708   -11.17    6.42
-242256.918    87.945    -6.15    5.67
-241970.282    88.213     0.93    6.62
-241683.625    90.301     7.28    8.98
-241396.946    94.014    12.95   12.28
-241110.245   100.143    21.37   15.59
-240823.523   108.357    28.64   17.62
-240536.780   117.720    32.64   17.64
-240250.015   127.110    32.74   16.77
-239963.228   135.616    29.65   15.31
-239676.420   144.038    29.36   13.79
-239389.591   150.681    23.15   11.80
-239102.740   155.690    17.46    9.28
-238815.868   158.317     9.16    6.69
-238528.974   158.087    -0.80    7.51
-238242.058   154.146   -13.73   12.75
-237955.121   147.356   -23.66   17.24
-237668.162   138.642   -30.36   18.99
-237381.182   129.838   -30.67   17.62
-237094.181   122.067   -27.07   13.73
-236807.157   115.609   -22.49    9.49
-236520.112   111.814   -13.22    6.53
-236233.046   110.154    -5.78    5.23
-235945.958   110.130    -0.08    4.77
-235658.849   111.790     5.78    5.82
-235371.717   114.303     8.75    6.95
-235084.565   118.087    13.17    8.01
-234797.390   122.793    16.38    8.71
-234510.194   128.075    18.39    9.70
-234222.977   134.499    22.36   11.00
-233935.738   140.910    22.32   12.20
-233648.477   148.585    26.71   14.53
-233361.195   156.945    29.10   16.67
-233073.891   165.416    29.48   16.95
-232786.565   172.817    25.75   14.90
-232499.218   178.178    18.65   11.35
-232211.849   181.612    11.95    7.54
-231924.459   183.002     4.84    4.84
-231637.046   182.462    -1.88    4.70
-231349.613   180.271    -7.62    4.69
-231062.157   178.163    -7.33    4.58
-230774.680   176.120    -7.11    4.51
-230487.181   174.341    -6.19    4.52
-230199.661   172.416    -6.69    4.63
-229912.119   170.508    -6.63    4.71
-229624.555   168.169    -8.13    4.79
-229336.969   166.134    -7.08    4.98
-229049.362   164.357    -6.18    4.40
-228761.733   163.208    -4.00    3.70
-228474.082   162.320    -3.09    3.56
-228186.410   161.971    -1.21    4.02
-227898.716   161.720    -0.87    4.52
-227611.000   161.601    -0.41    4.98
-227323.263   161.006    -2.07    5.35
-227035.503   160.127    -3.05    5.51
-226747.722   158.802    -4.60    5.57
-226459.920   157.248    -5.40    5.57
-226172.095   155.887    -4.73    5.33
-225884.249   155.503    -1.33    4.95
-225596.381   156.371     3.01    5.42
-225308.491   157.841     5.11    6.15
-225020.580   159.933     7.26    6.22
-224732.646   162.071     7.42    5.68
-224444.691   164.203     7.40    4.25
-224156.715   165.382     4.10    3.05
-223868.716   165.540     0.55    2.87
-223580.696   164.854    -2.38    3.01
-223292.653   163.854    -3.47    3.13
-223004.589   162.520    -4.63    3.25
-222716.503   161.497    -3.55    3.09
-222428.396   160.852    -2.24    2.67
-222140.266   160.508    -1.19    2.87
-221852.115   160.784     0.96    3.73
-221563.942   161.690     3.14    5.18
-221275.747   163.625     6.71    6.52
-220987.530   166.244     9.09    7.32
-220699.291   168.649     8.34    7.59
-220411.031   171.067     8.39    7.24
-220122.749   173.208     7.43    6.56
-219834.444   174.839     5.66    5.59
-219546.118   175.802     3.34    4.35
-219257.770   175.696    -0.37    3.79
-218969.401   174.440    -4.36    4.67
-218681.009   171.981    -8.52    6.34
-218392.595   168.581   -11.79    7.53
-218104.160   164.784   -13.16    7.96
-217815.702   160.910   -13.43    8.09
-217527.223   157.692   -11.15    7.73
-217238.722   155.655    -7.06    7.09
-216950.199   154.727    -3.22    6.92
-216661.654   154.558    -0.58    6.67
-216373.087   154.751     0.67    5.91
-216084.498   154.706    -0.16    5.42
-215795.887   155.297     2.05    4.13
-215507.254   155.267    -0.10    3.83
-215218.600   155.178    -0.31    4.13
-214929.923   155.347     0.59    4.98
-214641.224   155.761     1.43    5.88
-214352.504   156.981     4.22    6.16
-214063.761   158.515     5.31    5.47
-213774.997   159.499     3.41    4.49
-213486.210   159.546     0.16    3.74
-213197.402   158.863    -2.36    3.82
-212908.571   157.134    -5.98    4.73
-212619.719   154.065   -10.62    6.41
-212330.844   149.887   -14.46    8.41
-212041.948   144.494   -18.66   10.70
-211753.029   137.910   -22.78   13.27
-211464.089   130.522   -25.57   15.22
-211175.127   122.224   -28.71   15.99
-210886.142   113.205   -31.21   15.42
-210597.135   105.497   -26.67   13.56
-210308.107   100.795   -16.26   10.50
-210019.056    99.410    -4.79    9.09
-209729.984   101.244     6.34   11.18
-209440.889   104.771    12.20   13.19
-209151.772   109.945    17.89   13.82
-208862.633   115.968    20.83   11.81
-208573.472   121.166    17.97    9.77
-208284.289   125.899    16.36    8.21
-207995.084   130.236    14.99    8.18
-207705.857   134.071    13.26    7.86
-207416.608   136.864     9.65    6.60
-207127.337   138.027     4.02    5.64
-206838.043   136.087    -6.70    9.17
-206548.728   130.452   -19.47   15.67
-206259.390   121.275   -31.71   21.85
-205970.031   110.416   -37.52   23.40
-205680.649   102.589   -27.04   20.85
-205391.245    98.734   -13.32   18.03
-205101.819    98.315    -1.45   17.77
-204812.370   101.875    12.30   19.20
-204522.900   108.016    21.21   18.61
-204233.408   116.445    29.11   14.70
-203943.893   123.757    25.25   10.72
-203654.356   129.071    18.35   10.50
-203364.797   133.807    16.35   11.34
-203075.216   139.190    18.58   11.67
-202785.613   145.025    20.15   11.38
-202495.987   150.229    17.96   10.38
-202206.339   154.094    13.34    8.75
-201916.669   156.751     9.17    6.60
-201626.977   157.841     3.76    4.99
-201337.263   157.062    -2.69    5.95
-201051.123   154.399    -9.30    8.12
-200766.059   150.359   -14.17    9.96
-200480.973   145.600   -16.69   11.21
-200195.867   140.267   -18.70   12.14
-199910.739   134.612   -19.83   13.09
-199625.590   128.301   -22.13   13.54
-199340.420   121.899   -22.45   13.27
-199055.228   116.027   -20.59   12.92
-198770.015   110.416   -19.67   12.05
-198484.781   105.828   -16.08   10.87
-198199.526   102.005   -13.40    9.92
-197914.249    98.744   -11.43    9.31
-197628.952    95.018   -13.06    9.01
-197343.632    90.934   -14.31    9.33
-197058.292    86.125   -16.85   10.98
-196772.930    80.732   -18.90   12.12
-196487.547    76.184   -15.93   12.26
-196202.143    72.839   -11.72   11.42
-195916.717    69.637   -11.22    8.76
-195631.270    68.434    -4.21    7.00
-195345.802    70.708     7.96    9.81
-195060.312    76.482    20.22   14.29
-194774.801    84.851    29.31   18.29
-194489.269    94.529    33.89   20.40
-194203.715   104.149    33.68   19.35
-193918.140   110.446    22.05   16.93
-193632.543   115.213    16.69   15.61
-193346.926   117.457     7.86   14.88
-193061.287   116.798    -2.31   14.27
-192775.626   114.101    -9.44   13.77
-192489.944   110.615   -12.20   12.64
-192204.241   107.152   -12.12   11.88
-191918.516   102.692   -15.61   12.58
-191632.770    96.681   -21.03   12.44
-191347.003    90.474   -21.72   11.37
-191061.214    85.083   -18.86   10.60
-190775.404    80.023   -17.70   10.32
-190489.572    76.225   -13.28    9.84
-190203.719    72.899   -11.63    9.19
-189917.845    69.697   -11.20    8.63
-189631.949    65.899   -13.28    8.89
-189346.032    61.989   -13.67    9.32
-189060.093    58.686   -11.55    9.10
-188774.133    56.217    -8.63    8.19
-188488.151    55.451    -2.68    8.18
-188202.148    56.968     5.30   10.65
-187916.123    61.469    15.73   15.26
-187630.078    69.393    27.70   20.38
-187344.010    77.830    29.49   21.76
-187057.921    85.382    26.39   20.02
-186771.811    90.738    18.72   16.16
-186485.679    91.306     1.98   15.44
-186199.525    87.108   -14.67   19.20
-185913.351    79.605   -26.22   22.27
-185627.154    70.287   -32.55   20.82
-185340.936    62.381   -27.62   15.62
-185054.697    57.538   -16.92    9.09
-184768.436    56.946    -2.07    7.04
-184482.154    60.110    11.05    9.95
-184195.850    66.184    21.21   12.70
-183909.524    73.732    26.36   14.79
-183623.178    82.589    30.93   16.97
-183336.809    91.957    32.71   17.85
-183050.419   100.980    31.50   16.37
-182764.007   106.643    19.77   12.82
-182477.574   108.655     7.02   11.59
-182191.120   106.701    -6.82   14.96
-181904.643   100.341   -22.20   20.40
-181618.145    89.863   -36.56   23.67
-181331.626    78.910   -38.22   22.90
-181045.085    69.201   -33.88   19.07
-180758.523    61.014   -28.57   13.36
-180471.938    55.364   -19.71    7.82
-180185.333    51.945   -11.93    4.51
-179898.705    49.797    -7.49    3.19
-179612.056    48.301    -5.22    2.42
-179325.386    47.003    -4.53    2.21
-179038.694    45.259    -6.08    3.42
-178751.980    43.334    -6.71    4.36
-178465.245    41.306    -7.07    5.06
-178178.487    39.063    -7.82    5.40
-177891.709    36.875    -7.63    5.04
-177604.909    34.655    -7.74    4.11
-177318.087    32.785    -6.52    2.92
-177031.243    31.600    -4.13    2.33
-176744.378    30.715    -3.08    2.10
-176457.491    29.957    -2.64    2.18
-176170.582    29.205    -2.62    2.05
-175883.652    28.434    -2.68    1.92
-175596.700    27.756    -2.36    1.79
-175309.727    26.983    -2.69    1.79
-175022.731    26.167    -2.84    1.54
-174735.714    25.471    -2.42    1.48
-174448.676    24.874    -2.08    1.55
-174161.615    24.260    -2.14    1.50
-173874.533    23.518    -2.59    1.51
-173587.429    22.851    -2.32    1.59
-173300.304    22.208    -2.24    1.60
-173013.157    21.708    -1.74    1.41
-172725.988    21.351    -1.24    1.26
-172438.797    21.019    -1.16    1.16
-172151.585    20.947    -0.25    1.22
-171864.350    21.008     0.21    1.23
-171577.095    21.130     0.42    1.23
-171289.817    21.203     0.25    1.31
-171002.517    21.327     0.43    1.36
-170715.196    21.529     0.70    1.40
-170427.853    21.463    -0.23    1.36
-170140.489    21.306    -0.55    1.27
-169853.102    21.301    -0.02    1.24
-169565.694    20.991    -1.08    1.38
-169278.264    20.581    -1.43    1.43
-168990.812    20.143    -1.52    1.46
-168703.338    19.852    -1.01    1.42
-168415.843    19.784    -0.24    1.39
-168128.325    19.566    -0.76    1.21
-167840.786    19.469    -0.34    1.26
-167553.225    19.376    -0.32    1.30
-167265.643    19.283    -0.32    1.37
-166978.038    19.198    -0.29    1.33
-166690.412    18.864    -1.16    1.31
-166402.763    18.501    -1.26    1.21
-166115.093    18.175    -1.13    1.13
-165827.401    17.934    -0.84    0.93
-165539.688    17.876    -0.20    0.91
-165251.952    17.816    -0.21    0.88
-164964.194    17.710    -0.37    0.92
-164676.415    17.722     0.04    1.05
-164388.614    17.605    -0.41    1.14
-164100.791    17.522    -0.29    1.20
-163812.946    17.364    -0.55    1.13
-163525.079    17.096    -0.93    1.19
-163237.190    17.005    -0.32    1.12
-162949.279    16.957    -0.16    1.09
-162661.346    16.863    -0.33    1.15
-162373.392    16.672    -0.66    1.24
-162085.415    16.410    -0.91    1.38
-161797.417    16.140    -0.94    1.40
-161509.397    15.818    -1.12    1.41
-161221.354    15.450    -1.28    1.20
-160933.290    15.160    -1.00    0.91
-160645.204    15.060    -0.35    0.83
-160357.096    15.002    -0.20    0.80
-160068.966    15.070     0.23    0.76
-159780.814    15.195     0.43    0.88
-159492.640    15.326     0.46    1.03
-159204.444    15.326     0.00    1.01
-158916.226    15.285    -0.14    1.01
-158627.986    15.186    -0.34    0.89
-158339.724    15.117    -0.24    0.81
-158051.440    15.060    -0.20    0.74
-157763.134    15.038    -0.07    0.72
-157474.806    15.014    -0.08    0.53
-157186.456    15.025     0.04    0.49
-156898.084    15.050     0.09    0.49
-156609.690    15.099     0.17    0.52
-156321.274    15.240     0.49    0.64
-156032.836    15.410     0.59    0.77
-155744.376    15.549     0.48    0.88
-155455.894    15.718     0.58    0.94
-155167.390    16.019     1.04    1.02
-154878.864    16.053     0.12    1.03
-154590.316    16.006    -0.17    1.17
-154301.745    15.814    -0.66    1.20
-154013.153    15.669    -0.50    1.23
-153724.538    15.459    -0.73    1.22
-153435.902    15.179    -0.97    1.07
-153147.243    14.935    -0.84    0.72
-152858.563    14.839    -0.33    0.51
-152569.860    14.910     0.25    0.73
-152281.135    15.160     0.87    1.06
-151992.388    15.428     0.93    1.23
-151703.619    15.612     0.64    1.27
-151414.828    15.795     0.64    1.30
-151126.014    15.945     0.52    1.19
-150837.179    16.108     0.56    1.04
-150548.321    16.075    -0.11    0.92
-150259.442    15.934    -0.49    0.88
-149970.540    15.876    -0.20    0.85
-149681.616    15.854    -0.08    0.84
-149392.670    15.831    -0.08    0.82
-149103.701    15.876     0.16    0.96
-148814.711    15.829    -0.16    0.97
-148525.698    15.807    -0.08    1.00
-148236.663    15.876     0.24    1.07
-147947.606    15.817    -0.20    0.98
-147658.527    15.899     0.28    0.98
-147369.426    15.980     0.28    1.03
-147080.302    16.075     0.33    0.97
-146791.156    16.120     0.15    0.98
-146501.988    16.073    -0.16    0.93
-146212.798    16.027    -0.16    0.89
-145923.586    16.220     0.67    0.93
-145634.351    16.310     0.31    0.97
-145345.094    16.334     0.08    1.02
-145055.815    16.244    -0.31    1.07
-144766.514    16.186    -0.20    1.19
-144477.190    16.315     0.44    1.35
-144187.844    16.336     0.07    1.43
-143898.476    16.301    -0.12    1.49
-143609.086    16.149    -0.53    1.42
-143319.673    16.149     0.00    1.43
-143030.238    16.101    -0.16    1.36
-142740.781    16.023    -0.27    1.28
-142451.302    15.899    -0.43    1.12
-142161.800    15.979     0.28    1.24
-141872.276    16.094     0.40    1.30
-141582.730    16.073    -0.07    1.33
-141293.161    16.070    -0.01    1.37
-141003.570    16.073     0.01    1.28
-140713.957    16.015    -0.20    1.25
-140424.321    15.839    -0.61    1.23
-140134.664    15.356    -1.67    0.93
-139844.983    14.995    -1.25    1.31
-139555.281    14.778    -0.75    1.61
-139265.743    14.756    -0.08    1.59
-138980.722    14.660    -0.33    1.61
-138695.680    14.553    -0.38    1.61
-138410.617    14.458    -0.33    1.53
-138125.532    14.482     0.08    1.43
-137840.425    14.577     0.33    1.14
-137555.298    14.649     0.25    0.68
-137270.149    14.613    -0.13    0.76
-136984.979    14.561    -0.18    0.79
-136699.787    14.416    -0.51    0.93
-136414.574    14.453     0.13    0.90
-136129.339    14.513     0.21    0.87
-135844.083    14.609     0.34    0.82
-135558.806    14.663     0.19    0.80
-135273.507    14.828     0.58    0.89
-134988.187    14.992     0.57    0.84
-134702.846    15.108     0.41    0.82
-134417.483    15.198     0.31    0.94
-134132.098    15.267     0.24    1.12
-133846.692    15.324     0.20    1.28
-133561.265    15.376     0.18    1.39
-133275.816    15.485     0.38    1.63
-132990.346    15.497     0.04    1.72
-132704.855    15.615     0.41    1.89
-132419.342    15.612    -0.01    1.88
-132133.807    15.692     0.28    1.83
-131848.251    15.761     0.24    1.85
-131562.673    16.037     0.97    1.71
-131277.074    16.217     0.63    1.55
-130991.454    16.551     1.17    1.38
-130705.812    16.854     1.06    1.07
-130420.149    17.056     0.71    1.09
-130134.464    16.899    -0.55    1.19
-129848.757    16.697    -0.71    1.27
-129563.029    16.506    -0.67    1.35
-129277.280    16.308    -0.69    1.36
-128991.509    16.166    -0.50    1.28
-128705.716    16.166     0.00    1.24
-128419.902    16.376     0.73    1.34
-128134.066    16.876     1.75    1.50
-127848.209    17.023     0.51    1.42
-127562.331    17.180     0.55    1.37
-127276.430    17.290     0.38    1.26
-126990.509    17.131    -0.55    1.29
-126704.565    16.980    -0.53    1.32
-126418.600    16.675    -1.07    1.32
-126132.614    16.339    -1.18    1.22
-125846.606    16.125    -0.75    1.21
-125560.576    15.946    -0.62    1.15
-125274.525    15.696    -0.87    0.87
-124988.452    15.703     0.02    0.83
-124702.357    15.764     0.21    0.86
-124416.241    15.862     0.34    0.97
-124130.104    15.874     0.04    1.01
-123843.944    15.815    -0.21    0.91
-123557.763    15.757    -0.20    0.87
-123271.561    15.746    -0.04    0.92
-122985.337    15.701    -0.16    0.91
-122699.091    15.899     0.69    0.99
-122412.824    16.216     1.11    1.17
-122126.534    16.120    -0.34    1.17
-121840.224    16.073    -0.16    1.05
-121553.891    16.003    -0.24    1.05
-121267.537    15.864    -0.49    0.97
-120981.162    15.734    -0.45    0.97
-120694.764    15.652    -0.29    0.89
-120408.345    15.678     0.09    0.90
-120121.904    15.910     0.81    1.00
-119835.442    16.085     0.61    1.04
-119548.958    16.334     0.87    0.97
-119262.452    16.341     0.02    0.95
-118975.925    16.416     0.26    0.96
-118689.375    16.399    -0.06    0.95
-118402.804    16.376    -0.08    0.88
-118116.212    16.472     0.33    0.94
-117829.597    16.562     0.31    0.98
-117542.961    16.729     0.58    1.09
-117256.303    16.944     0.75    1.31
-116969.624    16.585    -1.25    1.89
-116682.923    16.124    -1.61    2.34
-116396.199    15.399    -2.53    2.55
-116109.455    14.686    -2.49    2.47
-115822.688    13.990    -2.43    1.99
-115535.900    13.604    -1.35    1.35
-115249.090    13.672     0.24    1.09
-114962.258    13.945     0.95    1.12
-114675.404    14.308     1.27    1.16
-114388.529    14.742     1.51    1.25
-114101.631    15.354     2.13    1.32
-113814.712    15.888     1.86    1.43
-113527.772    16.540     2.27    1.55
-113240.809    17.240     2.44    1.56
-112953.824    17.967     2.53    1.44
-112666.818    18.292     1.13    1.18
-112379.790    18.708     1.45    1.13
-112092.740    19.047     1.18    1.14
-111805.668    19.251     0.71    1.13
-111518.575    19.364     0.39    1.21
-111231.459    19.440     0.26    1.28
-110944.322    19.469     0.10    1.28
-110657.163    19.405    -0.22    1.15
-110369.982    19.341    -0.22    1.12
-110082.779    19.416     0.26    1.05
-109795.555    19.608     0.67    1.07
-109508.308    19.957     1.21    1.14
-109221.039    20.306     1.21    1.12
-108933.749    20.573     0.93    1.06
-108646.437    20.663     0.31    1.02
-108359.103    20.573    -0.31    1.08
-108071.747    20.422    -0.53    1.06
-107784.369    20.096    -1.13    1.26
-107496.969    19.922    -0.61    1.30
-107209.547    19.581    -1.19    1.26
-106922.103    19.118    -1.61    1.20
-106634.638    18.718    -1.39    1.25
-106347.150    18.113    -2.10    1.44
-106059.641    17.434    -2.36    1.59
-105772.109    16.851    -2.03    1.64
-105484.556    16.275    -2.00    1.51
-105196.981    15.956    -1.11    1.25
-104909.383    16.163     0.72    1.47
-104621.764    16.630     1.62    1.79
-104334.123    17.135     1.76    1.86
-104046.460    17.773     2.22    1.86
-103758.775    18.469     2.42    1.57
-103471.067    19.048     2.02    1.15
-103183.338    19.225     0.61    0.97
-102895.587    19.000    -0.78    1.33
-102607.814    18.483    -1.80    1.70
-102320.019    18.047    -1.52    1.95
-102032.202    17.467    -2.01    2.07
-101744.363    16.933    -1.85    1.89
-101456.501    16.497    -1.52    1.64
-101168.618    16.240    -0.89    1.57
-100880.713    16.047    -0.67    1.89
-100592.786    16.169     0.42    2.09
-100304.836    16.183     0.05    2.04
-100016.865    15.887    -1.03    2.02
 -99728.872    15.562    -1.13    1.78
 -99440.856    15.341    -0.77    1.52
 -99152.818    15.224    -0.40    0.99
 -98864.759    15.155    -0.24    0.78
 -98576.677    15.581     1.48    1.49
 -98288.573    16.212     2.19    1.86
 -98000.448    16.982     2.67    2.18
 -97712.300    17.946     3.35    2.33
 -97424.130    19.029     3.76    2.34
 -97135.937    20.101     3.72    2.05
 -96847.723    20.838     2.56    1.74
 -96559.487    21.465     2.17    1.52
 -96271.228    21.886     1.46    1.07
 -95982.948    22.053     0.58    1.07
 -95694.645    22.240     0.65    1.18
 -95406.320    22.531     1.01    1.29
 -95117.973    22.738     0.72    1.27
 -94829.604    22.865     0.44    1.24
 -94541.213    22.910     0.16    1.27
 -94252.799    22.910     0.00    1.27
 -93964.364    22.681    -0.80    1.30
 -93675.906    22.524    -0.54    1.35
 -93387.426    22.461    -0.22    1.36
 -93098.924    22.281    -0.62    1.38
 -92810.400    22.214    -0.23    1.39
 -92521.853    22.045    -0.58    1.32
 -92233.284    22.146     0.35    1.32
 -91944.693    22.104    -0.15    1.25
 -91656.080    22.024    -0.28    1.15
 -91367.445    21.887    -0.47    1.13
 -91078.788    21.506    -1.32    1.40
 -90790.108    21.081    -1.47    1.51
 -90501.406    20.550    -1.84    1.65
 -90212.682    20.038    -1.77    1.50
 -89923.935    19.499    -1.87    1.48
 -89635.167    18.849    -2.25    1.44
 -89346.376    18.532    -1.10    1.24
 -89057.563    18.545     0.04    1.43
 -88768.727    18.874     1.14    1.69
 -88479.870    19.291     1.44    1.81
 -88190.990    19.863     1.98    1.78
 -87902.087    20.317     1.57    1.49
 -87613.163    20.746     1.48    1.12
 -87324.216    20.759     0.05    1.03
 -87035.247    20.724    -0.12    1.01
 -86746.256    20.829     0.36    1.03
 -86457.242    20.817    -0.04    1.11
 -86168.206    20.771    -0.16    1.14
 -85879.148    20.797     0.09    1.12
 -85590.067    20.809     0.04    1.07
 -85300.964    20.922     0.39    1.08
 -85011.839    21.035     0.39    1.08
 -84722.692    21.186     0.52    0.97
 -84433.522    21.152    -0.12    0.91
 -84144.330    21.138    -0.05    0.88
 -83855.115    21.172     0.12    0.86
 -83565.878    21.104    -0.24    0.90
 -83276.619    21.071    -0.11    0.86
 -82987.337    21.175     0.36    0.84
 -82698.033    21.251     0.26    0.90
 -82408.707    21.371     0.41    0.88
 -82119.358    21.462     0.31    0.91
 -81829.987    21.490     0.10    0.97
 -81540.593    21.701     0.73    1.01
 -81251.177    21.863     0.56    1.02
 -80961.739    22.040     0.61    1.06
 -80672.278    22.181     0.49    1.04
 -80382.795    22.252     0.24    1.09
 -80093.289    22.399     0.51    0.92
 -79803.761    22.527     0.44    0.87
 -79514.211    22.469    -0.20    0.90
 -79224.638    22.469     0.00    0.89
 -78935.042    22.469     0.00    0.85
 -78645.425    22.562     0.32    0.89
 -78355.784    22.701     0.48    0.81
 -78066.122    22.759     0.20    0.86
 -77776.437    22.853     0.32    0.84
 -77486.729    22.841    -0.04    0.79
 -77198.452    22.864     0.08    0.81
 -76913.453    22.910     0.16    0.78
 -76628.432    22.945     0.12    0.77
 -76343.389    22.990     0.16    0.81
 -76058.325    23.129     0.49    0.84
 -75773.240    23.213     0.29    0.96
 -75488.133    23.248     0.12    0.94
 -75203.004    23.193    -0.19    1.00
 -74917.854    23.287     0.33    1.00
 -74632.683    23.181    -0.37    0.99
 -74347.490    23.146    -0.12    0.96
 -74062.276    23.213     0.24    1.02
 -73777.040    23.186    -0.09    1.03
 -73491.782    23.186     0.00    1.02
 -73206.503    23.149    -0.13    0.97
 -72921.203    23.135    -0.05    0.96
 -72635.881    23.090    -0.16    0.86
 -72350.537    23.024    -0.23    0.79
 -72065.172    23.025     0.00    0.75
 -71779.785    23.104     0.27    0.79
 -71494.377    23.126     0.08    0.88
 -71208.947    23.034    -0.32    0.84
 -70923.496    22.989    -0.16    0.86
 -70638.023    23.012     0.08    0.89
 -70352.528    22.978    -0.12    0.90
 -70067.012    23.012     0.12    0.89
 -69781.474    23.000    -0.04    0.87
 -69495.915    23.060     0.21    0.93
 -69210.334    23.163     0.36    0.96
 -68924.732    23.292     0.45    0.96
 -68639.108    23.292     0.00    0.98
 -68353.462    23.399     0.37    0.96
 -68067.794    23.248    -0.53    0.95
 -67782.106    23.244    -0.01    0.99
 -67496.395    23.180    -0.22    0.95
 -67210.663    23.288     0.38    1.02
 -66924.909    23.337     0.17    0.99
 -66639.133    23.281    -0.20    1.02
 -66353.336    23.199    -0.29    0.90
 -66067.518    23.092    -0.37    0.93
 -65781.677    23.047    -0.16    0.94
 -65495.815    23.013    -0.12    0.91
 -65209.931    22.899    -0.40    0.90
 -64924.026    22.910     0.04    0.86
 -64638.099    22.968     0.20    0.88
 -64352.150    22.842    -0.44    0.92
 -64066.179    22.854     0.04    0.93
 -63780.187    22.708    -0.51    0.89
 -63494.173    22.638    -0.25    0.88
 -63208.138    22.577    -0.21    0.87
 -62922.080    22.554    -0.08    0.86
 -62636.001    22.543    -0.04    0.84
 -62349.901    22.499    -0.15    0.86
 -62063.778    22.489    -0.03    0.89
 -61777.634    22.581     0.32    0.90
 -61491.468    22.667     0.30    0.91
 -61205.280    22.715     0.17    0.87
 -60919.071    22.874     0.56    0.85
 -60632.840    22.922     0.17    0.87
 -60346.587    23.027     0.36    0.91
 -60060.312    23.062     0.12    0.93
 -59774.016    23.073     0.04    0.94
 -59487.697    23.155     0.28    0.93
 -59201.357    23.120    -0.12    0.90
 -58914.996    23.096    -0.08    0.87
 -58628.612    23.048    -0.17    0.95
 -58342.207    23.035    -0.05    0.92
 -58055.780    22.922    -0.40    0.94
 -57769.331    22.899    -0.08    0.94
 -57482.860    22.807    -0.32    0.88
 -57196.367    22.724    -0.29    0.82
 -56909.853    22.678    -0.16    0.84
 -56623.317    22.608    -0.24    0.83
 -56336.758    22.557    -0.18    0.81
 -56050.179    22.589     0.11    0.92
 -55763.577    22.557    -0.11    0.88
 -55476.953    22.630     0.26    0.95
 -55190.308    22.618    -0.04    1.00
 -54903.641    22.732     0.40    1.00
 -54616.951    22.722    -0.03    0.93
 -54330.240    22.738     0.06    0.82
 -54043.507    22.727    -0.04    0.88
 -53756.753    22.706    -0.07    0.95
 -53469.976    22.618    -0.31    0.91
 -53183.178    22.607    -0.04    0.96
 -52896.357    22.501    -0.37    0.94
 -52609.515    22.428    -0.26    0.93
 -52322.651    22.370    -0.20    0.97
 -52035.764    22.324    -0.16    1.01
 -51748.856    22.336     0.04    0.94
 -51461.926    22.240    -0.33    1.00
 -51174.974    22.117    -0.43    1.02
 -50888.001    22.079    -0.13    1.05
 -50601.005    22.047    -0.11    1.07
 -50313.987    21.944    -0.36    1.16
 -50026.948    21.710    -0.81    1.12
 -49739.886    21.490    -0.77    1.06
 -49452.802    21.308    -0.63    1.17
 -49165.697    20.978    -1.15    1.30
 -48878.569    20.528    -1.57    1.40
 -48591.420    19.888    -2.23    1.66
 -48304.248    19.248    -2.23    1.72
 -48017.055    18.683    -1.96    1.66
 -47729.840    18.058    -2.18    1.66
 -47442.602    17.566    -1.71    1.42
 -47155.343    17.267    -1.04    1.20
 -46868.062    17.198    -0.24    1.25
 -46580.758    17.274     0.27    1.47
 -46293.433    17.528     0.89    1.83
 -46006.085    17.844     1.10    2.07
 -45718.716    18.292     1.56    2.24
 -45431.324    18.612     1.11    2.27
 -45143.911    19.003     1.36    2.29
 -44856.475    19.357     1.23    2.24
 -44569.018    19.625     0.93    2.14
 -44281.538    19.715     0.32    2.04
 -43994.036    19.679    -0.13    1.87
 -43706.512    19.489    -0.66    1.79
 -43418.967    19.137    -1.22    1.72
 -43131.399    18.769    -1.28    1.67
 -42843.809    18.440    -1.15    1.58
 -42556.197    18.166    -0.95    1.52
 -42268.562    17.992    -0.61    1.51
 -41980.906    17.829    -0.57    1.57
 -41693.228    17.678    -0.53    1.64
 -41405.527    17.497    -0.63    1.63
 -41117.805    17.336    -0.56    1.70
 -40830.060    17.172    -0.57    1.75
 -40542.293    16.876    -1.03    1.77
 -40254.504    16.550    -1.13    1.67
 -39966.693    16.259    -1.01    1.52
 -39678.860    16.073    -0.65    1.43
 -39391.005    15.690    -1.33    1.21
 -39103.127    15.445    -0.85    0.98
 -38815.227    15.146    -1.04    0.67
 -38527.306    15.040    -0.37    0.53
 -38239.362    14.922    -0.41    0.65
 -37951.396    14.933     0.04    0.65
 -37663.407    14.910    -0.08    0.63
 -37375.397    14.933     0.08    0.60
 -37087.364    14.933     0.00    0.60
 -36799.309    14.956     0.08    0.54
 -36511.232    14.979     0.08    0.42
 -36223.133    14.944    -0.12    0.24
 -35935.011    14.910    -0.12    0.21
 -35646.868    14.910     0.00    0.21
 -35358.702    15.012     0.35    0.56
 -35070.514    15.090     0.27    0.67
 -34782.303    15.135     0.16    0.73
 -34494.071    15.195     0.21    0.80
 -34205.816    15.270     0.26    0.87
 -33917.539    15.248    -0.08    0.81
 -33629.239    15.214    -0.12    0.77
 -33340.918    15.251     0.13    0.74
 -33052.574    15.456     0.71    0.87
 -32764.208    15.829     1.29    1.23
 -32475.820    16.387     1.94    1.79
 -32187.409    17.002     2.13    2.23
 -31898.976    17.570     1.97    2.33
 -31610.521    18.140     1.98    2.28
 -31322.043    18.701     1.94    2.14
 -31033.543    19.035     1.16    2.09
 -30745.021    19.347     1.08    2.07
 -30456.477    19.692     1.20    1.94
 -30167.910    19.853     0.56    1.83
 -29879.321    19.727    -0.44    1.99
 -29590.710    19.359    -1.27    2.34
 -29302.076    18.681    -2.35    2.77
 -29013.420    17.945    -2.55    2.97
 -28724.741    16.969    -3.38    2.79
 -28436.041    16.029    -3.25    2.11
 -28147.318    15.339    -2.39    1.16
 -27858.572    15.091    -0.86    0.65
 -27569.804    15.099     0.03    0.61
 -27281.014    15.178     0.27    0.56
 -26992.202    15.370     0.67    0.77
 -26703.367    15.715     1.19    1.27
 -26414.509    16.188     1.64    1.61
 -26125.630    16.499     1.08    1.68
 -25836.728    16.697     0.68    1.65
 -25547.803    16.807     0.38    1.64
 -25258.856    16.933     0.44    1.51
 -24969.887    16.750    -0.64    1.41
 -24680.895    16.570    -0.62    1.25
 -24391.881    16.371    -0.69    1.01
 -24102.844    16.274    -0.34    1.02
 -23813.785    16.236    -0.13    1.05
 -23524.704    16.088    -0.51    1.03
 -23235.600    16.056    -0.11    1.04
 -22946.473    15.955    -0.35    1.03
 -22657.325    15.855    -0.35    0.99
 -22368.153    15.742    -0.39    0.94
 -22078.959    15.599    -0.49    0.88
 -21789.743    15.540    -0.21    0.82
 -21500.505    15.833     1.01    1.25
 -21211.243    16.382     1.90    1.90
 -20921.960    17.077     2.40    2.15
 -20632.653    17.727     2.24    2.07
 -20343.325    18.547     2.84    2.00
 -20053.974    19.439     3.08    1.84
 -19764.600    20.399     3.32    1.96
 -19475.204    21.201     2.77    2.11
 -19185.785    21.957     2.61    2.20
 -18896.344    22.852     3.09    1.90
 -18606.880    23.593     2.56    1.39
 -18317.394    23.958     1.26    1.04
 -18027.885    24.244     0.99    0.85
 -17738.353    24.364     0.41    0.89
 -17448.799    24.387     0.08    0.92
 -17159.223    24.434     0.16    0.95
 -16869.624    24.434     0.00    0.93
 -16580.002    24.445     0.04    1.00
 -16290.358    24.445    -0.00    1.07
 -16000.691    24.513     0.24    1.14
 -15711.001    24.522     0.03    1.11
 -15421.289    24.499    -0.08    1.16
 -15134.236    24.488    -0.04    1.25
 -14849.247    24.618     0.46    1.29
 -14564.237    24.618     0.00    1.29
 -14279.206    24.706     0.31    1.27
 -13994.153    25.025     1.12    1.33
 -13709.078    25.149     0.43    1.31
 -13423.982    25.604     1.59    1.34
 -13138.864    25.899     1.04    1.28
 -12853.725    26.285     1.36    1.28
 -12568.564    26.607     1.13    1.26
 -12283.381    27.000     1.38    1.12
 -11998.177    27.177     0.62    1.09
 -11712.951    27.331     0.54    0.99
 -11427.703    27.439     0.38    1.00
 -11142.434    27.508     0.24    0.99
 -10857.143    27.600     0.32    1.13
 -10571.831    27.638     0.13    1.15
 -10286.497    27.812     0.61    1.11
 -10001.141    27.977     0.58    1.09
  -9715.764    27.944    -0.12    1.03
  -9430.365    28.122     0.62    1.13
  -9144.944    28.199     0.27    1.12
  -8859.502    28.236     0.13    1.18
  -8574.038    27.488    -2.62    3.19
  -8288.552    25.488    -7.01    6.63
  -8003.044    22.056   -12.02    9.74
  -7717.515    17.933   -14.44   11.45
  -7431.964    13.910   -14.09   11.65
  -7146.392     9.922   -13.97   10.55
  -6860.798     6.124   -13.30    7.88
  -6575.182     3.281    -9.95    4.06
  -6289.544     1.910    -4.80    1.36
  -6003.884     1.697    -0.75    1.46
  -5718.203     1.540    -0.55    1.45
  -5432.500     1.433    -0.37    1.60
  -5146.776     1.225    -0.73    1.45
  -4861.029     0.966    -0.91    1.40
  -4575.261     0.842    -0.43    1.25
  -4289.471     0.967     0.44    1.21
  -4003.660     0.944    -0.08    1.21
  -3717.826     0.922    -0.08    1.12
  -3431.971     0.977     0.19    1.09
  -3146.094     1.304     1.14    1.19
  -2860.195     1.337     0.12    1.25
  -2574.275     1.203    -0.47    1.46
  -2288.332     1.000    -0.71    1.66
  -2002.368     0.753    -0.86    1.77
  -1716.382     0.570    -0.64    1.83
  -1430.375     0.240    -1.15    1.75
  -1144.345    -0.146    -1.35    1.62
   -858.294    -0.404    -0.90    1.62
   -572.220    -0.023     1.33    2.08
   -286.125     0.410     1.51    2.37
     -0.009     1.068     2.30    2.74
    286.130     1.877     2.83    3.01
    572.291     2.166     1.01    2.90
    858.473     2.522     1.24    2.70
   1144.677     2.644     0.43    2.51
   1430.904     2.585    -0.21    2.40
   1717.152     2.581    -0.01    2.46
   2003.422     2.427    -0.54    2.21
   2289.713     2.320    -0.38    2.04
   2576.027     2.199    -0.42    2.06
   2862.362     2.199     0.00    2.06
   3148.720     2.023    -0.62    2.12
   3435.099     2.002    -0.07    2.12
   3721.500     2.062     0.21    2.00
   4007.924     2.263     0.70    1.97
   4294.369     2.329     0.23    2.07
   4580.836     2.038    -1.01    2.26
   4867.325     1.439    -2.09    2.23
   5153.835     1.290    -0.52    2.26
   5440.368     1.175    -0.40    2.32
   5726.923     0.990    -0.64    2.35
   6013.500     1.068     0.27    2.40
   6300.098     0.990    -0.27    2.23
   6586.719     0.944    -0.16    2.04
   6873.361     0.520    -1.48    1.98
   7160.026     0.178    -1.19    1.89
   7446.712     0.166    -0.04    1.83
   7733.421     0.108    -0.20    1.99
   8020.151     0.089    -0.07    2.02
   8306.904     0.399     1.08    2.23
   8593.678     0.640     0.84    2.39
   8880.474     0.794     0.54    2.45
   9167.293     0.538    -0.89    2.73
   9454.133     0.566     0.10    2.77
   9740.996     0.795     0.80    3.12
  10027.880     1.209     1.44    3.41
  10314.787     1.513     1.06    3.89
  10601.715     3.160     5.74    6.31
  10888.666     5.980     9.83    7.55
  11175.638     8.956    10.37    8.01
  11462.633    11.876    10.17    7.37
  11749.650    14.313     8.49    5.95
  12036.689    16.457     7.47    3.04
  12323.749    17.149     2.41    1.20
  12610.832    17.052    -0.34    1.06
  12897.937    16.957    -0.33    1.02
  13185.064    17.015     0.20    1.13
  13472.213    17.166     0.53    1.11
  13759.385    17.096    -0.24    1.15
  14046.578    17.195     0.34    1.22
  14333.793    17.337     0.50    1.21
  14621.031    17.450     0.39    1.08
  14908.291    17.764     1.10    1.28
  15195.572    18.203     1.53    1.67
  15482.876    18.933     2.54    1.95
  15770.202    19.727     2.76    2.07
  16057.550    20.527     2.78    2.09
  16344.921    21.117     2.06    2.02
  16632.313    21.750     2.20    1.74
  16919.728    22.037     1.00    1.52
  17207.165    22.304     0.93    1.45
  17494.623    22.510     0.72    1.57
  17782.104    22.866     1.24    1.73
  18069.608    23.433     1.97    1.84
  18357.133    24.198     2.66    2.08
  18644.681    25.106     3.16    2.14
  18932.250    26.047     3.27    2.02
  19219.842    26.843     2.77    1.95
  19507.457    27.566     2.51    1.74
  19795.093    28.304     2.56    1.42
  20082.752    28.987     2.38    1.49
  20370.432    29.526     1.87    1.53
  20658.135    30.244     2.50    1.51
  20945.861    30.844     2.09    1.40
  21233.608    31.482     2.22    1.44
  21521.378    32.169     2.39    1.22
  21809.170    32.540     1.29    1.21
  22096.984    32.955     1.44    1.16
  22384.820    33.382     1.48    1.22
  22672.679    33.808     1.48    1.23
  22960.560    34.070     0.91    1.20
  23248.463    34.427     1.24    1.23
  23536.389    34.722     1.02    1.18
  23824.337    35.020     1.04    1.10
  24112.307    35.315     1.02    1.15
  24400.299    35.674     1.25    1.08
  24688.314    35.933     0.90    1.01
  24976.351    35.853    -0.28    0.99
  25264.410    35.842    -0.04    1.01
  25552.492    35.744    -0.34    1.02
  25840.595    35.573    -0.59    1.01
  26128.722    35.337    -0.82    0.99
  26416.870    35.110    -0.79    1.04
  26705.041    34.899    -0.73    1.06
  26993.234    34.678    -0.77    1.10
  27281.450    34.527    -0.52    0.94
  27569.688    34.341    -0.65    0.82
  27857.948    34.475     0.47    0.84
  28146.231    34.387    -0.31    0.88
  28434.536    34.306    -0.28    0.88
  28722.863    34.301    -0.02    0.92
  29011.213    34.190    -0.39    0.97
  29299.585    34.094    -0.33    1.02
  29587.979    33.992    -0.36    1.04
  29876.396    33.967    -0.09    0.98
  30164.836    33.967     0.00    0.95
  30453.297    34.126     0.55    1.01
  30741.781    34.347     0.77    0.92
  31030.288    34.573     0.78    0.92
  31318.817    34.771     0.69    0.95
  31607.368    34.992     0.77    1.04
  31895.942    35.191     0.69    1.01
  32184.538    35.446     0.88    0.99
  32473.157    35.620     0.60    0.96
  32761.798    35.715     0.33    0.95
  33050.462    35.821     0.37    0.91
  33339.148    35.977     0.54    0.87
  33627.856    36.033     0.19    0.80
  33916.587    36.177     0.50    0.83
  34205.341    36.155    -0.08    0.83
  34494.117    36.155     0.00    0.80
  34782.915    36.158     0.01    0.87
  35071.736    36.055    -0.36    0.89
  35360.580    35.922    -0.46    0.92
  35649.445    35.856    -0.23    0.92
  35938.334    35.799    -0.20    0.99
  36227.245    35.722    -0.27    1.02
  36516.178    35.686    -0.12    1.03
  36805.134    35.674    -0.04    1.00
  37094.113    35.697     0.08    0.99
  37383.114    35.652    -0.16    0.98
  37672.138    35.708     0.19    0.87
  37961.184    35.764     0.19    0.83
  38250.252    35.899     0.47    0.99
  38539.344    35.888    -0.04    1.06
  38828.457    35.855    -0.11    1.10
  39117.594    35.744    -0.39    0.97
  39406.753    35.798     0.19    0.97
  39695.934    35.630    -0.58    1.00
  39985.138    35.585    -0.16    1.02
  40274.365    35.555    -0.10    0.94
  40563.615    35.488    -0.23    0.96
  40852.886    35.349    -0.48    0.96
  41142.181    35.281    -0.23    1.02
  41431.498    35.124    -0.54    1.05
  41720.838    35.025    -0.34    1.05
  42010.200    34.980    -0.16    1.00
  42299.585    34.864    -0.40    1.02
  42588.993    34.690    -0.60    1.02
  42878.423    34.613    -0.26    1.02
  43167.876    34.469    -0.50    1.08
  43457.352    34.341    -0.44    1.08
  43746.850    34.195    -0.50    1.07
  44036.371    34.037    -0.54    1.05
  44325.915    33.876    -0.56    1.05
  44615.481    33.695    -0.63    1.03
  44905.070    33.365    -1.14    1.02
  45194.681    33.013    -1.22    1.11
  45484.316    32.469    -1.88    1.34
  45773.973    31.713    -2.61    1.78
  46063.652    30.690    -3.53    2.19
  46353.355    29.440    -4.31    2.50
  46643.080    28.108    -4.60    2.59
  46928.897    27.002    -3.87    2.44
  47213.866    26.071    -3.27    2.04
  47498.856    25.444    -2.20    1.69
  47783.868    25.337    -0.37    1.62
  48068.902    25.322    -0.06    2.04
  48353.957    25.622     1.05    2.11
  48639.034    25.944     1.13    2.04
  48924.133    26.326     1.34    1.92
  49209.254    26.842     1.81    1.05
  49494.396    26.864     0.08    1.00
  49779.560    27.015     0.53    0.93
  50064.745    26.992    -0.08    0.92
  50349.953    27.025     0.12    1.00
  50635.182    27.163     0.48    1.12
  50920.433    27.281     0.41    1.11
  51205.705    27.405     0.43    1.06
  51490.999    27.510     0.37    0.96
  51776.315    27.455    -0.19    1.02
  52061.653    27.259    -0.69    1.10
  52347.013    26.978    -0.98    1.23
  52632.394    26.658    -1.12    1.33
  52917.797    26.324    -1.17    1.38
  53203.222    26.002    -1.13    1.45
  53488.669    25.910    -0.32    1.40
  53774.137    25.922     0.04    1.38
  54059.627    26.060     0.48    1.43
  54345.139    26.382     1.13    1.47
  54630.673    26.742     1.26    1.47
  54916.229    27.166     1.49    1.20
  55201.806    27.366     0.70    1.03
  55487.405    27.551     0.65    1.08
  55773.026    27.686     0.47    1.06
  56058.669    27.715     0.10    1.03
  56344.334    27.830     0.40    0.99
  56630.020    27.899     0.24    1.01
  56915.729    28.048     0.52    1.02
  57201.459    28.209     0.56    0.99
  57487.211    28.331     0.43    1.07
  57772.985    28.566     0.82    1.04
  58058.781    28.742     0.62    1.03
  58344.598    28.843     0.35    0.95
  58630.438    29.088     0.86    0.88
  58916.299    29.122     0.12    0.87
  59202.183    29.285     0.57    0.79
  59488.088    29.290     0.02    0.89
  59774.015    29.376     0.30    0.93
  60059.964    29.422     0.16    0.98
  60345.935    29.393    -0.10    1.01
  60631.928    29.324    -0.24    0.99
  60917.942    29.292    -0.11    0.94
  61203.979    29.196    -0.34    0.98
  61490.038    29.009    -0.65    1.02
  61776.118    28.910    -0.35    1.05
  62062.220    28.790    -0.42    0.99
  62348.345    28.677    -0.39    0.92
  62634.491    28.524    -0.53    0.96
  62920.659    28.451    -0.26    1.10
  63206.850    28.331    -0.42    1.11
  63493.062    28.175    -0.55    1.31
  63779.296    27.888    -1.00    1.54
  64065.552    27.499    -1.36    1.65
  64351.830    26.988    -1.79    1.86
  64638.130    26.636    -1.23    1.83
  64924.453    26.236    -1.40    1.83
  65210.797    25.888    -1.22    1.64
  65497.163    25.544    -1.20    1.49
  65783.551    25.188    -1.24    1.42
  66069.961    24.799    -1.36    1.53
  66356.393    24.382    -1.46    1.70
  66642.847    24.169    -0.75    1.64
  66929.323    23.834    -1.17    1.69
  67215.822    23.455    -1.32    1.80
  67502.342    23.066    -1.36    1.92
  67788.884    22.744    -1.12    1.83
  68075.449    22.531    -0.74    1.77
  68362.035    22.479    -0.18    1.65
  68648.643    22.233    -0.86    1.61
  68935.274    21.965    -0.93    1.79
  69221.927    21.866    -0.35    1.64
  69508.601    21.622    -0.85    1.77
  69795.298    21.460    -0.56    1.96
  70082.017    21.394    -0.23    2.23
  70368.758    21.465     0.25    2.55
  70655.521    21.722     0.90    3.01
  70942.306    22.388     2.32    3.21
  71229.113    23.349     3.35    3.25
  71515.943    24.304     3.33    2.94
  71802.794    25.158     2.98    2.53
  72089.668    25.810     2.28    1.87
  72376.563    26.226     1.45    1.36
  72663.481    26.460     0.82    1.09
  72950.421    26.487     0.09    1.10
  73237.383    26.455    -0.11    1.00
  73524.368    26.306    -0.52    1.02
  73811.374    26.233    -0.26    1.00
  74098.403    26.191    -0.14    1.02
  74385.453    26.169    -0.08    0.92
  74672.526    26.023    -0.51    0.98
  74959.622    25.944    -0.27    1.02
  75246.739    25.812    -0.46    0.97
  75533.878    25.824     0.04    0.92
  75821.040    25.733    -0.32    0.87
  76108.224    25.693    -0.14    0.86
  76395.430    25.757     0.22    0.84
  76682.658    25.844     0.31    0.87
  76969.909    25.899     0.19    0.85
  77257.182    25.899    -0.00    0.82
  77544.477    25.888    -0.04    0.84
  77831.794    25.809    -0.27    0.84
  78119.133    25.742    -0.23    0.84
  78406.495    25.584    -0.55    0.88
  78693.879    25.361    -0.78    0.91
  78981.285    25.117    -0.85    0.93
  79268.714    24.910    -0.72    0.94
  79556.164    24.844    -0.23    0.96
  79843.637    24.801    -0.15    1.10
  80131.133    24.933     0.46    1.21
  80418.650    25.035     0.36    1.23
  80706.190    25.232     0.68    1.24
  80993.752    25.722     1.70    1.23
  81281.336    25.955     0.81    1.20
  81568.943    26.101     0.51    1.22
  81856.572    26.333     0.80    1.12
  82144.223    26.535     0.70    1.10
  82431.897    26.592     0.20    1.01
  82719.593    26.649     0.20    1.00
  83007.311    26.622    -0.10    0.97
  83295.052    26.724     0.35    1.04
  83582.815    26.737     0.04    1.04
  83870.600    26.735    -0.01    1.12
  84158.408    26.744     0.03    1.12
  84446.238    26.865     0.42    1.09
  84734.091    26.945     0.28    1.07
  85021.965    27.122     0.62    1.07
  85309.862    27.283     0.56    0.91
  85597.782    27.585     1.05    0.93
  85885.724    27.783     0.69    0.99
  86173.688    28.083     1.04    1.06
  86461.675    28.517     1.51    1.12
  86749.684    28.810     1.02    1.15
  87037.715    29.126     1.10    1.21
  87325.769    29.490     1.26    1.22
  87613.846    29.771     0.98    1.20
  87901.944    30.175     1.40    1.32
  88190.066    30.669     1.72    1.57
  88478.209    31.209     1.88    1.70
  88766.375    31.807     2.07    1.53
  89054.564    32.439     2.19    1.51
  89342.775    32.888     1.56    1.56
  89631.008    33.410     1.81    1.50
  89919.264    33.945     1.85    1.33
  90207.542    34.405     1.60    1.27
  90495.843    34.729     1.12    1.18
  90784.166    35.048     1.11    1.05
  91072.512    35.329     0.97    1.14
  91360.880    35.573     0.85    1.06
  91649.271    35.853     0.97    1.04
  91937.684    36.106     0.88    1.05
  92226.120    36.376     0.94    1.06
  92514.578    36.776     1.38    1.15
  92803.059    37.122     1.20    1.02
  93091.563    37.365     0.84    0.99
  93380.088    37.596     0.80    0.99
  93668.637    37.876     0.97    0.90
  93957.208    38.005     0.45    0.87
  94245.801    38.050     0.16    0.87
  94534.417    38.048    -0.01    0.94
  94823.056    38.058     0.03    0.98
  95111.717    38.033    -0.09    0.97
  95400.400    37.965    -0.23    1.02
  95689.107    37.834    -0.45    1.12
  95977.836    37.713    -0.42    1.07
  96266.587    37.433    -0.97    1.08
  96555.361    37.169    -0.91    1.08
  96844.158    36.899    -0.93    1.06
  97132.977    36.555    -1.19    1.07
  97421.819    36.284    -0.94    1.11
  97710.683    36.031    -0.88    1.07
  97999.570    35.647    -1.33    1.06
  98288.480    35.217    -1.49    1.20
  98577.412    34.774    -1.53    1.28
  98866.367    34.248    -1.82    1.38
  99155.344    33.699    -1.90    1.46
  99444.345    33.108    -2.05    1.38
  99733.367    32.519    -2.04    1.36
 100022.413    32.041    -1.65    1.34
 100311.481    31.480    -1.94    1.38
 100600.572    30.954    -1.82    1.49
 100889.685    30.528    -1.47    1.57
 101178.821    30.214    -1.09    1.47
 101467.980    30.068    -0.51    1.46
 101757.162    30.010    -0.20    1.41
 102046.366    30.077     0.23    1.46
 102335.593    30.291     0.74    1.36
 102624.843    30.273    -0.06    1.43
 102914.115    30.218    -0.19    1.39
 103203.410    30.097    -0.42    1.45
 103492.728    29.777    -1.11    1.63
 103782.068    29.255    -1.81    1.85
 104071.432    28.647    -2.10    1.98
 104360.818    28.174    -1.63    2.04
 104650.226    27.746    -1.48    2.07
 104939.658    27.270    -1.64    2.11
 105229.112    27.002    -0.92    2.11
 105518.589    26.753    -0.86    2.02
 105808.089    26.600    -0.53    1.88
 106097.611    26.538    -0.21    1.69
 106387.157    26.692     0.53    1.61
 106676.725    26.865     0.60    1.47
 106966.316    27.066     0.69    1.42
 107255.930    27.135     0.24    1.44
 107545.566    27.195     0.21    1.29
 107835.225    27.062    -0.46    1.34
 108124.907    26.807    -0.88    1.46
 108414.612    26.535    -0.94    1.61
 108704.021    26.190    -1.20    1.70
 108988.953    25.888    -1.06    1.65
 109273.906    25.635    -0.89    1.73
 109558.881    25.472    -0.57    1.69
 109843.878    25.297    -0.62    1.80
 110128.897    25.180    -0.41    1.96
 110413.937    25.129    -0.18    2.02
 110698.999    25.224     0.34    1.77
 110984.083    25.209    -0.05    1.74
 111269.189    25.267     0.20    1.73
 111554.316    25.503     0.83    1.64
 111839.465    25.399    -0.37    1.56
 112124.637    25.138    -0.92    1.88
 112409.829    24.222    -3.21    2.87
 112695.044    23.344    -3.08    3.41
 112980.281    23.251    -0.32    3.56
 113265.539    23.934     2.39    4.81
 113550.819    25.573     5.75    6.07
 113836.121    27.899     8.15    7.11
 114121.445    30.957    10.72    7.28
 114406.791    34.062    10.88    6.23
 114692.159    36.864     9.82    4.77
 114977.548    38.910     7.17    3.69
 115262.960    40.544     5.72    3.11
 115548.393    41.888     4.71    2.86
 115833.848    43.047     4.06    2.76
 116119.325    44.037     3.47    2.64
 116404.824    44.785     2.62    2.65
 116690.344    45.427     2.25    2.55
 116975.887    46.014     2.05    2.48
 117261.452    46.551     1.88    2.51
 117547.038    47.045     1.73    2.59
 117832.646    47.669     2.18    2.64
 118118.277    48.099     1.51    2.63
 118403.929    48.488     1.36    2.62
 118689.603    48.809     1.12    2.52
 118975.299    49.081     0.95    2.57
 119261.017    49.308     0.80    2.22
 119546.757    49.376     0.24    2.13
 119832.519    49.382     0.02    1.99
 120118.303    49.339    -0.15    1.84
 120404.109    49.339     0.00    1.63
 120689.937    49.150    -0.66    1.51
 120975.786    48.877    -0.95    1.36
 121261.658    48.366    -1.79    1.63
 121547.552    47.596    -2.69    1.93
 121833.468    46.630    -3.38    2.43
 122119.405    45.394    -4.32    2.59
 122405.365    44.110    -4.49    2.93
 122691.347    42.699    -4.93    2.73
 122977.350    41.361    -4.68    2.48
 123263.376    40.128    -4.31    2.20
 123549.424    39.188    -3.29    1.82
 123835.494    38.455    -2.56    1.61
 124121.586    37.810    -2.25    1.29
 124407.699    37.399    -1.44    1.20
 124693.835    37.044    -1.24    1.10
 124979.993    36.976    -0.24    1.10
 125266.173    36.855    -0.42    1.08
 125552.375    36.755    -0.35    1.10
 125838.599    36.652    -0.36    1.05
 126124.846    36.510    -0.49    1.05
 126411.114    36.344    -0.58    0.94
 126697.404    36.328    -0.06    0.94
 126983.717    36.334     0.02    0.99
 127270.051    36.302    -0.11    1.01
 127556.408    36.389     0.30    1.05
 127842.786    36.422     0.11    1.03
 128129.187    36.422     0.00    1.03
 128415.610    36.422     0.00    1.08
 128702.055    36.444     0.08    1.09
 128988.522    36.522     0.27    1.08
 129275.012    36.519    -0.01    0.95
 129561.523    36.563     0.15    0.98
 129848.057    36.693     0.46    1.09
 130134.612    36.889     0.68    0.98
 130421.190    36.999     0.39    1.02
 130707.790    37.177     0.62    1.05
 130994.412    37.388     0.73    1.05
 131281.057    37.544     0.54    1.09
 131567.723    37.744     0.70    1.02
 131854.412    37.900     0.54    0.88
 132141.123    38.063     0.57    0.91
 132427.856    38.095     0.11    0.88
 132714.611    38.073    -0.08    0.88
 133001.388    38.188     0.40    0.86
 133288.188    38.333     0.50    0.87
 133575.010    38.439     0.37    0.90
 133861.854    38.577     0.48    0.91
 134148.720    38.644     0.23    0.90
 134435.609    38.802     0.55    0.79
 134722.519    38.932     0.45    0.74
 135009.452    39.084     0.53    0.79
 135296.408    39.226     0.49    0.85
 135583.385    39.310     0.30    0.86
 135870.385    39.477     0.58    0.89
 136157.407    39.607     0.45    0.87
 136444.451    39.666     0.21    0.89
 136731.517    39.722     0.19    0.86
 137018.606    39.769     0.17    0.83
 137305.717    39.878     0.38    0.90
 137592.851    39.910     0.11    0.95
 137880.006    39.932     0.08    0.93
 138167.184    40.077     0.50    1.02
 138454.384    40.144     0.23    1.05
 138741.607    40.119    -0.09    1.06
 139028.852    40.199     0.28    1.04
 139316.119    40.277     0.27    0.97
 139603.408    40.344     0.23    0.98
 139890.720    40.526     0.63    1.00
 140178.054    40.722     0.68    0.96
 140465.411    40.955     0.81    0.85
 140752.790    41.088     0.46    0.86
 141040.191    41.350     0.91    0.96
 141327.614    41.559     0.73    0.91
 141615.060    41.699     0.49    0.98
 141902.528    41.810     0.39    0.94
 142190.019    42.119     1.07    0.90
 142477.532    42.337     0.76    1.01
 142765.067    42.555     0.76    1.09
 143052.625    42.855     1.04    1.05
 143340.205    43.053     0.69    1.02
 143627.808    43.330     0.96    1.04
 143915.433    43.691     1.25    0.99
 144203.080    43.944     0.88    1.02
 144490.750    44.229     0.99    1.13
 144778.442    44.551     1.12    1.17
 145066.157    44.967     1.45    1.15
 145353.894    45.439     1.64    1.00
 145641.654    45.810     1.29    0.94
 145929.436    46.097     1.00    0.92
 146217.240    46.432     1.16    0.87
 146505.067    46.710     0.97    0.94
 146792.916    46.877     0.58    0.95
 147080.788    47.172     1.02    1.01
 147368.682    47.366     0.67    0.95
 147656.599    47.773     1.41    1.01
 147944.538    48.012     0.83    1.00
 148232.500    48.277     0.92    1.03
 148520.484    48.592     1.09    1.16
 148808.491    48.866     0.95    1.22
 149096.520    49.195     1.14    1.19
 149384.572    49.562     1.27    1.08
 149672.646    49.956     1.37    0.98
 149960.743    50.104     0.51    0.96
 150248.862    50.445     1.19    1.08
 150537.004    50.581     0.47    1.15
 150825.168    50.899     1.11    1.22
 151113.355    51.188     1.00    1.28
 151401.564    51.626     1.52    1.29
 151689.796    51.991     1.26    1.27
 151978.051    52.317     1.13    1.21
 152266.328    52.699     1.32    1.09
 152554.628    52.829     0.45    1.08
 152842.950    52.910     0.28    1.01
 153131.295    53.012     0.35    0.95
 153419.662    53.022     0.03    0.88
 153708.052    53.045     0.08    0.89
 153996.465    53.081     0.12    0.91
 154284.900    52.956    -0.43    0.89
 154573.358    53.034     0.27    0.88
 154861.838    53.001    -0.11    0.95
 155150.341    53.126     0.43    1.25
 155438.867    53.248     0.42    1.24
 155727.416    53.113    -0.47    1.32
 156015.986    53.113     0.00    1.60
 156304.580    53.169     0.19    1.60
 156593.196    53.399     0.80    1.05
 156881.835    53.558     0.55    1.03
 157170.497    53.683     0.43    0.98
 157459.181    53.774     0.31    0.97
 157747.888    53.933     0.55    0.92
 158036.618    54.001     0.24    1.06
 158325.370    54.058     0.20    1.03
 158614.145    54.034    -0.08    1.07
 158902.942    54.160     0.44    1.04
 159191.763    54.347     0.65    1.13
 159480.606    54.456     0.38    1.15
 159769.472    54.600     0.50    1.20
 160058.360    54.785     0.64    1.04
 160347.271    54.922     0.47    0.94
 160636.205    54.999     0.27    0.92
 160925.162    55.023     0.08    0.92
 161214.141    54.865    -0.55    0.83
 161503.143    54.794    -0.25    0.80
 161792.168    54.744    -0.17    0.80
 162081.216    54.783     0.13    0.79
 162370.286    54.830     0.16    0.91
 162659.380    54.899     0.24    0.92
 162948.496    54.988     0.31    0.91
 163237.634    55.203     0.74    0.94
 163526.796    55.214     0.04    0.97
 163815.980    55.244     0.10    0.95
 164105.187    55.177    -0.23    0.96
 164394.417    55.214     0.13    0.97
 164683.670    55.210    -0.01    0.98
 164972.945    55.188    -0.08    0.97
 165262.244    55.050    -0.48    0.98
 165551.565    55.020    -0.10    1.04
 165840.909    54.966    -0.19    1.07
 166130.276    54.713    -0.88    1.00
 166419.665    54.510    -0.70    1.00
 166709.078    54.295    -0.74    0.99
 166998.513    54.141    -0.53    1.03
 167287.971    53.877    -0.91    1.09
 167577.452    53.710    -0.58    1.06
 167866.956    53.588    -0.42    1.05
 168156.483    53.405    -0.63    0.98
 168446.033    53.280    -0.43    1.06
 168735.605    53.168    -0.39    1.03
 169025.201    53.059    -0.38    0.95
 169314.819    52.965    -0.33    0.95
 169604.461    53.031     0.23    0.90
 169894.125    52.967    -0.22    0.90
 170183.812    53.010     0.15    0.92
 170473.522    53.073     0.22    0.92
 170761.754    53.182     0.38    0.87
 171046.663    53.212     0.10    0.93
 171331.594    53.293     0.29    0.87
 171616.546    53.356     0.22    0.79
 171901.520    53.344    -0.04    0.79
 172186.516    53.371     0.10    0.80
 172471.534    53.344    -0.10    0.79
 172756.574    53.313    -0.11    0.80
 173041.636    53.247    -0.23    0.87
 173326.720    53.330     0.29    0.90
 173611.825    53.233    -0.34    0.98
 173896.953    53.210    -0.08    0.94
 174182.102    53.088    -0.43    1.01
 174467.273    53.061    -0.10    1.05
 174752.466    52.965    -0.34    1.06
 175037.681    53.077     0.39    1.00
 175322.918    52.966    -0.39    1.01
 175608.177    52.988     0.08    1.00
 175893.457    52.854    -0.47    1.03
 176178.760    52.866     0.04    0.97
 176464.084    52.855    -0.04    0.92
 176749.431    52.921     0.23    0.91
 177034.799    52.989     0.24    0.87
 177320.190    53.129     0.49    0.83
 177605.602    53.324     0.68    0.83
 177891.036    53.416     0.32    0.83
 178176.493    53.399    -0.06    0.85
 178461.971    53.342    -0.20    0.89
 178747.471    53.244    -0.35    0.91
 179032.993    53.066    -0.62    0.92
 179318.537    52.809    -0.90    0.95
 179604.104    52.623    -0.65    0.91
 179889.692    52.315    -1.08    1.01
 180175.302    52.079    -0.83    0.99
 180460.934    51.751    -1.15    1.07
 180746.588    51.382    -1.29    1.13
 181032.264    51.034    -1.22    1.17
 181317.963    50.618    -1.46    1.18
 181603.683    50.188    -1.51    1.15
 181889.425    49.751    -1.53    1.09
 182175.189    49.376    -1.31    1.03
 182460.976    49.281    -0.33    1.00
 182746.784    49.342     0.21    1.08
 183032.615    49.382     0.14    1.08
 183318.467    49.501     0.42    1.09
 183604.342    49.517     0.06    1.05
 183890.238    49.524     0.02    1.08
 184176.157    49.635     0.39    1.07
 184462.098    49.566    -0.24    1.14
 184748.061    49.577     0.04    1.25
 185034.046    49.524    -0.19    1.31
 185320.053    49.551     0.09    1.36
 185606.082    49.410    -0.49    1.42
 185892.133    49.270    -0.49    1.60
 186178.207    49.048    -0.77    1.58
 186464.302    48.717    -1.16    1.71
 186750.420    48.394    -1.13    1.82
 187036.560    47.922    -1.65    1.86
 187322.722    47.450    -1.65    1.80
 187608.906    46.988    -1.61    1.61
 187895.112    46.588    -1.40    1.36
 188181.340    46.172    -1.46    1.25
 188467.591    45.842    -1.15    1.14
 188753.863    45.510    -1.16    0.93
 189040.158    45.394    -0.41    0.92
 189326.475    45.166    -0.80    0.91
 189612.814    45.152    -0.05    0.85
 189899.176    45.108    -0.15    0.87
 190185.559    45.055    -0.19    0.91
 190471.965    44.977    -0.27    0.95
 190758.393    44.854    -0.43    0.99
 191044.843    44.722    -0.46    0.96
 191331.316    44.510    -0.74    0.88
 191617.810    44.262    -0.87    0.89
 191904.327    44.160    -0.35    0.85
 192190.866    44.041    -0.42    0.90
 192477.427    43.910    -0.46    0.89
 192764.011    43.768    -0.50    0.86
 193050.617    43.545    -0.78    0.87
 193337.245    43.222    -1.13    1.04
 193623.895    42.801    -1.47    1.29
 193910.567    42.233    -1.98    1.60
 194197.262    41.298    -3.26    1.95
 194483.979    40.422    -3.06    2.16
 194770.719    39.519    -3.15    2.03
 195057.480    38.695    -2.87    1.75
 195344.264    37.910    -2.74    1.40
 195631.070    37.302    -2.12    1.17
 195917.899    36.834    -1.63    1.02
 196204.750    36.517    -1.10    0.89
 196491.623    36.266    -0.88    0.87
 196778.518    36.052    -0.75    0.79
 197065.436    35.846    -0.72    0.87
 197352.376    35.666    -0.63    0.86
 197639.338    35.527    -0.48    0.82
 197926.323    35.367    -0.56    0.86
 198213.330    35.152    -0.75    0.85
 198500.360    35.022    -0.46    0.76
 198787.411    34.932    -0.31    0.77
 199074.485    34.910    -0.08    0.76
 199361.582    34.793    -0.41    0.69
 199648.701    34.783    -0.04    0.71
 199935.842    34.812     0.10    0.75
 200223.006    34.726    -0.30    0.85
 200510.192    34.686    -0.14    0.90
 200797.400    34.455    -0.80    0.97
 201084.631    34.171    -0.99    1.00
 201371.884    33.932    -0.83    0.99
 201659.160    33.570    -1.26    0.89
 201946.458    33.325    -0.85    0.85
 202233.778    32.997    -1.14    0.86
 202521.121    32.618    -1.32    0.94
 202808.486    32.288    -1.15    0.95
 203095.874    32.106    -0.63    0.96
 203383.284    32.081    -0.09    0.96
 203670.717    32.115     0.12    0.94
 203958.172    32.155     0.14    0.97
 204245.650    32.201     0.16    0.96
 204533.150    32.240     0.14    0.93
 204820.672    32.292     0.18    0.97
 205108.217    32.108    -0.64    1.04
 205395.784    31.953    -0.54    1.12
 205683.374    31.728    -0.79    1.20
 205970.987    31.559    -0.59    1.22
 206258.622    31.502    -0.20    1.22
 206546.279    31.603     0.35    1.21
 206833.959    31.922     1.11    1.40
 207121.661    32.361     1.53    1.61
 207409.386    32.996     2.21    1.57
 207697.134    33.502     1.76    1.40
 207984.904    33.847     1.20    1.12
 208272.696    33.878     0.11    1.15
 208560.511    33.570    -1.07    1.51
 208848.349    32.967    -2.10    1.81
 209136.209    32.218    -2.60    2.00
 209424.092    31.448    -2.68    1.96
 209711.997    30.847    -2.09    1.80
 209999.925    30.230    -2.14    1.74
 210287.875    29.620    -2.12    1.48
 210575.848    29.106    -1.79    1.17
 210863.844    29.113     0.02    1.54
 211151.862    29.910     2.77    2.51
 211439.903    30.726     2.83    2.90
 211727.966    31.357     2.19    2.83
 212016.052    31.857     1.74    2.57
 212304.161    32.123     0.92    2.20
 212592.292    32.128     0.02    1.91
 212880.446    31.506    -2.16    1.74
 213168.622    30.855    -2.26    1.26
 213456.821    30.541    -1.09    0.99
 213745.043    30.666     0.43    1.23
 214033.288    31.336     2.33    2.20
 214321.555    32.304     3.36    3.12
 214609.844    33.726     4.93    3.63
 214898.157    35.233     5.23    3.57
 215186.492    36.710     5.13    2.89
 215474.850    37.976     4.39    1.83
 215763.230    38.695     2.50    1.12
 216051.633    39.131     1.51    1.03
 216340.059    39.581     1.56    1.20
 216628.507    40.084     1.75    1.37
 216916.978    40.744     2.29    1.55
 217205.472    41.444     2.43    1.53
 217493.989    42.052     2.11    1.48
 217782.528    42.623     1.98    1.29
 218071.090    43.079     1.58    1.18
 218359.675    43.410     1.15    1.14
 218648.283    43.726     1.09    1.14
 218936.913    44.079     1.22    1.13
 219225.566    44.477     1.38    1.18
 219514.242    44.749     0.94    1.14
 219802.940    45.059     1.07    1.15
 220091.661    45.517     1.58    1.07
 220380.406    45.932     1.44    1.06
 220669.172    46.367     1.51    1.12
 220957.962    46.787     1.45    1.02
 221246.774    47.108     1.11    1.01
 221535.610    47.513     1.40    0.98
 221824.468    47.868     1.23    0.99
 222113.348    48.325     1.58    0.98
 222402.252    48.740     1.44    0.99
 222691.178    49.073     1.15    1.04
 222980.128    49.450     1.30    0.87
 223269.100    49.625     0.61    0.76
 223558.095    49.835     0.73    0.78
 223847.112    50.158     1.12    0.90
 224136.153    50.272     0.40    1.04
 224425.216    50.272     0.00    1.06
 224714.303    50.432     0.55    1.07
 225003.412    50.630     0.68    1.08
 225292.544    50.823     0.67    1.06
 225581.699    50.965     0.49    1.01
 225870.877    51.049     0.29    0.89
 226160.077    51.208     0.55    0.83
 226449.301    51.319     0.38    0.84
 226738.547    51.454     0.47    0.92
 227027.817    51.719     0.92    0.94
 227317.109    51.878     0.55    0.93
 227606.424    52.106     0.79    0.95
 227895.762    52.325     0.76    0.97
 228185.123    52.379     0.18    0.99
 228474.507    52.410     0.11    0.93
 228763.914    52.355    -0.19    0.94
 229053.344    52.188    -0.58    1.01
 229342.797    51.769    -1.45    1.15
 229632.272    51.233    -1.85    1.34
 229921.771    50.774    -1.59    1.55
 230211.293    50.018    -2.61    1.68
 230500.837    49.280    -2.55    1.83
 230790.405    48.444    -2.89    1.79
 231079.995    47.455    -3.42    1.79
 231369.609    46.715    -2.56    1.73
 231659.246    46.039    -2.33    1.57
 231948.905    45.379    -2.28    1.45
 232238.588    44.760    -2.14    1.24
 232528.293    44.266    -1.71    1.16
 232815.405    43.867    -1.39    1.09
 233100.312    43.544    -1.13    1.14
 233385.240    43.204    -1.19    1.26
 233670.191    42.804    -1.40    1.14
 233955.163    42.542    -0.92    1.11
 234240.157    42.368    -0.61    1.06
 234525.173    42.139    -0.80    0.90
 234810.211    42.101    -0.13    0.88
 235095.271    42.050    -0.18    0.81
 235380.353    42.013    -0.13    0.80
 235665.457    41.999    -0.05    0.84
 235950.583    41.874    -0.44    0.84
