-215926.967   225.438     0.00   19.88
-215639.713   221.951   -12.14   19.82
-215352.482   218.743   -11.17   19.52
-215065.273   216.071    -9.30   18.71
-214778.087   216.396     1.13   18.32
-214490.924   220.173    13.15   17.17
-214203.783   225.409    18.24   13.62
-213916.665   227.778     8.25   11.25
-213629.570   229.184     4.90    9.43
-213342.498   231.319     7.44    6.11
-213055.448   232.240     3.21    5.27
-212768.421   231.112    -3.93    5.89
-212481.416   228.907    -7.68    6.51
-212194.434   225.620   -11.46    8.69
-211907.475   222.081   -12.34    9.76
-211620.538   219.197   -10.05   10.38
-211333.625   217.551    -5.74   10.48
-211046.733   218.096     1.90   10.67
-210759.865   218.827     2.55    9.20
-210473.019   220.653     6.37    7.50
-210186.195   221.500     2.95    7.61
-209899.395   222.935     5.00    7.60
-209612.617   224.181     4.35    7.08
-209325.861   226.296     7.38    7.66
-209039.128   228.411     7.38    7.33
-208752.418   232.075    12.78    9.02
-208465.730   236.016    13.75   11.01
-208179.065   239.286    11.41   12.03
-207892.422   243.242    13.80   12.65
-207605.802   246.448    11.19   13.52
-207319.205   249.481    10.58   13.29
-207032.630   251.379     6.63   12.05
-206746.078   249.881    -5.23   12.78
-206459.548   246.108   -13.17   15.04
-206173.041   239.207   -24.09   17.93
-205886.556   231.729   -26.11   19.66
-205600.094   223.877   -27.41   19.33
-205313.654   216.631   -25.30   18.11
-205027.237   208.817   -27.29   17.63
-204740.843   200.662   -28.48   18.59
-204454.471   190.296   -36.20   20.73
-204168.121   181.314   -31.37   23.93
-203881.794   173.665   -26.72   25.68
-203595.489   165.041   -30.13   24.96
-203309.207   155.306   -34.01   21.64
-203022.948   148.283   -24.54   17.77
-202736.711   144.633   -12.76   15.68
-202450.496   146.501     6.53   19.23
-202164.304   151.600    17.82   25.18
-201878.134   160.165    29.93   31.20
-201591.987   170.441    35.92   34.45
-201305.862   179.112    30.31   31.19
-201019.759   186.296    25.11   23.57
-200733.679   186.765     1.64   22.44
-200447.622   180.469   -22.02   26.01
-200161.587   168.891   -40.48   29.90
-199875.574   155.653   -46.29   28.66
-199589.584   142.778   -45.03   24.61
-199303.616   132.994   -34.22   21.33
-199017.670   126.153   -23.93   17.94
-198731.747   120.801   -18.72   14.22
-198445.847   117.630   -11.09   11.13
-198159.968   115.600    -7.10    7.15
-197874.112   115.331    -0.94    5.69
-197588.279   117.474     7.50    7.21
-197302.468   119.874     8.40    8.12
-197016.679   122.643     9.69    9.03
-196730.912   124.737     7.33    9.65
-196445.168   126.832     7.34   11.06
-196159.446   129.031     7.69   12.22
-195873.747   130.582     5.43   12.77
-195588.070   132.871     8.01   13.08
-195302.415   132.915     0.15   13.50
-195016.783   132.814    -0.35   13.92
-194731.173   132.491    -1.13   14.16
-194445.585   131.571    -3.22   13.91
-194160.019   129.763    -6.33   13.23
-193874.476   128.377    -4.85   12.88
-193588.955   125.653    -9.54   10.47
-193303.456   123.687    -6.89    9.03
-193017.980   122.541    -4.01    7.18
-192732.526   121.832    -2.48    5.83
-192447.094   121.816    -0.06    5.63
-192161.685   123.633     6.36    8.26
-191876.297   126.245     9.15   11.37
-191590.932   130.851    16.14   14.91
-191305.590   136.480    19.73   17.64
-191020.269   145.650    32.14   22.22
-190734.971   156.986    39.74   24.48
-190449.695   168.159    39.17   21.54
-190164.441   176.244    28.35   17.53
-189879.209   183.056    23.89   12.55
-189594.000   187.046    13.99    9.58
-189308.813   190.780    13.10    6.34
-189023.648   190.416    -1.28    7.95
-188738.505   184.867   -19.46   15.51
-188453.385   175.010   -34.58   24.55
-188168.286   163.371   -40.83   28.81
-187883.210   152.671   -37.54   28.89
-187598.156   142.258   -36.53   24.31
-187313.124   133.971   -29.08   15.53
-187028.114   129.851   -14.46    9.17
-186743.127   128.143    -6.00    6.32
-186458.162   127.621    -1.83    4.81
-186173.218   128.072     1.58    4.54
-185888.297   128.190     0.42    4.11
-185603.398   127.749    -1.55    3.56
-185318.522   127.335    -1.46    2.93
-185033.667   127.072    -0.92    2.53
-184748.834   127.642     2.00    3.54
-184464.024   128.001     1.26    3.59
-184179.236   128.356     1.25    3.38
-183894.469   129.161     2.83    3.36
-183609.725   129.925     2.68    3.61
-183325.003   130.492     1.99    3.81
-183040.303   131.359     3.05    4.11
-182755.625   131.730     1.30    4.16
-182470.970   132.067     1.18    4.35
-182182.820   132.541     1.65    4.56
-181893.300   133.051     1.76    4.58
-181603.803   133.386     1.16    4.49
-181314.329   133.912     1.82    4.33
-181024.879   133.916     0.01    3.97
-180735.452   134.151     0.81    4.03
-180446.049   134.501     1.21    4.04
-180156.669   135.016     1.78    4.52
-179867.312   135.427     1.42    4.90
-179577.978   135.933     1.75    4.91
-179288.668   136.238     1.05    4.94
-178999.380   136.521     0.98    4.81
-178710.117   136.560     0.14    4.40
-178420.876   136.713     0.53    3.95
-178131.659   136.652    -0.21    3.65
-177842.465   136.603    -0.17    3.47
-177553.294   136.571    -0.11    3.50
-177264.146   136.478    -0.32    3.75
-176975.022   136.366    -0.39    4.02
-176685.921   136.457     0.32    4.50
-176396.843   136.417    -0.14    4.68
-176107.788   136.572     0.54    4.74
-175818.757   136.509    -0.22    4.55
-175529.749   136.153    -1.23    4.21
-175240.764   135.369    -2.71    3.40
-174951.802   135.178    -0.66    3.03
-174662.863   135.261     0.29    3.29
-174373.948   135.844     2.02    4.71
-174085.055   137.123     4.43    6.85
-173796.186   138.582     5.05    8.44
-173507.340   142.075    12.10   14.59
-173218.517   144.601     8.74   16.43
-172929.718   146.701     7.27   17.15
-172640.941   147.530     2.87   15.82
-172352.188   148.304     2.68   15.54
-172063.457   146.469    -6.36   11.84
-171774.750   146.916     1.55   10.75
-171486.066   147.770     2.96   10.53
-171197.405   150.270     8.66   13.92
-170908.768   154.791    15.66   17.80
-170620.153   162.801    27.76   21.69
-170331.561   171.541    30.29   23.13
-170042.993   179.581    27.87   21.46
-169754.448   184.087    15.62   18.52
-169465.925   183.084    -3.48   18.20
-169177.426   181.258    -6.33   19.19
-168888.950   179.729    -5.30   19.63
-168600.497   178.355    -4.77   19.57
-168312.067   175.891    -8.54   19.12
-168023.660   179.652    13.04   22.88
-167735.276   187.666    27.79   24.22
-167446.915   197.180    33.00   24.41
-167158.577   207.603    36.15   24.82
-166870.262   219.812    42.35   24.28
-166581.970   228.561    30.35   23.78
-166293.701   239.004    36.23   19.01
-166005.456   244.500    19.07   14.89
-165717.233   244.682     0.63   17.46
-165429.033   241.411   -11.35   21.32
-165140.856   237.273   -14.36   21.96
-164852.702   234.094   -11.03   20.96
-164564.571   233.157    -3.25   20.62
-164276.464   234.763     5.58   19.67
-163988.379   238.347    12.44   18.60
-163700.317   244.388    20.97   13.10
-163412.278   246.985     9.02   12.11
-163124.262   248.133     3.98   11.03
-162836.269   248.684     1.91    9.62
-162548.298   249.770     3.77    8.06
-162260.351   249.118    -2.26    8.71
-161972.427   246.312    -9.75   12.21
-161684.526   240.541   -20.05   17.05
-161396.647   227.139   -46.56   28.98
-161108.792   214.541   -43.77   34.88
-160820.959   198.941   -54.20   34.20
-160533.149   188.757   -35.39   30.46
-160245.362   182.630   -21.29   24.78
-159957.598   180.125    -8.71   19.44
-159669.857   183.551    11.91   20.79
-159382.139   192.473    31.01   21.86
-159094.444   202.369    34.40   20.61
-158806.771   211.912    33.18   15.47
-158519.122   218.860    24.16   13.43
-158231.495   224.933    21.11   13.51
-157943.891   230.592    19.68   15.52
-157656.310   236.275    19.76   16.21
-157368.752   241.937    19.69   15.71
-157081.216   245.902    13.79   14.10
-156793.704   248.457     8.89   11.65
-156506.214   246.301    -7.50   12.11
-156218.747   242.451   -13.39   15.08
-155931.303   234.137   -28.93   21.99
-155643.881   224.308   -34.20   26.17
-155356.483   214.434   -34.36   25.79
-155069.107   205.571   -30.84   22.94
-154781.754   199.041   -22.73   19.38
-154494.424   195.261   -13.16   16.28
-154207.116   193.811    -5.05   13.52
-153919.832   192.780    -3.59   11.01
-153632.570   193.989     4.21    9.13
-153345.331   195.155     4.06    8.25
-153058.114   199.260    14.29    8.86
-152770.921   204.726    19.04    9.51
-152483.750   210.479    20.03   10.85
-152196.601   217.510    24.49   15.16
-151909.476   226.612    31.71   19.33
-151622.373   235.739    31.79   20.91
-151335.293   244.323    29.91   18.92
-151048.236   251.429    24.76   15.51
-150761.201   256.741    18.51   10.78
-150474.189   260.174    11.96    7.46
-150187.200   260.980     2.81    7.72
-149900.233   261.961     3.42    8.26
-149613.289   263.741     6.20    9.28
-149326.368   265.582     6.42   10.15
-149039.470   268.067     8.66   10.37
-148752.594   270.260     7.65    9.61
-148465.740   271.572     4.57    9.20
-148178.910   272.437     3.02    9.28
-147892.102   272.173    -0.92    9.45
-147605.317   271.450    -2.52    9.80
-147318.554   270.311    -3.97    9.92
-147031.814   269.221    -3.80    9.47
-146745.096   269.521     1.05    9.71
-146458.402   269.733     0.74    9.22
-146171.729   270.510     2.71    8.46
-145885.080   271.763     4.37    8.04
-145598.453   274.184     8.45    8.68
-145311.848   277.288    10.83    9.12
-145025.267   280.478    11.13    9.76
-144738.707   282.978     8.73    9.24
-144452.171   285.221     7.83    8.59
-144165.657   288.093    10.02    7.84
-143879.165   290.296     7.69    7.06
-143592.696   290.768     1.65    6.39
-143306.250   289.796    -3.39    6.78
-143019.826   287.071    -9.51    6.97
-142733.424   285.220    -6.46    6.89
-142447.046   283.026    -7.66    7.42
-142160.689   279.925   -10.83    7.63
-141874.356   277.070    -9.97    6.59
-141588.044   273.939   -10.94    5.90
-141301.756   270.449   -12.19    8.02
-141015.490   267.312   -10.96    9.99
-140729.246   264.768    -8.89   10.69
-140443.025   263.353    -4.94   11.70
-140156.826   261.531    -6.37   12.66
-139870.650   260.843    -2.40   12.21
-139584.496   261.395     1.93   11.39
-139298.365   262.114     2.51   11.17
-139012.256   262.541     1.49   10.55
-138726.169   262.894     1.23   10.31
-138440.106   261.321    -5.50   11.01
-138154.064   258.041   -11.47   14.64
-137868.045   251.065   -24.39   20.38
-137582.049   245.735   -18.64   21.70
-137296.074   241.918   -13.35   21.61
-137010.123   240.128    -6.26   21.45
-136724.193   239.252    -3.07   21.50
-136438.287   244.320    17.73   22.89
-136152.402   253.796    33.15   22.25
-135866.540   264.312    36.79   17.15
-135580.701   270.207    20.63   11.80
-135294.883   272.614     8.42   10.93
-135009.088   275.153     8.89   10.13
-134723.316   278.551    11.89    8.82
-134437.566   281.187     9.23    6.49
-134151.838   283.339     7.53    6.13
-133866.133   284.978     5.74    5.79
-133580.450   286.837     6.51    5.04
-133294.789   287.918     3.79    4.64
-133009.151   288.511     2.07    4.16
-132723.535   288.376    -0.47    4.36
-132437.941   288.978     2.11    4.60
-132152.370   289.128     0.53    4.33
-131866.821   289.499     1.30    4.40
-131581.294   290.114     2.15    4.53
-131295.790   291.078     3.38    4.31
-131010.308   291.409     1.16    3.87
-130724.848   291.721     1.09    3.73
-130439.411   291.281    -1.54    3.74
-130153.996   291.036    -0.86    3.70
-129868.603   290.640    -1.39    3.77
-129583.233   290.369    -0.95    4.17
-129297.884   289.490    -3.08    4.88
-129012.558   288.460    -3.61    5.63
-128727.255   287.149    -4.60    6.26
-128441.973   285.190    -6.87    6.87
-128156.714   283.135    -7.21    6.89
-127871.477   281.687    -5.08    6.70
-127586.262   280.236    -5.09    6.46
-127301.070   279.417    -2.87    6.50
-127015.900   278.765    -2.29    6.55
-126730.751   278.323    -1.55    6.41
-126445.626   278.442     0.42    6.49
-126160.522   278.531     0.31    6.45
-125875.441   278.976     1.56    6.42
-125590.382   280.481     5.28    6.33
-125305.345   281.389     3.19    5.97
-125020.330   281.994     2.12    5.63
-124735.337   282.583     2.07    5.25
-124450.367   281.926    -2.30    5.22
-124165.419   281.041    -3.11    4.79
-123880.493   281.087     0.16    4.69
-123595.589   280.623    -1.63    4.27
-123310.707   280.118    -1.77    4.06
-123025.847   279.439    -2.39    4.99
-122741.010   277.173    -7.95    7.13
-122456.195   274.422    -9.66    9.57
-122171.401   271.480   -10.33   11.27
-121886.630   266.925   -16.00   13.27
-121601.882   261.076   -20.54   16.11
-121317.155   254.441   -23.31   18.54
-121032.450   248.478   -20.95   20.02
-120747.768   243.141   -18.75   20.43
-120463.107   240.822    -8.15   19.28
-120174.007   239.135    -5.84   18.83
-119884.484   240.793     5.73   20.94
-119594.985   245.510    16.29   22.13
-119305.509   250.014    15.56   18.79
-119016.057   252.404     8.26   16.55
-118726.627   251.933    -1.63   15.62
-118437.222   249.541    -8.27   15.40
-118147.839   245.439   -14.18   14.88
-117858.480   241.757   -12.72   15.77
-117569.144   236.021   -19.83   17.36
-117279.831   229.773   -21.60   16.95
-116990.541   223.147   -22.91   16.87
-116701.275   216.266   -23.79   17.61
-116412.032   209.551   -23.22   17.65
-116122.813   202.153   -25.58   16.90
-115833.617   195.036   -24.61   16.33
-115544.443   188.157   -23.79   15.19
-115255.294   182.193   -20.63   13.05
-114966.167   175.499   -23.16   12.85
-114677.064   168.260   -25.04   14.45
-114387.984   160.867   -25.57   15.64
-114098.927   154.468   -22.14   14.46
-113809.893   147.843   -22.92   11.98
-113520.883   143.989   -13.34    9.36
-113231.895   141.172    -9.75    6.98
-112942.931   141.261     0.31    7.41
-112653.990   140.632    -2.18    7.50
-112365.073   139.861    -2.67    7.94
-112076.178   138.757    -3.82    7.83
-111787.307   138.353    -1.40    7.29
-111498.459   138.071    -0.97    6.52
-111209.634   139.180     3.84    7.81
-110920.832   141.729     8.83   10.63
-110632.054   146.459    16.38   13.39
-110343.298   152.755    21.81   13.55
-110054.566   158.197    18.85   12.45
-109765.856   162.888    16.25   10.47
-109477.170   165.623     9.48    9.19
-109188.507   167.299     5.80    9.06
-108899.868   165.943    -4.70   10.73
-108611.251   166.114     0.59   11.06
-108322.657   166.187     0.25   11.00
-108034.087   166.974     2.73   10.99
-107745.539   169.678     9.37   11.58
-107457.015   175.067    18.68   14.47
-107168.514   184.015    31.02   16.85
-106880.036   193.286    32.14   18.97
-106591.581   201.961    30.08   20.42
-106303.149   210.046    28.03   20.71
-106014.740   215.975    20.56   20.45
-105726.354   221.442    18.96   20.41
-105437.991   227.405    20.68   19.31
-105149.651   231.955    15.78   17.99
-104861.334   234.661     9.39   15.50
-104573.041   238.122    12.01   10.91
-104284.770   240.718     9.00    7.93
-103996.522   243.445     9.46    3.88
-103708.298   244.145     2.43    3.01
-103420.096   244.264     0.41    2.84
-103131.917   244.094    -0.59    3.14
-102843.762   244.280     0.65    3.49
-102555.629   244.793     1.78    3.62
-102267.519   244.867     0.26    3.43
-101979.433   244.929     0.21    3.09
-101691.369   244.747    -0.63    2.66
-101403.328   244.439    -1.07    2.37
-101115.310   244.737     1.03    2.06
-100827.315   244.907     0.59    1.84
-100539.344   245.181     0.95    1.63
-100251.395   245.571     1.36    1.43
 -99963.469   245.927     1.23    1.31
 -99675.566   245.935     0.03    1.38
 -99387.685   245.602    -1.16    1.49
 -99099.828   244.755    -2.94    2.08
 -98811.994   243.510    -4.33    3.01
 -98524.182   241.922    -5.52    3.84
 -98236.394   239.509    -8.39    4.69
 -97948.628   237.176    -8.11    4.78
 -97660.886   235.124    -7.13    4.56
 -97373.166   232.489    -9.16    4.97
 -97085.469   229.551   -10.21    6.82
 -96797.795   223.737   -20.21   13.43
 -96510.143   219.809   -13.66   15.70
 -96222.515   216.112   -12.85   18.68
 -95934.910   214.224    -6.56   19.83
 -95647.327   211.442    -9.68   21.45
 -95359.767   210.036    -4.89   22.80
 -95072.230   210.151     0.40   24.12
 -94784.716   212.841     9.36   22.95
 -94497.225   213.765     3.22   20.69
 -94209.756   210.990    -9.66   21.47
 -93922.311   210.470    -1.81   19.45
 -93634.888   209.499    -3.38   17.73
 -93347.488   207.172    -8.10   17.01
 -93060.110   204.211   -10.31   16.48
 -92772.756   198.957   -18.28   20.48
 -92485.424   193.489   -19.03   22.72
 -92198.115   187.187   -21.94   25.10
 -91910.829   181.541   -19.65   26.82
 -91623.566   173.625   -27.56   28.70
 -91336.325   162.685   -38.09   29.76
 -91049.108   149.398   -46.26   31.75
 -90761.913   137.388   -41.82   32.81
 -90474.740   125.590   -41.08   31.63
 -90187.591   115.633   -34.68   27.87
 -89900.464   107.197   -29.38   20.01
 -89613.360   100.561   -23.12   12.42
 -89326.278    98.757    -6.28   10.67
 -89039.220   100.510     6.11   13.01
 -88752.184   103.369     9.96   15.26
 -88465.170   108.218    16.90   18.80
 -88178.180   115.225    24.42   21.82
 -87891.212   124.445    32.13   24.77
 -87604.267   133.301    30.87   25.98
 -87317.344   141.562    28.79   25.49
 -87030.445   145.605    14.09   22.37
 -86743.567   144.989    -2.15   20.72
 -86456.713   140.341   -16.20   21.70
 -86169.881   132.298   -28.04   23.27
 -85883.072   121.827   -36.51   21.56
 -85596.285   113.275   -29.82   18.62
 -85309.522   107.451   -20.31   14.82
 -85022.780   105.359    -7.30   14.88
 -84736.062   107.755     8.36   20.09
 -84449.366   112.868    17.83   25.48
 -84162.692   120.102    25.24   30.57
 -83876.042   127.449    25.63   33.13
 -83589.414   132.603    17.98   34.78
 -83302.808   134.025     4.96   35.00
 -83016.225   133.438    -2.05   33.93
 -82729.665   132.780    -2.29   31.30
 -82443.127   133.260     1.67   29.20
 -82156.612   132.180    -3.77   26.33
 -81870.119   133.267     3.79   25.18
 -81583.649   136.530    11.39   25.48
 -81297.202   141.438    17.13   24.48
 -81010.777   145.904    15.60   22.42
 -80724.375   149.878    13.87   19.45
 -80437.995   153.510    12.69   15.52
 -80151.638   156.808    11.52   11.96
 -79865.303   161.378    15.96    7.30
 -79578.991   163.634     7.88    6.36
 -79292.701   164.643     3.53    6.79
 -79006.434   165.180     1.88    8.23
 -78720.189   164.046    -3.96   10.22
 -78433.967   162.225    -6.36   12.23
 -78147.768   159.260   -10.36   12.87
 -77861.590   157.562    -5.93   12.52
 -77575.436   154.983    -9.01   12.01
 -77289.304   152.530    -8.57   10.63
 -77003.194   151.726    -2.81    9.23
 -76717.107   151.634    -0.32    7.67
 -76431.042   152.551     3.21    6.63
 -76145.000   153.716     4.07    6.71
 -75858.980   155.848     7.45    6.97
 -75572.983   158.724    10.06    8.44
 -75287.008   163.500    16.70   10.75
 -75001.055   169.313    20.33   13.06
 -74715.125   176.218    24.15   14.03
 -74429.218   182.676    22.59   13.37
 -74143.332   188.825    21.51   12.17
 -73857.470   194.293    19.13    9.69
 -73571.629   198.280    13.95    7.42
 -73285.811   201.434    11.04    6.54
 -73000.016   203.232     6.29    6.91
 -72714.243   204.041     2.83    7.37
 -72428.492   203.670    -1.30    9.11
 -72142.763   203.078    -2.07   11.65
 -71857.057   201.947    -3.96   13.40
 -71571.374   200.571    -4.82   14.53
 -71285.712   200.056    -1.80   16.20
 -71000.074   200.020    -0.12   17.40
 -70714.457   200.642     2.18   17.68
 -70428.863   202.095     5.09   17.52
 -70143.291   203.098     3.51   16.34
 -69857.741   203.737     2.24   14.47
 -69572.214   203.036    -2.46   11.71
 -69286.709   199.232   -13.32   12.04
 -69001.227   193.836   -18.90   13.55
 -68715.767   187.978   -20.52   13.94
 -68430.329   181.895   -21.31   13.08
 -68144.913   177.057   -16.95   11.58
 -67859.520   172.214   -16.97    9.10
 -67574.149   168.716   -12.26    8.58
 -67288.800   165.541   -11.13    8.09
 -67003.473   162.551   -10.48    7.55
 -66718.169   160.163    -8.37    6.99
 -66432.887   157.489    -9.37    6.34
 -66147.628   155.331    -7.57    6.25
 -65862.390   154.582    -2.63    6.96
 -65577.175   154.031    -1.93    9.13
 -65291.982   154.163     0.47   11.09
 -65006.812   153.839    -1.14   12.41
 -64721.663   152.912    -3.25   13.24
 -64436.537   152.804    -0.38   13.89
 -64151.433   153.254     1.58   14.87
 -63866.352   153.624     1.30   14.31
 -63581.292   155.711     7.32   13.80
 -63296.255   157.457     6.12   12.38
 -63011.240   158.878     4.99   10.71
 -62726.247   158.981     0.36    9.22
 -62441.276   158.861    -0.42    8.30
 -62156.328   157.796    -3.74    8.06
 -61871.401   157.451    -1.21    9.50
 -61586.497   157.798     1.22   13.14
 -61301.615   156.860    -3.29   14.87
 -61016.755   156.489    -1.30   17.19
 -60731.918   155.078    -4.96   17.34
 -60447.102   152.273    -9.85   16.88
 -60162.309   147.099   -18.17   14.24
 -59877.538   143.510   -12.60   13.57
 -59592.789   139.957   -12.48   14.45
 -59308.062   136.109   -13.52   15.67
 -59023.357   133.005   -10.90   16.05
 -58738.674   129.918   -10.84   16.12
 -58453.512   128.694    -4.29   17.21
 -58163.949   127.721    -3.36   19.80
 -57874.410   129.201     5.11   22.67
 -57584.893   129.242     0.14   23.82
 -57295.400   130.679     4.97   25.52
 -57005.931   131.329     2.24   25.79
 -56716.484   129.947    -4.77   24.84
 -56427.061   128.471    -5.10   24.04
 -56137.661   126.814    -5.73   22.46
 -55848.285   123.025   -13.09   21.02
 -55558.932   120.135    -9.99   19.68
 -55269.602   115.864   -14.76   16.99
 -54980.295   111.735   -14.27   14.27
 -54691.012   107.702   -13.94   11.07
 -54401.752   104.956    -9.49    8.03
 -54112.515   103.197    -6.08    5.75
 -53823.302   102.828    -1.28    5.65
 -53534.112   103.320     1.70    6.84
 -53244.945   105.499     7.54    8.38
 -52955.801   107.488     6.88    8.35
 -52666.681   109.930     8.45    8.37
 -52377.583   112.878    10.20    9.19
 -52088.509   115.989    10.76   10.51
 -51799.458   119.662    12.71   10.73
 -51510.431   123.255    12.43   12.29
 -51221.426   126.963    12.83   14.44
 -50932.445   131.591    16.01   16.49
 -50643.487   135.329    12.94   16.24
 -50354.553   137.510     7.55   14.98
 -50065.641   136.751    -2.63   14.62
 -49776.753   133.111   -12.60   15.26
 -49487.887   129.510   -12.47   15.60
 -49199.045   125.871   -12.60   14.03
 -48910.226   122.644   -11.17   11.00
 -48621.430   121.825    -2.84    9.35
 -48332.658   125.437    12.51   12.51
 -48043.908   132.381    24.05   14.48
 -47755.182   141.108    30.23   15.97
 -47466.479   150.067    31.03   17.23
 -47177.799   156.130    21.00   15.17
 -46889.142   159.593    12.00   12.62
 -46600.508   161.909     8.03   11.86
 -46311.897   160.509    -4.85   13.26
 -46023.310   156.046   -15.46   15.13
 -45734.745   151.341   -16.31   14.73
 -45446.204   149.130    -7.66   13.09
 -45157.685   147.593    -5.33   12.34
 -44869.190   145.228    -8.20   10.97
 -44580.718   144.867    -1.25   10.18
 -44292.269   148.016    10.91   11.28
 -44003.843   153.093    17.60   12.27
 -43715.440   156.929    13.30   12.99
 -43427.060   161.127    14.56   13.20
 -43138.703   165.770    16.10   10.83
 -42850.369   168.633     9.93    6.97
 -42562.058   167.591    -3.61    8.12
 -42273.770   163.663   -13.63   11.33
 -41985.505   159.489   -14.48   12.59
 -41697.263   154.211   -18.31   13.29
 -41409.045   147.625   -22.85   13.78
 -41120.849   140.239   -25.63   13.47
 -40832.676   134.457   -20.07   11.21
 -40544.526   132.573    -6.54   10.20
 -40256.400   135.437     9.94   12.92
 -39968.296   140.078    16.11   17.06
 -39680.215   148.637    29.71   20.86
 -39392.157   158.072    32.76   20.97
 -39104.122   166.401    28.92   18.24
 -38816.110   174.457    27.97   15.31
 -38528.121   181.109    23.10   15.06
 -38240.155   190.308    31.95   19.15
 -37952.212   201.511    38.90   24.59
 -37664.292   213.249    40.77   28.96
 -37376.394   226.714    46.77   30.53
 -37088.520   240.854    49.12   27.73
 -36800.669   252.367    40.00   21.52
 -36512.840   260.036    26.64   14.29
 -36225.034   263.357    11.54    9.23
 -35937.252   261.418    -6.74   12.72
 -35649.492   256.273   -17.88   18.29
 -35361.755   249.679   -22.92   22.37
 -35074.041   240.853   -30.68   26.02
 -34786.350   233.093   -26.97   27.39
 -34498.681   228.871   -14.68   26.45
 -34211.036   225.147   -12.94   25.88
 -33923.413   223.614    -5.33   26.78
 -33635.814   224.126     1.78   27.94
 -33348.237   224.041    -0.30   30.36
 -33060.683   220.857   -11.07   31.57
 -32773.151   214.228   -23.05   31.54
 -32485.643   209.827   -15.31   30.98
 -32198.157   205.786   -14.06   29.55
 -31910.695   203.093    -9.37   27.99
 -31623.255   201.891    -4.18   26.29
 -31335.838   202.857     3.36   26.57
 -31048.443   206.684    13.31   27.03
 -30761.072   209.824    10.93   25.56
 -30473.723   209.281    -1.89   22.33
 -30186.397   209.891     2.12   19.75
 -29899.094   209.694    -0.69   18.68
 -29611.813   208.388    -4.55   16.26
 -29324.556   206.257    -7.42   13.42
 -29037.321   203.993    -7.88   11.23
 -28750.109   201.390    -9.06   11.56
 -28462.919   197.562   -13.33   12.61
 -28175.752   194.770    -9.72   12.52
 -27888.609   193.412    -4.73   11.09
 -27601.487   190.977    -8.48    9.66
 -27314.389   188.582    -8.34    9.12
 -27027.313   186.218    -8.24    9.05
 -26740.260   182.582   -12.67    9.32
 -26453.230   178.479   -14.30    8.40
 -26166.222   174.694   -13.19    7.57
 -25879.237   170.814   -13.52    7.94
 -25592.275   166.898   -13.65    9.50
 -25305.335   161.881   -17.48   11.19
 -25018.419   156.122   -20.07   12.13
 -24731.524   152.061   -14.16   10.95
 -24444.653   149.145   -10.17    9.24
 -24157.804   147.520    -5.67    8.63
 -23870.978   145.260    -7.88    9.15
 -23584.174   141.969   -11.47   11.47
 -23297.393   138.326   -12.71   14.64
 -23010.635   131.659   -23.25   17.49
 -22723.899   122.825   -30.81   18.10
 -22437.186   113.785   -31.53   15.91
 -22150.496   105.749   -28.03   13.12
 -21863.828    99.349   -22.33   11.36
 -21577.183    92.905   -22.48   11.31
 -21290.560    87.371   -19.31   12.06
 -21003.960    81.405   -20.81   12.51
 -20717.383    75.635   -20.14   13.19
 -20430.828    69.082   -22.87   12.89
 -20144.296    63.231   -20.42   10.86
 -19857.787    58.561   -16.30    8.01
 -19571.299    55.665   -10.11    5.51
 -19284.835    54.041    -5.67    2.92
 -18998.393    53.819    -0.77    1.92
 -18711.974    54.850     3.60    2.81
 -18425.577    56.408     5.44    3.74
 -18139.203    58.457     7.16    4.62
 -17852.851    60.809     8.21    5.57
 -17566.522    64.381    12.48    7.36
 -17280.215    69.412    17.57    9.36
 -16993.931    75.030    19.63   11.67
 -16707.669    81.530    22.71   13.30
 -16421.430    88.232    23.41   13.42
 -16135.213    95.414    25.09   13.02
 -15849.019   102.057    23.21   11.78
 -15562.848   107.417    18.73   11.81
 -15276.698   114.159    23.56   12.81
 -14990.572   119.228    17.72   13.00
 -14704.468   123.041    13.33   12.50
 -14418.386   124.308     4.43   13.02
 -14132.327   125.449     3.99   12.61
 -13846.290   126.694     4.35   12.04
 -13560.275   128.117     4.97   12.21
 -13274.283   131.112    10.47   13.94
 -12988.314   134.747    12.71   15.53
 -12702.367   139.562    16.84   16.71
 -12416.442   145.595    21.10   15.94
 -12130.540   151.801    21.71   13.53
 -11844.660   158.745    24.29   10.23
 -11558.803   163.605    17.00    8.47
 -11272.968   166.530    10.23    7.69
 -10987.156   168.051     5.32    7.44
 -10701.365   166.885    -4.08    9.46
 -10415.598   163.426   -12.10   12.46
 -10129.852   158.031   -18.88   15.56
  -9844.129   152.704   -18.64   16.11
  -9558.429   148.061   -16.25   14.24
  -9272.750   146.041    -7.07   12.33
  -8987.095   145.408    -2.21   11.58
  -8701.461   145.041    -1.29   11.81
  -8415.850   144.728    -1.09   12.40
  -8130.261   144.694    -0.12   13.14
  -7844.695   143.685    -3.53   12.43
  -7559.150   143.353    -1.16   12.16
  -7273.629   142.793    -1.96   11.95
  -6988.129   144.030     4.33   12.82
  -6702.652   145.307     4.47   14.16
  -6417.197   145.510     0.71   16.15
  -6131.765   142.179   -11.67   21.30
  -5846.354   130.813   -39.83   31.37
  -5560.966   114.036   -58.79   43.58
  -5275.601    90.530   -82.37   53.30
  -4990.257    67.438   -80.93   55.37
  -4704.936    44.735   -79.57   50.00
  -4419.637    27.291   -61.14   40.88
  -4134.361    12.224   -52.81   26.22
  -3849.106     2.122   -35.41    9.95
  -3563.874    -0.459    -9.05    0.00
  -3278.665    -0.459     0.00    0.00
  -2993.477    -0.459     0.00    0.00
  -2708.312    -0.459     0.00    0.00
  -2423.169    -0.459     0.00    0.00
  -2138.048    -0.459     0.00    0.00
  -1852.949    -0.459     0.00    0.00
  -1567.873    -0.459     0.00    0.00
  -1282.819    -0.459     0.00    0.00
   -997.787    -0.459     0.00    0.00
   -712.777    -0.459     0.00    0.00
   -427.789    -0.459     0.00    0.00
   -142.824    -0.459     0.00    0.00
    142.119    -0.459     0.00    0.00
    427.040    -0.459     0.00    0.00
    711.939    -0.459     0.00    0.00
    996.816    -0.459     0.00    0.00
   1281.670    -0.459     0.00    0.00
   1566.503    -0.459     0.00    0.00
   1851.313    -0.459     0.00    0.00
   2136.101    -0.459     0.00    0.00
   2420.867    -0.459     0.00    0.00
   2705.611    -0.459     0.00    0.00
   2990.332    -0.459     0.00    0.00
   3275.032    -0.459     0.00    0.00
   3561.227    -0.459     0.00    0.00
   3850.783    -0.459     0.00    0.00
   4140.315    -0.091     1.27    1.35
   4429.825     0.785     3.03    2.53
   4719.311     1.853     3.69    3.17
   5008.773     3.328     5.10    3.92
   5298.213     4.788     5.04    4.07
   5587.629     6.330     5.33    3.98
   5877.022     8.332     6.92    3.75
   6166.391     9.676     4.64    4.37
   6455.737    11.898     7.68    5.98
   6745.060    14.673     9.59    6.41
   7034.360    17.293     9.06    5.98
   7323.637    19.145     6.40    4.56
   7612.890    20.067     3.19    3.68
   7902.120    20.439     1.29    2.98
   8191.326    20.322    -0.40    2.81
   8480.510    19.745    -2.00    2.62
   8769.670    19.056    -2.38    2.66
   9058.807    18.572    -1.68    3.25
   9347.921    18.438    -0.46    3.57
   9637.012    18.490     0.18    3.49
   9926.079    18.489    -0.00    3.22
  10215.123    18.385    -0.36    2.95
  10504.144    18.369    -0.05    2.55
  10793.142    18.433     0.22    2.04
  11082.116    18.722     1.00    1.71
  11371.068    19.003     0.97    1.57
  11659.996    19.530     1.82    1.63
  11948.901    20.068     1.86    1.39
  12237.783    20.499     1.49    1.36
  12526.642    20.842     1.19    1.07
  12815.478    20.799    -0.15    1.06
  13104.290    20.667    -0.46    1.10
  13393.079    20.299    -1.28    1.31
  13681.846    19.799    -1.73    1.36
  13970.589    19.260    -1.87    1.53
  14259.309    18.541    -2.49    1.70
  14548.005    17.989    -1.91    1.73
  14836.679    17.103    -3.07    1.80
  15125.330    16.655    -1.55    1.63
  15413.957    16.479    -0.61    1.54
  15702.562    16.819     1.18    1.92
  15991.143    17.843     3.55    2.91
  16279.701    19.232     4.81    3.89
  16568.237    20.755     5.28    4.27
  16856.749    22.470     5.94    4.15
  17145.238    24.270     6.24    3.70
  17433.704    25.541     4.41    3.29
  17722.147    27.046     5.22    2.96
  18010.567    28.345     4.50    2.95
  18298.964    29.551     4.18    3.07
  18587.338    30.424     3.03    2.79
  18875.689    30.380    -0.15    3.75
  19164.016    29.520    -2.98    4.78
  19452.321    27.030    -8.64    6.97
  19740.603    23.903   -10.85    8.07
  20028.862    20.732   -11.00    7.91
  20317.098    19.187    -5.36    6.88
  20605.310    18.175    -3.51    6.18
  20893.500    19.711     5.33    7.86
  21181.667    22.530     9.78   10.41
  21469.811    26.992    15.49   12.28
  21757.932    32.089    17.69   12.53
  22046.030    37.082    17.33   12.31
  22334.105    41.193    14.27   11.58
  22622.157    45.082    13.50   10.77
  22910.186    49.114    14.00    9.93
  23198.192    52.301    11.07    8.81
  23486.175    54.796     8.66    7.71
  23774.136    57.187     8.30    5.60
  24062.073    59.036     6.42    3.36
  24349.988    59.562     1.83    2.52
  24637.879    59.662     0.35    2.39
  24925.748    59.098    -1.96    2.80
  25213.593    58.197    -3.13    2.99
  25501.416    57.293    -3.14    3.24
  25789.216    56.562    -2.54    3.43
  26076.993    55.775    -2.73    4.11
  26364.748    55.036    -2.57    4.72
  26652.479    55.240     0.71    4.79
  26940.187    55.734     1.72    4.89
  27227.873    56.846     3.86    4.81
  27515.536    58.030     4.12    4.71
  27803.176    59.261     4.28    4.34
  28090.793    60.817     5.41    4.16
  28378.387    62.749     6.72    3.49
  28665.959    64.025     4.44    3.05
  28953.507    64.839     2.83    2.82
  29241.033    65.728     3.09    2.69
  29528.536    66.571     2.93    2.43
  29816.016    67.062     1.71    2.19
  30103.474    66.939    -0.43    2.67
  30390.908    66.614    -1.13    3.20
  30678.320    66.378    -0.82    3.65
  30965.709    65.592    -2.73    4.03
  31253.075    64.757    -2.91    4.10
  31540.419    64.603    -0.54    4.03
  31827.739    64.149    -1.58    3.85
  32115.037    63.666    -1.68    3.81
  32402.312    62.926    -2.57    3.96
  32689.565    62.324    -2.10    4.03
  32976.795    61.711    -2.14    3.73
  33264.002    61.520    -0.67    3.13
  33551.186    61.772     0.88    3.36
  33838.347    62.606     2.90    3.35
  34125.486    63.605     3.48    3.21
  34412.602    64.468     3.00    2.88
  34699.696    64.796     1.14    2.74
  34986.766    64.889     0.32    2.75
  35273.814    64.562    -1.14    2.99
  35560.839    63.920    -2.24    3.31
  35847.842    63.347    -1.99    3.38
  36134.822    62.762    -2.04    3.38
  36421.779    62.418    -1.20    3.33
  36708.714    62.366    -0.18    2.88
  36995.626    62.118    -0.86    2.73
  37282.515    61.943    -0.61    2.64
  37569.381    61.697    -0.86    2.64
  37856.225    61.201    -1.73    2.54
  38143.047    60.694    -1.77    2.39
  38429.845    59.770    -3.22    2.32
  38716.621    58.770    -3.49    2.71
  39003.375    57.520    -4.36    3.31
  39290.106    55.155    -8.25    4.68
  39576.814    52.374    -9.70    6.10
  39863.499    49.067   -11.53    6.86
  40150.162    45.288   -13.18    7.47
  40436.803    40.977   -15.04    8.07
  40723.421    36.593   -15.30    8.52
  41010.016    31.943   -16.22    8.73
  41296.589    27.444   -15.70    9.03
  41583.139    23.094   -15.18    8.23
  41869.666    19.392   -12.92    7.59
  42156.171    16.171   -11.24    5.89
  42442.653    13.272   -10.12    3.52
  42729.113    11.899    -4.79    2.71
  43015.551    10.623    -4.45    2.53
  43301.965     9.675    -3.31    2.49
  43588.358     8.933    -2.59    2.26
  43874.727     8.176    -2.64    2.25
  44161.075     7.458    -2.51    2.27
  44447.399     6.551    -3.17    2.20
  44733.701     6.114    -1.53    2.11
  45019.981     5.739    -1.31    2.15
  45306.238     5.562    -0.62    2.20
  45592.473     5.301    -0.91    2.41
  45878.685     5.520     0.76    2.43
  46164.875     6.172     2.28    3.08
  46451.042     7.123     3.32    3.41
  46737.187     8.243     3.91    3.82
  47023.309     9.614     4.79    3.73
  47309.409    11.143     5.34    3.54
  47595.486    12.736     5.57    2.90
  47881.541    13.857     3.92    2.54
  48167.574    14.988     3.95    2.63
  48453.584    16.497     5.28    3.28
  48739.571    18.605     7.37    4.66
  49025.536    21.094     8.70    5.95
  49311.479    24.072    10.41    6.82
  49597.400    27.103    10.60    6.95
  49883.298    30.376    11.45    6.58
  50169.173    32.864     8.70    5.81
  50455.026    35.218     8.24    4.89
  50740.857    36.978     6.16    4.40
  51026.665    38.447     5.14    4.03
  51312.451    39.749     4.56    3.52
  51598.215    40.270     1.82    3.31
  51883.956    40.187    -0.29    3.62
  52169.675    39.658    -1.85    4.18
  52455.372    38.562    -3.83    4.55
  52741.046    37.244    -4.61    4.61
  53026.698    35.992    -4.38    4.58
  53312.327    35.088    -3.17    4.61
  53597.934    34.323    -2.68    4.26
  53883.519    33.304    -3.57    3.80
  54169.082    32.381    -3.23    4.04
  54454.622    31.762    -2.17    3.98
  54740.140    31.747    -0.05    3.88
  55025.635    32.257     1.78    4.02
  55311.108    32.814     1.95    4.11
  55596.559    33.796     3.44    4.87
  55881.988    35.082     4.50    5.31
  56167.394    36.489     4.93    5.30
  56452.779    37.510     3.58    5.34
  56738.140    38.984     5.16    5.49
  57023.480    40.706     6.03    6.30
  57308.797    43.385     9.39    7.19
  57594.092    45.718     8.18    7.92
  57879.365    48.718    10.52    8.20
  58164.616    52.754    14.15    8.18
  58449.844    56.225    12.17    8.99
  58735.050    60.626    15.43    9.03
  59020.234    64.244    12.69    8.57
  59305.395    67.519    11.48    7.74
  59590.535    69.989     8.66    6.92
  59875.652    72.275     8.02    5.90
  60160.747    74.266     6.98    5.57
  60445.819    75.307     3.65    5.34
  60730.870    75.645     1.19    4.72
  61015.898    75.343    -1.06    4.88
  61300.905    74.291    -3.69    5.29
  61585.889    72.457    -6.43    6.12
  61870.850    70.355    -7.38    5.77
  62155.790    68.385    -6.92    4.49
  62440.707    67.541    -2.96    3.30
  62725.603    67.520    -0.07    3.36
  63010.476    68.489     3.40    3.89
  63295.327    70.716     7.82    4.61
  63580.156    73.299     9.07    5.20
  63864.963    76.137     9.96    5.98
  64149.747    79.035    10.18    6.32
  64434.510    82.160    10.97    5.73
  64719.250    83.745     5.57    5.28
  65003.968    84.360     2.16    5.83
  65288.664    83.175    -4.16    7.84
  65575.861    80.258   -10.16   10.05
  65865.426    76.381   -13.39   11.26
  66154.968    72.105   -14.77   11.26
  66444.486    67.706   -15.19   11.27
  66733.981    63.530   -14.42   12.16
  67023.453    59.413   -14.22   13.64
  67312.901    53.962   -18.83   14.95
  67602.326    48.846   -17.67   15.56
  67891.728    42.562   -21.71   14.49
  68181.107    37.416   -17.78   12.03
  68470.463    32.353   -17.49    8.26
  68759.795    28.551   -13.14    5.26
  69049.104    25.864    -9.29    4.43
  69338.389    23.968    -6.55    3.93
  69627.652    22.204    -6.10    3.94
  69916.891    20.478    -5.97    3.84
  70206.107    18.989    -5.15    3.66
  70495.300    17.634    -4.69    3.28
  70784.470    16.036    -5.53    2.90
  71073.616    14.840    -4.14    2.55
  71362.739    13.687    -3.99    2.80
  71651.839    12.395    -4.47    3.49
  71940.916    10.791    -5.55    4.05
  72229.970     8.999    -6.20    4.50
  72519.001     7.126    -6.48    4.40
  72808.008     5.436    -5.85    3.86
  73096.992     4.464    -3.36    2.81
  73385.953     3.966    -1.72    2.28
  73674.891     3.552    -1.44    2.09
  73963.806     3.347    -0.71    2.29
  74252.698     3.409     0.21    2.52
  74541.566     3.713     1.05    2.66
  74830.412     4.393     2.36    3.16
  75119.234     5.487     3.79    3.38
  75408.033     5.724     0.82    3.35
  75696.809     5.658    -0.23    3.26
  75985.562     5.371    -0.99    3.25
  76274.292     4.939    -1.50    3.04
  76562.999     4.454    -1.68    2.68
  76851.682     3.903    -1.91    2.23
  77140.343     3.541    -1.25    1.49
  77428.981     3.552     0.04    1.35
  77717.595     3.530    -0.07    1.37
  78006.187     3.572     0.15    1.28
  78294.755     3.457    -0.40    1.19
  78583.300     3.583     0.43    1.22
  78871.823     3.728     0.50    1.21
  79160.322     4.062     1.16    1.21
  79448.798     4.345     0.98    1.30
  79737.251     4.822     1.65    1.49
  80025.682     5.252     1.49    1.49
  80314.089     5.871     2.14    1.57
  80602.473     6.416     1.89    1.77
  80890.834     7.355     3.26    2.17
  81179.172     8.478     3.89    2.70
  81467.488     9.864     4.80    3.37
  81755.780    11.645     6.18    3.91
  82044.049    13.583     6.72    4.03
  82332.295    15.467     6.54    3.71
  82620.519    17.183     5.95    3.26
  82908.719    18.593     4.89    2.91
  83196.896    19.807     4.21    2.60
  83485.051    21.030     4.25    3.00
  83773.182    22.804     6.16    4.05
  84061.291    25.182     8.25    4.96
  84349.377    27.433     7.81    5.10
  84637.439    28.604     4.06    5.01
  84925.479    29.121     1.80    5.70
  85213.496    29.046    -0.26    6.48
  85501.490    28.182    -3.00    6.87
  85789.461    27.583    -2.08    6.68
  86077.409    27.154    -1.49    5.97
  86365.335    27.363     0.73    5.57
  86653.237    29.670     8.01    7.10
  86941.117    32.823    10.95    7.86
  87228.973    36.151    11.56    8.05
  87516.807    39.401    11.29    7.13
  87804.618    42.093     9.35    6.63
  88092.406    44.510     8.40    6.19
  88380.172    46.801     7.96    5.46
  88667.914    48.386     5.51    4.60
  88955.633    49.114     2.53    3.92
  89243.330    49.395     0.98    3.87
  89531.004    49.562     0.58    3.72
  89818.655    49.562     0.00    3.86
  90106.284    49.902     1.18    3.84
  90393.889    50.551     2.26    3.84
  90681.472    51.176     2.17    3.63
  90969.032    52.118     3.28    3.48
  91256.569    53.458     4.66    3.44
  91544.083    54.172     2.48    3.18
  91831.574    54.145    -0.10    3.60
  92119.043    54.381     0.82    3.84
  92406.489    54.423     0.14    3.96
  92693.912    54.204    -0.76    4.04
  92981.313    54.421     0.76    3.71
  93268.690    55.291     3.03    3.73
  93556.045    56.939     5.73    3.95
  93843.378    59.009     7.20    3.85
  94130.687    60.823     6.32    3.97
  94417.974    63.025     7.66    4.02
  94705.238    65.261     7.79    4.14
  94992.479    67.971     9.43    4.74
  95279.698    70.584     9.10    5.00
  95566.894    73.573    10.41    5.28
  95854.067    76.082     8.74    5.36
  96141.217    79.260    11.06    5.71
  96428.345    82.109     9.92    5.45
  96715.450    84.857     9.57    4.94
  97002.533    87.207     8.19    4.57
  97289.593    89.322     7.37    4.08
  97576.630    91.530     7.69    3.74
  97863.644    93.320     6.23    3.12
  98150.636    94.386     3.72    2.62
  98437.605    94.963     2.01    2.12
  98724.552    95.197     0.81    1.90
  99011.475    94.720    -1.66    2.35
  99298.377    93.697    -3.56    2.90
  99585.255    92.499    -4.18    2.95
  99872.111    91.446    -3.67    2.73
 100158.945    90.520    -3.23    2.58
 100445.755    89.966    -1.93    2.56
 100732.544    89.638    -1.15    2.73
 101019.309    89.189    -1.56    3.15
 101306.052    88.508    -2.37    4.02
 101592.773    87.041    -5.12    5.42
 101879.470    84.820    -7.74    6.76
 102166.146    82.247    -8.97    7.10
 102452.798    79.606    -9.21    6.23
 102739.428    77.615    -6.94    4.72
 103026.036    76.186    -4.99    3.78
 103312.621    75.695    -1.71    3.94
 103599.183    76.014     1.11    4.91
 103885.723    76.860     2.95    5.54
 104172.241    78.604     6.09    6.30
 104458.735    80.572     6.87    7.08
 104745.208    83.041     8.62    7.75
 105031.658    85.280     7.82    7.89
 105318.085    88.135     9.96    7.36
 105604.490    90.749     9.13    6.42
 105890.872    92.825     7.25    4.90
 106177.232    93.902     3.76    3.65
 106463.569    93.994     0.32    3.20
 106749.884    93.093    -3.15    3.94
 107036.176    90.814    -7.96    5.57
 107322.446    87.780   -10.60    6.56
 107608.693    85.520    -7.90    6.39
 107894.918    83.488    -7.10    5.78
 108181.121    81.466    -7.06    6.38
 108467.301    80.172    -4.52    7.16
 108753.458    78.992    -4.12    7.63
 109039.593    79.387     1.38    7.66
 109325.706    79.659     0.95    7.22
 109611.796    79.094    -1.98    6.94
 109897.864    78.466    -2.19    6.86
 110183.909    77.810    -2.30    7.31
 110469.932    76.454    -4.74    8.11
 110755.933    74.853    -5.60    8.55
 111041.911    72.702    -7.52    8.05
 111327.867    72.100    -2.11    7.58
 111613.800    71.236    -3.02    6.98
 111899.711    70.457    -2.72    6.56
 112185.600    70.197    -0.91    6.64
 112471.466    69.309    -3.11    6.77
 112757.310    68.405    -3.16    6.36
 113043.132    66.933    -5.15    5.83
 113328.931    65.343    -5.56    5.74
 113614.708    63.657    -5.90    5.81
 113900.462    61.957    -5.95    6.20
 114186.194    59.770    -7.66    6.73
 114471.904    56.697   -10.75    7.44
 114757.592    52.937   -13.16    7.27
 115043.257    49.183   -13.14    6.73
 115328.900    46.267   -10.21    6.55
 115614.520    43.250   -10.56    6.51
 115900.118    39.917   -11.67    5.99
 116185.694    37.352    -8.98    4.99
 116471.248    35.143    -7.73    4.23
 116756.779    33.413    -6.06    3.46
 117042.288    32.139    -4.46    2.52
 117327.775    31.130    -3.53    1.83
 117613.240    31.530     1.40    3.17
 117898.682    33.236     5.98    5.94
 118184.102    36.817    12.55    9.53
 118469.500    41.030    14.76   11.72
 118754.875    45.770    16.61   12.44
 119040.228    50.593    16.90   11.21
 119325.559    54.864    14.97    7.87
 119610.868    57.414     8.94    4.86
 119896.154    57.530     0.41    5.02
 120181.419    56.153    -4.83    6.22
 120466.661    53.780    -8.32    7.19
 120751.881    50.393   -11.87    7.27
 121037.078    47.200   -11.19    6.45
 121322.254    44.207   -10.49    5.29
 121607.407    41.928    -7.99    4.26
 121892.538    40.162    -6.19    3.49
 122177.647    38.530    -5.72    3.24
 122462.733    37.154    -4.83    3.16
 122747.798    35.810    -4.71    3.04
 123032.840    34.530    -4.49    2.99
 123317.861    33.358    -4.11    2.83
 123602.859    32.296    -3.73    2.70
 123887.834    31.121    -4.12    2.43
 124172.788    30.258    -3.03    2.30
 124457.720    29.365    -3.13    1.96
 124742.629    28.638    -2.55    2.01
 125027.516    27.977    -2.32    1.85
 125312.382    27.582    -1.38    1.60
 125597.225    27.393    -0.66    1.53
 125882.046    27.288    -0.37    1.52
 126166.844    27.207    -0.28    1.59
 126451.621    27.109    -0.34    1.93
 126736.376    26.828    -0.99    2.27
 127021.108    26.301    -1.85    2.43
 127305.819    25.562    -2.60    2.48
 127594.070    24.614    -3.29    2.36
 127883.627    23.695    -3.17    2.21
 128173.161    22.899    -2.75    2.03
 128462.672    22.187    -2.46    1.81
 128752.159    21.700    -1.68    1.59
 129041.623    21.190    -1.76    1.35
 129331.064    20.864    -1.13    1.20
 129620.482    20.658    -0.71    1.16
 129909.877    20.488    -0.59    1.11
 130199.248    20.455    -0.12    1.01
 130488.596    20.466     0.04    1.01
 130777.921    20.584     0.41    1.06
 131067.222    20.711     0.44    1.05
 131356.501    20.823     0.39    1.03
 131645.756    20.947     0.43    1.04
 131934.988    21.003     0.19    1.04
 132224.197    21.154     0.52    1.04
 132513.383    21.089    -0.22    1.07
 132802.546    21.019    -0.24    1.06
 133091.685    21.008    -0.04    1.07
 133380.801    20.998    -0.03    1.06
 133669.895    20.813    -0.64    1.02
 133958.965    20.827     0.05    1.05
 134248.011    20.780    -0.16    1.13
 134537.035    20.732    -0.16    1.20
 134826.036    20.638    -0.33    1.23
 135115.013    20.519    -0.41    1.24
 135403.968    20.693     0.60    1.27
 135692.899    20.769     0.26    1.22
 135981.807    20.913     0.50    1.30
 136270.693    20.903    -0.03    1.38
 136559.555    20.845    -0.20    1.34
 136848.394    20.700    -0.50    1.19
 137137.210    20.690    -0.04    1.02
 137426.002    20.678    -0.04    1.00
 137714.772    20.796     0.41    1.10
 138003.519    20.853     0.20    1.03
 138292.243    20.947     0.33    1.05
 138580.943    21.014     0.23    1.15
 138869.621    21.130     0.40    1.13
 139158.275    21.257     0.44    1.07
 139446.907    21.530     0.95    1.25
 139735.515    21.760     0.79    1.45
 140024.101    21.956     0.68    1.50
 140312.663    22.339     1.33    1.58
 140601.203    22.644     1.06    1.63
 140889.719    22.912     0.93    1.56
 141178.213    23.172     0.90    1.45
 141466.683    23.498     1.13    1.49
 141755.131    24.135     2.21    1.39
 142043.555    24.260     0.43    1.36
 142331.957    24.383     0.43    1.41
 142620.336    24.520     0.47    1.42
 142908.691    24.756     0.82    1.45
 143197.024    24.972     0.75    1.44
 143485.334    25.124     0.53    1.37
 143773.621    25.293     0.59    1.35
 144061.885    25.467     0.60    1.38
 144350.125    25.659     0.67    1.35
 144638.344    26.175     1.79    1.40
 144926.539    26.619     1.54    1.52
 145214.711    27.041     1.47    1.63
 145502.860    27.552     1.77    1.60
 145790.987    28.035     1.68    1.51
 146079.090    28.552     1.79    1.68
 146367.171    29.123     1.98    1.67
 146655.229    29.465     1.19    1.88
 146943.263    29.956     1.70    2.02
 147231.275    30.606     2.26    2.41
 147519.265    31.419     2.82    2.73
 147807.231    32.497     3.75    2.85
 148095.174    33.250     2.62    3.18
 148383.095    34.105     2.97    3.30
 148670.993    35.119     3.52    3.30
 148958.867    35.831     2.47    3.37
 149246.720    36.126     1.02    3.45
 149534.549    36.175     0.17    3.45
 149822.355    36.267     0.32    3.28
 150110.139    36.962     2.41    3.26
 150397.900    37.702     2.57    3.51
 150685.638    38.635     3.24    3.95
 150973.353    40.062     4.96    4.19
 151261.045    41.530     5.10    3.83
 151548.715    42.993     5.09    3.37
 151836.362    43.999     3.50    3.42
 152123.986    44.791     2.75    3.67
 152411.587    45.341     1.91    3.92
 152699.166    45.711     1.29    4.04
 152986.722    46.072     1.26    4.04
 153274.255    46.624     1.92    4.19
 153561.765    47.309     2.38    4.29
 153849.253    47.078    -0.81    4.43
 154136.717    46.625    -1.57    4.80
 154424.159    45.853    -2.68    5.13
 154711.579    45.072    -2.72    4.77
 154998.976    44.863    -0.73    4.58
 155286.349    44.793    -0.24    4.40
 155573.701    45.317     1.82    4.73
 155861.029    46.068     2.61    4.84
 156148.335    47.285     4.24    5.05
 156435.618    48.409     3.91    4.75
 156722.879    49.164     2.63    4.40
 157010.117    50.046     3.07    4.18
 157297.332    50.943     3.12    3.70
 157584.524    51.585     2.23    3.51
 157871.694    52.682     3.82    3.66
 158158.841    53.971     4.49    3.67
 158445.966    55.367     4.86    3.69
 158733.068    56.607     4.32    3.83
 159020.147    58.063     5.07    3.77
 159307.204    59.649     5.53    3.90
 159594.238    61.143     5.20    3.70
 159881.249    62.399     4.38    3.04
 160168.238    62.980     2.02    2.94
 160455.204    62.369    -2.13    4.04
 160742.147    61.168    -4.18    5.06
 161029.068    59.228    -6.76    5.82
 161315.967    57.390    -6.41    5.44
 161602.842    55.939    -5.06    4.88
 161889.696    54.853    -3.78    4.61
 162176.526    54.239    -2.14    4.81
 162463.334    53.939    -1.05    4.87
 162750.120    53.956     0.06    4.51
 163036.883    54.114     0.55    3.99
 163323.623    53.603    -1.78    3.85
 163610.341    52.962    -2.24    3.74
 163897.036    52.498    -1.62    3.99
 164183.709    51.920    -2.02    4.20
 164470.359    51.082    -2.92    4.27
 164756.987    50.078    -3.50    4.31
 165043.592    48.885    -4.16    3.87
 165330.175    48.094    -2.76    3.67
 165616.735    47.132    -3.36    3.32
 165903.272    45.899    -4.30    3.14
 166189.788    44.991    -3.17    3.05
 166476.280    44.207    -2.74    2.89
 166762.750    43.369    -2.93    2.80
 167049.198    42.466    -3.15    2.36
 167335.623    41.823    -2.24    1.78
 167622.026    41.541    -0.99    1.48
 167908.406    41.432    -0.38    1.40
 168194.764    41.337    -0.33    1.16
 168481.100    41.369     0.11    0.93
 168767.413    41.486     0.41    0.94
 169053.703    41.641     0.54    0.85
 169339.971    41.949     1.08    1.33
 169626.217    42.530     2.03    2.09
 169912.440    43.141     2.13    2.48
 170198.641    44.014     3.05    2.99
 170484.819    45.036     3.57    3.38
 170770.975    46.582     5.41    3.88
 171057.109    48.582     6.99    4.16
 171343.220    50.903     8.11    4.49
 171629.309    53.326     8.47    4.49
 171915.375    55.751     8.48    4.60
 172201.419    58.000     7.86    4.64
 172487.441    60.051     7.17    4.38
 172773.440    61.730     5.87    3.77
 173059.417    62.690     3.35    3.30
 173345.372    62.874     0.64    3.53
 173631.304    61.968    -3.17    4.69
 173917.214    60.414    -5.43    5.81
 174203.101    58.240    -7.61    6.28
 174488.966    55.983    -7.89    5.93
 174774.809    53.998    -6.94    5.30
 175060.630    52.315    -5.89    3.96
 175346.428    51.241    -3.76    2.75
 175632.204    50.859    -1.33    1.67
 175917.958    51.250     1.37    1.79
 176203.689    52.347     3.84    3.14
 176489.398    53.791     5.05    4.42
 176775.085    56.196     8.42    6.22
 177060.749    59.280    10.79    7.54
 177346.391    62.100     9.87    7.94
 177632.011    64.681     9.03    7.90
 177917.609    66.852     7.60    7.34
 178203.184    67.932     3.78    7.86
 178488.737    68.412     1.68    8.93
 178774.268    67.648    -2.67    9.85
 179059.777    66.583    -3.73    9.84
 179345.263    66.014    -1.99    9.42
 179630.727    66.906     3.13    9.31
 179916.169    67.624     2.51    9.07
 180201.589    68.593     3.40    8.94
 180486.986    70.807     7.75    9.73
 180772.361    75.658    17.00   15.01
 181057.714    79.654    14.00   18.44
 181343.045    81.239     5.55   18.31
 181628.354    82.648     4.94   17.07
 181913.640    85.261     9.16   17.08
 182198.905    85.783     1.83   13.80
 182484.147    87.143     4.77   11.14
 182769.367    88.734     5.58   10.22
 183054.564    91.313     9.04   10.28
 183339.740    93.519     7.73    9.76
 183624.893    95.584     7.24    8.89
 183910.025    97.204     5.68    7.46
 184195.134    97.497     1.03    6.52
 184480.221    96.662    -2.93    6.18
 184765.285    95.063    -5.61    6.70
 185050.328    91.949   -10.92    7.77
 185335.349    89.845    -7.38    7.96
 185620.347    88.739    -3.88    7.68
 185905.323    88.252    -1.71    7.95
 186190.278    89.051     2.81    8.70
 186475.210    90.896     6.47    9.58
 186760.120    94.089    11.21   10.05
 187045.008    97.360    11.48    9.68
 187329.874   100.051     9.45    9.11
 187614.717   102.593     8.92    8.25
 187899.539   104.332     6.10    7.53
 188184.339   106.126     6.30    6.85
 188469.116   107.756     5.72    5.94
 188753.872   109.690     6.79    5.90
 189038.605   112.020     8.18    6.26
 189323.316   114.082     7.24    7.10
 189612.624   116.371     7.91    9.38
 189902.196   118.115     6.02   10.94
 190191.745   118.143     0.10   13.01
 190481.270   116.562    -5.46   14.29
 190770.773   114.254    -7.97   14.48
 191060.252   112.956    -4.48   13.96
 191349.708   110.679    -7.86   11.77
 191639.141   108.476    -7.61   10.01
 191928.550   107.741    -2.54    9.10
 192217.937   108.312     1.97    9.03
 192507.300   108.616     1.05    8.77
 192796.641   107.924    -2.39    8.85
 193085.958   106.304    -5.60    9.13
 193375.252   103.885    -8.36    9.20
 193664.522   101.240    -9.14    8.69
 193953.770    98.376    -9.90    7.46
 194242.995    95.928    -8.46    5.84
 194532.196    93.715    -7.65    5.15
 194821.374    91.423    -7.93    4.88
 195110.529    89.596    -6.31    4.69
 195399.662    88.196    -4.84    4.86
 195688.771    87.949    -0.85    6.02
 195977.857    88.376     1.48    7.64
 196266.919    88.813     1.51    8.98
 196555.959    89.019     0.71    9.70
 196844.976    88.619    -1.38    9.97
 197133.969    87.078    -5.33    9.86
 197422.940    84.226    -9.87    9.43
 197711.887    81.617    -9.03    9.54
 198000.812    79.330    -7.91    9.50
 198289.713    78.639    -2.39    9.67
 198578.592    77.998    -2.22   10.23
 198867.447    77.976    -0.08   10.89
 199156.279    77.630    -1.20   10.78
 199445.089    77.374    -0.88   10.18
 199733.875    75.932    -4.99    9.30
 200022.638    74.079    -6.42    8.66
 200311.379    70.820   -11.28    8.56
 200600.096    67.296   -12.20    8.88
 200888.790    63.396   -13.51    8.29
 201177.462    59.866   -12.23    6.89
 201466.110    56.878   -10.35    5.16
 201754.735    54.879    -6.93    4.68
 202043.338    53.629    -4.33    4.65
