#   26.187  -1.480   2.297 ;Mean Elev.(m), Avg Gradient(m/km), RMS Gradient(m/km) - SRTM1     
#   28.364  -1.309   3.345 ;Mean Elev.(m), Avg Gradient(m/km), RMS Gradient(m/km) - ASTER GDEM
#   23.632 -11.332  18.392 ;Mean Elev.(m), Avg Gradient(m/km), RMS Gradient(m/km) - GMTED2010 
   1  50.077085  53.197223   123.525   121.949  5 54664.56626129  4.747
   2  50.077137  53.197429    27.945    28.151  4 54674.48190593 23.496
   3  50.078200  53.198107    78.883    79.076  5 54684.39754928  5.916
   4  50.079596  53.199355    28.162    28.358  4 54694.31319123 23.727
   5  50.080441  53.199988    42.669    32.212  4 54704.22883075 14.841
   6  50.077952  53.197968    28.301    28.299  4 54714.14448169 29.805
   7  50.075478  53.195147    31.479    32.423  5 54724.06013256 20.715
   8  50.072178  53.193804    28.349    28.347  4 54733.97578075 30.102
   9  50.072068  53.193231    30.029    30.003  4 54743.89142765 43.587
  10  50.072527  53.193854    27.631    27.540  4 54753.80707397 23.205
  11  50.072249  53.194421   121.059   119.405  5 54763.72271951  6.233
  12  50.071269  53.193766   118.742   118.745  5 54773.63836257  7.011
  13  50.071242  53.192489    28.127    28.243  4 54783.55400318 28.753
  14  50.071502  53.193378    28.422    28.485  5 54793.46964145 21.085
  15  50.073434  53.196079    28.603    28.643  5 54803.38527876 21.043
  16  50.078491  53.196700    28.191    28.068  5 54813.30091647 22.910
  17  50.077906  53.197938    29.406    29.405  5 54823.21656001 52.962
  18  50.077019  53.195568    29.460    29.450  5 54833.13220074 48.348
  19  50.073401  53.195599    29.618    29.601  5 54843.04785063 37.707
  20  50.073954  53.194775    29.699    29.738  5 54852.96349983 34.210
  21  50.075799  53.194716    29.864    29.799  5 54862.87914863 36.044
  22  50.075347  53.195632    29.912    29.748  5 54872.79479688 33.429
  23  50.074487  53.195048    29.607    29.641  4 54882.71044321 30.714
  24  50.071162  53.194338    29.350    29.358  5 54892.62608601 29.399
  25  50.069768  53.192144    29.407    29.365  4 54902.54172653 26.552
  26  50.070326  53.191442    28.819    28.795  5 54912.45736570 28.541
  27  50.071048  53.193330    31.961    31.860  4 54922.37300364 26.251
  28  50.073213  53.195345    31.112    28.148  5 54932.28864100 19.558
  29  50.074953  53.196481    30.015    30.012  5 54942.20427679 25.676
  30  50.076967  53.195583    32.551    32.569  5 54952.11991111 33.238
  31  50.075289  53.194338    31.094    31.071  5 54962.03555372 51.854
  32  50.073266  53.194445    31.257    31.259  5 54971.95120217 48.784
  33  50.073608  53.195735    31.171    29.789  5 54981.86684941 24.789
  34  50.076980  53.195681    28.531    28.561  5 54991.78249679 29.182
  35  50.075578  53.196736    28.604    28.625  5 55001.69814295 25.283
  36  50.074723  53.196077    29.845    28.255  5 55011.61378768 21.367
  37  50.075607  53.194259    27.978    27.884  5 55021.52943134 22.968
  38  50.074511  53.195849    28.279    28.382  5 55031.44507339 22.082
  39  50.077225  53.196147    28.192    28.337  5 55041.36071539 25.449
  40  50.079178  53.197691    28.030    28.129  5 55051.27635570 22.759
  41  50.078897  53.198361    28.052    28.060  5 55061.19199380 24.110
  42  50.076053  53.196952    27.903    27.996  5 55071.10763607 25.676
  43  50.073894  53.193196    28.744    28.742  5 55081.02328547 37.575
  44  50.070526  53.192978    28.864    28.847  4 55090.93893230 29.418
  45  50.071553  53.192929    28.379    28.426  4 55100.85457867 30.408
  46  50.072805  53.194163    30.174    30.627  5 55110.77022434 23.609
  47  50.073215  53.194681    28.471    28.490  5 55120.68586817 30.248
  48  50.072158  53.193910    28.690    28.693  4 55130.60150938 28.764
  49  50.070661  53.192693    28.096    28.103  5 55140.51714872 29.465
  50  50.070506  53.193238    27.984    28.085  4 55150.43278717 29.165
  51  50.074720  53.194315    27.891    27.900  5 55160.34842601 25.433
  52  50.077408  53.197266    28.309    28.358  5 55170.26406405 19.829
  53  50.079547  53.198756    29.249    29.313  5 55180.17970098 46.368
  54  50.077355  53.197815    28.754    28.760  5 55190.09534871 29.748
  55  50.076179  53.195332    29.169    29.146  5 55200.01099953 24.493
  56  50.074665  53.195129    29.472    29.533  5 55209.92664909 28.948
  57  50.074942  53.195765    29.003    29.021  5 55219.84229812 20.038
  58  50.074232  53.195999    29.203    29.150  5 55229.75794613 18.907
  59  50.073216  53.195324    29.075    29.094  5 55239.67359107 18.971
  60  50.071503  53.193476    28.956    28.964  4 55249.58923256 16.527
  61  50.069182  53.192502    28.938    28.952  4 55259.50487165 16.398
  62  50.069873  53.192199    37.942    36.415  5 55269.42051029 15.507
  63  50.072130  53.193317    29.095    29.137  5 55279.33614877 20.299
  64  50.075023  53.194742    29.085    29.079  5 55289.25178601 37.857
  65  50.077271  53.195962    27.802    27.671  5 55299.16742084 26.194
  66  50.074011  53.196279    28.738    28.683  5 55309.08306472 21.169
  67  50.071951  53.194501    32.411    32.428  5 55318.99871089 33.825
  68  50.072197  53.193118    31.759    31.738  5 55328.91435602 34.335
  69  50.072670  53.194670    30.317    30.345  5 55338.83000013 32.857
  70  50.074405  53.196541    28.689    28.655  5 55348.74564391 31.841
  71  50.076099  53.197303    28.904    28.887  5 55358.66128598 22.594
  72  50.077482  53.196244    28.547    28.550  5 55368.57692623 24.309
  73  50.077499  53.195972    28.298    28.413  5 55378.49256484 22.119
  74  50.077380  53.197162    27.828    27.943  5 55388.40820255 23.269
  75  50.078591  53.198675    28.009    28.196  4 55398.32383945 20.976
  76  50.079193  53.198722    27.908    28.186  4 55408.23948451 24.951
  77  50.077529  53.196557    27.467    27.431  5 55418.15513574 26.603
  78  50.072888  53.195305    29.648    28.009  5 55428.07078307 23.038
  79  50.070781  53.193731    29.631    28.253  5 55437.98642787 20.976
  80  50.071598  53.192766    29.000    29.088  4 55447.90207135 28.200
  81  50.073276  53.193016    31.288    30.575  5 55457.81771433 22.753
  82  50.074050  53.194257    28.905    28.028  5 55467.73335634 26.467
  83  50.075464  53.194284    27.940    27.968  5 55477.64899534 27.512
  84  50.073728  53.195891    28.192    28.259  5 55487.56463072 20.381
  85  50.074953  53.195386    35.999    35.929  4 55497.48026459 21.811
  86  50.076561  53.195554    27.666    27.804  5 55507.39590200 29.602
  87  50.075765  53.195996    28.389    28.379  5 55517.31155242 25.826
  88  50.076076  53.196819    28.333    28.320  5 55527.22720200 29.903
  89  50.076277  53.196776    27.402    27.424  4 55537.14284972 27.838
  90  50.074759  53.196981    28.820    28.913  5 55547.05849496 51.464
  91  50.075916  53.195116    28.683    28.737  5 55556.97413888 41.665
  92  50.075759  53.195350    28.646    28.698  5 55566.88978135 25.823
  93  50.076234  53.195925    29.001    29.020  5 55576.80542305 25.323
  94  50.075807  53.196325    28.727    28.741  5 55586.72106273 26.793
  95  50.075391  53.196219    28.773    28.772  5 55596.63669935 21.244
  96  50.075231  53.196047    29.071    29.097  5 55606.55233308 19.945
  97  50.076440  53.196295    28.820    28.836  5 55616.46796495 15.393
  98  50.077165  53.196575    30.398    30.594  5 55626.38360801 13.613
  99  50.075739  53.196707    29.210    29.289  5 55636.29925997 26.473
 100  50.075791  53.195504    29.132    29.128  5 55646.21491023 26.274
 101  50.073954  53.194780    29.055    29.024  4 55656.13055745 23.732
 102  50.074089  53.193371    29.113    29.164  5 55666.04620044 33.209
 103  50.073078  53.194219    29.986    29.944  5 55675.96183987 48.383
 104  50.075655  53.194554   128.479   127.817  5 55685.87747780  6.313
 105  50.076804  53.197001    30.837    30.832  5 55695.79311403 37.523
 106  50.079678  53.198448    29.861    29.892  5 55705.70874930 26.953
 107  50.078597  53.198489    28.754    28.737  4 55715.62439766 21.050
 108  50.078300  53.196766    27.938    27.825  5 55725.54004663 23.998
 109  50.076539  53.196918    32.273    32.835  4 55735.45569341 22.154
 110  50.076969  53.196426    28.395    28.420  5 55745.37133931 22.569
 111  50.076644  53.196286    28.375    28.289  5 55755.28698341 20.847
 112  50.075611  53.196000    31.089    32.248  5 55765.20262512 24.187
 113  50.073493  53.195892    33.298    32.446  5 55775.11826384 24.590
 114  50.074002  53.194661    29.664    27.713  4 55785.03389981 29.076
 115  50.076220  53.195276    32.773    32.348  5 55794.94953333 22.161
 116  50.077270  53.197530    29.074    29.008  4 55804.86517120 30.295
 117  50.077458  53.197654    34.745    35.177  5 55814.78082033 21.619
 118  50.076512  53.196964    29.631    28.535  4 55824.69646711 23.948
 119  50.074756  53.196396    31.692    32.833  5 55834.61210922 24.930
 120  50.074171  53.196157    28.047    28.153  5 55844.52774769 24.974
 121  50.075507  53.197453    28.736    28.755  5 55854.44338331 27.525
 122  50.077682  53.198911    28.225    28.255  5 55864.35902203 19.826
 123  50.077205  53.198726    27.753    27.737  5 55874.27467563 28.474
 124  50.077721  53.197895    27.852    27.827  5 55884.19032401 24.049
 125  50.077445  53.197784    28.642    28.558  5 55894.10596605 29.422
 126  50.078056  53.198313    29.674    29.701  4 55904.02160258 41.310
 127  50.079019  53.198739    29.029    29.034  4 55913.93724177 33.829
 128  50.078636  53.197029    29.213    29.218  5 55923.85289594 30.561
 129  50.076381  53.197047    28.788    28.738  5 55933.76854652 22.050
 130  50.075629  53.194826    29.405    29.454  5 55943.68419310 25.129
 131  50.073596  53.193163    29.193    29.226  5 55953.59983519 24.423
 132  50.071957  53.192955    29.091    29.077  5 55963.51547416 19.042
 133  50.072047  53.194675    28.845    28.824  5 55973.43111134 17.093
 134  50.075696  53.196689    28.569    28.565  5 55983.34674771 16.526
 135  50.079631  53.198280    28.897    28.951  5 55993.26238221 17.297
 136  50.077602  53.197378    28.766    28.737  4 56003.17803189 19.393
 137  50.074242  53.194902    28.971    28.839  4 56013.09368149 13.842
 138  50.071923  53.193501    28.656    28.634  5 56023.00932755 31.321
 139  50.072250  53.194139    28.472    28.480  5 56032.92497076 24.195
 140  50.075857  53.195586    29.802    29.848  5 56042.84061194 49.053
 141  50.078132  53.197738    32.187    32.207  4 56052.75625026 32.378
 142  50.078399  53.199725    31.678    31.656  5 56062.67188533 30.222
 143  50.079152  53.198313    30.232    30.244  5 56072.58752614 25.585
 144  50.075839  53.197396    39.414    36.689  5 56082.50317614 20.873
 145  50.075946  53.196421    28.834    28.592  5 56092.41882408 20.733
 146  50.076569  53.197003    28.994    29.022  5 56102.33446961 21.324
 147  50.077656  53.196324    28.746    28.767  5 56112.25010107 27.976
 148  50.075795  53.196603    28.315    28.300  5 56122.16574007 26.804
 149  50.076289  53.194861    28.903    28.833  5 56132.08137577 37.842
 150  50.075720  53.194691    28.942    28.964  5 56141.99701203 41.951
 151  50.073893  53.194970    27.371    27.296  5 56151.91266254 32.247
 152  50.075186  53.195690    30.744    30.752  4 56161.82831148 22.295
 153  50.075694  53.196897    28.282    28.386  5 56171.74395836 21.261
 154  50.076386  53.196015    28.079    28.281  5 56181.65960107 20.213
 155  50.074742  53.195190    28.299    28.290  4 56191.57523979 24.491
 156  50.074445  53.194400    35.949    35.901  5 56201.49087600 18.063
 157  50.076345  53.196246    27.068    28.291  5 56211.40651003 22.769
 158  50.079925  53.199696    28.254    28.191  4 56221.32214214 24.131
 159  50.080340  53.200485    30.926    30.902  5 56231.23779486 23.044
 160  50.079437  53.199202    31.486    32.250  4 56241.15344796 20.163
 161  50.077083  53.197570    30.536    29.105  5 56251.06909684 21.303
 162  50.076012  53.196087    29.242    29.405  5 56260.98474099 23.119
 163  50.076659  53.195871    29.226    29.237  5 56270.90038268 28.280
 164  50.076975  53.197250    29.435    29.378  5 56280.81602240 43.215
 165  50.075927  53.196718    29.568    29.623  5 56290.73167458 37.112
 166  50.073747  53.195499    29.487    29.666  5 56300.64732235 37.818
 167  50.071907  53.193562    29.358    29.273  5 56310.56296620 33.428
 168  50.070889  53.192760    29.455    29.488  4 56320.47860781 29.791
 169  50.071319  53.194080    29.393    29.536  5 56330.39424863 30.438
 170  50.073745  53.196118    29.451    29.456  5 56340.30988896 31.411
 171  50.078096  53.196823    29.435    29.454  5 56350.22552749 30.413
 172  50.077496  53.197961    29.356    29.328  4 56360.14116489 23.763
 173  50.074944  53.194999    29.720    29.746  5 56370.05681534 48.198
 175  50.072986  53.193805    29.533    29.573  4 56389.88810772 27.328
 176  50.074737  53.196374    30.646    30.620  5 56399.80375058 50.677
 177  50.076755  53.198574    32.623    32.523  5 56409.71939089 37.322
 178  50.078801  53.199103    31.631    31.547  5 56419.63502685 30.652
 179  50.079603  53.198722    30.641    30.672  5 56429.55066217 24.734
 180  50.075808  53.196954    31.237    31.246  5 56439.46631549 27.134
 181  50.074662  53.195400    30.082    29.965  5 56449.38196664 23.410
 182  50.074879  53.194942    29.301    29.271  5 56459.29761561 23.516
 183  50.072885  53.195594    31.959    31.615  5 56469.21326089 22.513
 184  50.073843  53.194153    31.616    32.338  5 56479.12890283 28.756
 185  50.073846  53.193591    28.550    28.560  5 56489.04454055 36.217
 186  50.072901  53.195514    30.009    28.743  5 56498.96017512 30.558
 187  50.076316  53.196366    27.843    27.929  4 56508.87580890 30.953
 188  50.077342  53.198700    28.569    28.524  5 56518.79144845 28.941
 189  50.077951  53.197338    27.922    28.044  5 56528.70710243 25.526
 190  50.076660  53.196820    27.439    27.415  5 56538.62275193 25.239
 191  50.075137  53.195419    29.417    28.262  4 56548.53839749 22.209
 192  50.073024  53.195448    31.220    32.289  5 56558.45404040 23.799
 193  50.074501  53.195453    35.719    35.668  4 56568.36968288 20.263
 194  50.077650  53.196704    28.212    28.399  5 56578.28532407 22.347
 195  50.079691  53.199324    28.205    28.116  4 56588.20096128 20.936
 196  50.079416  53.200138    27.242    27.839  5 56598.11660382 26.514
 197  50.078109  53.197090    27.539    27.782  5 56608.03225561 27.458
 198  50.075783  53.196264    27.878    27.777  5 56617.94790190 25.622
 199  50.075392  53.196154    28.196    28.164  5 56627.86354482 28.916
 200  50.075463  53.197178    28.157    28.148  5 56637.77918470 27.535
 201  50.076640  53.196546    29.772    29.770  4 56647.69482735 49.399
 202  50.073548  53.195372    29.498    29.487  5 56657.61047897 40.526
 203  50.073056  53.193188    29.665    29.586  5 56667.52612679 34.785
 204  50.073103  53.193114    29.727    29.784  5 56677.44177193 28.537
 205  50.074746  53.193649    29.629    29.656  5 56687.35741600 29.453
 206  50.075789  53.195039    29.524    29.552  5 56697.27305781 22.950
 207  50.075255  53.197417    29.733    29.739  5 56707.18869472 20.398
 208  50.076391  53.197479    29.695    29.661  5 56717.10433048 25.730
 209  50.074551  53.195287    29.604    29.504  5 56727.01998381 19.604
 210  50.073579  53.194689    29.403    29.413  5 56736.93563283 37.817
 211  50.073973  53.195744    28.002    27.963  5 56746.85127811 23.790
 212  50.076945  53.196484    29.300    29.303  5 56756.76691926 47.024
 213  50.078710  53.198360    28.700    28.745  4 56766.68255429 28.518
 214  50.077961  53.198381    30.893    30.970  4 56776.59819636 28.237
 215  50.075008  53.196341    31.122    31.155  5 56786.51385276 27.306
 216  50.074009  53.193951    29.953    29.965  5 56796.42950592 26.295
 217  50.072002  53.194132    29.196    29.150  5 56806.34515391 23.156
 218  50.071689  53.194702    29.001    29.030  5 56816.26079561 24.611
 219  50.072840  53.194095    30.483    28.619  4 56826.17643416 27.914
 220  50.072738  53.194821    31.420    31.810  5 56836.09206886 22.995
 221  50.076278  53.194977    29.129    29.117  5 56846.00770069 44.880
 222  50.075143  53.195959    29.671    27.837  5 56855.92334850 23.567
 223  50.075506  53.195577    29.873    28.253  5 56865.83900186 24.843
 224  50.075628  53.194461    27.566    27.521  5 56875.75465423 24.807
 225  50.072538  53.195011    27.676    27.597  5 56885.67030292 22.045
 226  50.071166  53.194232    29.331    29.335  5 56895.58594913 23.582
 227  50.071583  53.193569    28.231    28.214  4 56905.50159251 20.515
 228  50.072149  53.194653    31.653    31.223  5 56915.41723359 21.592
 229  50.076460  53.194961    27.703    27.664  5 56925.33287339 26.450
 230  50.077484  53.197847    28.080    28.136  4 56935.24850948 22.958
 231  50.079702  53.199378    28.592    28.690  4 56945.16414065 27.097
 232  50.077678  53.197686    27.912    27.989  5 56955.07979133 22.115
 233  50.076479  53.195208    28.128    28.142  5 56964.99544124 20.760
 234  50.075102  53.195615    27.281    27.337  4 56974.91108599 26.463
 235  50.075354  53.197163    27.593    27.612  5 56984.82672618 31.090
 236  50.078183  53.197409    29.035    29.073  5 56994.74236156 44.343
 237  50.076944  53.197663    28.811    28.760  5 57004.65800135 49.055
 238  50.074219  53.194417    28.255    28.151  5 57014.57365712 21.819
 239  50.071728  53.193824    28.516    28.518  4 57024.48930790 31.968
 240  50.074396  53.193404    28.819    28.840  5 57034.40495692 20.344
 241  50.075250  53.195518    28.921    28.941  4 57044.32060297 25.603
 242  50.076144  53.196224    28.881    28.873  5 57054.23624651 21.065
 243  50.076738  53.195308    28.883    28.939  5 57064.15188557 23.288
 244  50.075170  53.196522    28.880    28.892  5 57074.06751912 18.844
 245  50.078723  53.197058    29.264    29.190  5 57083.98314964 26.066
 246  50.078248  53.198225    29.504    29.496  4 57093.89880055 35.431
 247  50.078080  53.198193    42.995    42.388  4 57103.81445720 20.106
 248  50.078040  53.197591    28.502    28.529  4 57113.73010988 26.588
 249  50.077209  53.196302    28.574    28.373  5 57123.64575650 19.516
 250  50.074223  53.196250    28.965    28.977  5 57133.56139741 28.025
 251  50.075138  53.195877    29.722    29.739  5 57143.47703424 25.171
 252  50.077067  53.197444    30.255    30.250  4 57153.39266820 24.837
 253  50.079430  53.199161    29.765    29.826  5 57163.30830283 23.725
 254  50.076977  53.198113    29.787    29.752  5 57173.22395998 25.089
 255  50.075219  53.195348    31.864    31.838  5 57183.13961428 20.315
 256  50.071830  53.193839    29.150    29.145  4 57193.05526429 28.741
 257  50.070726  53.193177    28.648    28.681  4 57202.97091175 29.856
 258  50.073584  53.193119    31.251    31.688  5 57212.88654590 28.161
 259  50.075036  53.195854    29.084    29.092  4 57222.80218916 28.245
 260  50.076632  53.196942    28.465    28.681  4 57232.71783108 24.556
 261  50.076721  53.196788    28.146    28.091  5 57242.63347030 21.274
 262  50.075114  53.197109    28.220    28.234  5 57252.54910680 22.217
 263  50.077277  53.197116    27.066    27.039  4 57262.46474216 29.166
 264  50.078878  53.200234    28.759    28.724  5 57272.38037715 20.239
 265  50.080602  53.199440    28.410    28.456  5 57282.29603499 21.720
 266  50.079441  53.199122    27.804    28.783  4 57292.21169001 30.000
 267  50.077737  53.196681    32.624    34.653  5 57302.12734202 19.095
 268  50.073396  53.195469    29.009    29.007  5 57312.04298976 26.752
 269  50.072265  53.193668    31.088    31.088  4 57321.95863449 21.575
 270  50.073735  53.193389    35.168    36.636  5 57331.87427686 21.472
 271  50.075932  53.194930    28.413    28.167  5 57341.78991689 26.218
 272  50.075541  53.194195    29.527    28.715  5 57351.70556826 22.513
 273  50.074157  53.193691    27.774    27.799  5 57361.62121259 27.314
 274  50.072175  53.193136    28.620    28.575  5 57371.53685373 31.064
 275  50.072701  53.193189    28.483    28.358  5 57381.45249315 26.341
 276  50.074891  53.195373    29.089    29.116  5 57391.36813181 35.026
 277  50.078134  53.198308    29.260    29.223  5 57401.28376954 32.649
 278  50.079253  53.199949    29.528    29.608  5 57411.19941083 34.214
 279  50.077920  53.197543    29.363    29.381  5 57421.11506339 25.768
 280  50.075114  53.195781    29.447    29.483  5 57431.03071300 24.363
 281  50.074138  53.195123    29.337    29.348  5 57440.94636052 17.265
 282  50.075871  53.195811    29.744    29.755  5 57450.86200708 37.577
 283  50.077067  53.197420    29.044    29.116  5 57460.77765185 34.920
 284  50.077523  53.198890    27.943    27.842  5 57470.69329321 24.175
 285  50.078326  53.198149    42.628    42.605  4 57480.60893097 21.090
 286  50.078230  53.197062    29.161    29.174  5 57490.52456574 29.725
 287  50.078013  53.197953    31.505    31.544  5 57500.44019828 30.706
 288  50.077052  53.198546    32.732    32.799  5 57510.35584428 32.644
 289  50.076108  53.197579    32.530    32.639  5 57520.27150024 34.430
 290  50.076260  53.196207    31.298    31.335  4 57530.18715374 29.713
 291  50.075286  53.194616    31.510    29.955  5 57540.10280388 21.823
 292  50.072839  53.193845    29.160    29.215  4 57550.01845089 42.279
 293  50.072437  53.193020    28.111    27.993  5 57559.93409658 27.881
 294  50.072951  53.194109    29.079    29.080  5 57569.84974135 35.634
 295  50.074194  53.195996    29.589    28.424  5 57579.76538569 28.173
 296  50.075928  53.197069    28.434    28.442  5 57589.68102856 21.239
 297  50.076679  53.196809    28.535    28.566  4 57599.59666887 22.481
