-264264.394   141.643     0.00   10.36
-263975.769   142.978     4.63   11.95
-263687.167   145.124     7.44   12.71
-263398.588   147.689     8.89   12.67
-263110.033   148.928     4.30   12.71
-262821.500   148.543    -1.34   12.90
-262532.990   148.287    -0.89   12.86
-262244.503   148.866     2.01   12.06
-261956.039   149.709     2.92   11.77
-261667.599   150.864     4.00   12.25
-261379.181   153.116     7.81   11.34
-261090.786   155.491     8.24    9.49
-260802.414   158.178     9.32    6.90
-260514.065   159.408     4.26    6.71
-260225.740   159.352    -0.19    6.69
-259937.437   157.543    -6.28    7.78
-259649.157   156.173    -4.75    8.25
-259360.900   156.136    -0.13    8.77
-259072.666   155.107    -3.57    9.02
-258784.455   153.668    -4.99    9.01
-258496.267   153.221    -1.55    9.21
-258208.102   154.979     6.10    8.67
-257919.960   157.388     8.36    7.64
-257631.840   158.604     4.22    6.95
-257343.744   159.689     3.77    5.77
-257055.671   160.872     4.11    4.64
-256767.620   162.334     5.08    3.87
-256479.592   162.883     1.90    3.69
-256191.588   162.817    -0.23    3.65
-255903.606   161.635    -4.10    4.58
-255615.647   160.455    -4.10    5.23
-255327.711   159.966    -1.70    5.07
-255039.798   159.980     0.05    4.93
-254751.907   160.236     0.89    4.79
-254464.040   160.980     2.59    4.67
-254176.195   162.095     3.87    3.96
-253888.373   163.314     4.24    2.76
-253600.574   164.314     3.48    2.43
-253312.798   164.658     1.19    2.40
-253025.045   164.525    -0.46    2.51
-252737.315   164.033    -1.71    3.08
-252449.607   163.710    -1.12    3.53
-252161.922   163.586    -0.43    3.59
-251874.260   163.345    -0.84    3.54
-251586.621   163.439     0.33    3.18
-251299.005   163.498     0.20    2.64
-251011.411   163.616     0.41    2.66
-250723.840   163.912     1.03    2.62
-250436.292   164.561     2.26    2.49
-250148.767   165.129     1.97    2.43
-249861.265   165.668     1.87    2.46
-249573.785   166.194     1.83    2.38
-249286.328   166.625     1.50    2.11
-248998.894   166.863     0.83    2.41
-248711.483   166.711    -0.53    3.06
-248424.094   166.327    -1.33    3.71
-248136.728   166.184    -0.50    3.80
-247849.385   166.063    -0.42    3.81
-247562.064   166.434     1.29    3.24
-247274.766   167.310     3.05    2.77
-246987.491   167.944     2.21    2.67
-246700.239   168.806     3.00    2.64
-246413.009   169.457     2.27    2.29
-246125.802   169.918     1.60    1.91
-245838.618   170.036     0.41    1.70
-245551.457   169.636    -1.39    2.05
-245264.318   168.647    -3.45    3.40
-244977.201   167.709    -3.27    4.78
-244690.108   166.835    -3.05    5.82
-244403.037   166.293    -1.89    6.23
-244115.989   166.178    -0.40    6.07
-243828.963   166.605     1.49    5.63
-243541.960   167.131     1.83    4.01
-243254.980   167.468     1.17    2.58
-242968.022   166.120    -4.70    4.66
-242681.087   163.657    -8.59    7.59
-242394.175   159.657   -13.95   10.86
-242107.285   154.076   -19.46   13.17
-241820.418   147.668   -22.34   14.76
-241533.573   139.173   -29.62   15.60
-241246.751   130.601   -29.89   13.95
-240959.952   123.549   -24.59   10.76
-240673.175   119.221   -15.10    8.05
-240386.421   116.281   -10.26    6.53
-240099.689   114.481    -6.28    5.53
-239812.980   113.102    -4.81    4.28
-239526.294   112.763    -1.18    3.73
-239239.630   112.560    -0.71    3.55
-238952.988   112.700     0.49    4.12
-238666.369   113.394     2.42    5.39
-238379.773   113.636     0.84    5.73
-238093.199   112.730    -3.16    5.91
-237806.648   111.710    -3.56    5.65
-237520.119   111.963     0.88    6.16
-237233.613   113.168     4.21    6.69
-236947.130   114.564     4.87    7.64
-236660.668   117.251     9.38    8.69
-236374.230   121.005    13.11    8.66
-236087.814   124.845    13.41    7.26
-235801.420   128.803    13.82    7.37
-235515.049   131.963    11.03    9.50
-235228.700   136.428    15.60   11.58
-234942.374   142.083    19.75   12.75
-234656.070   147.184    17.82   13.06
-234369.789   152.404    18.24   11.93
-234083.530   157.711    18.54   10.14
-233797.294   161.806    14.31    8.10
-233511.080   165.012    11.20    5.97
-233224.888   167.320     8.07    4.47
-232938.719   168.994     5.85    3.70
-232652.573   169.529     1.87    4.50
-232366.449   169.872     1.20    5.62
-232080.347   169.481    -1.37    7.20
-231794.268   168.958    -1.83    8.31
-231508.211   169.093     0.47    7.77
-231222.176   168.949    -0.50    7.49
-230936.164   169.815     3.03    6.32
-230650.174   170.710     3.13    4.95
-230364.207   171.564     2.99    4.62
-230078.262   172.595     3.61    4.16
-229792.339   173.897     4.55    3.79
-229506.439   175.355     5.10    3.41
-229220.561   176.617     4.41    3.28
-228934.706   177.720     3.86    3.09
-228648.873   178.805     3.80    2.67
-228363.062   179.394     2.06    2.53
-228077.273   179.373    -0.07    3.14
-227791.507   178.806    -1.98    4.15
-227505.763   177.388    -4.96    5.51
-227220.042   176.272    -3.91    5.81
-226934.343   175.431    -2.94    5.52
-226648.666   174.743    -2.41    4.71
-226363.011   174.958     0.75    4.02
-226077.379   175.407     1.57    3.40
-225791.769   176.356     3.32    2.97
-225506.182   177.453     3.84    2.73
-225220.616   178.363     3.19    1.98
-224935.073   178.920     1.95    1.56
-224649.553   179.146     0.79    1.55
-224364.054   179.306     0.56    1.75
-224078.578   179.376     0.25    1.93
-223793.124   179.257    -0.42    2.18
-223507.692   178.991    -0.93    2.29
-223222.283   178.928    -0.22    2.23
-222936.895   178.912    -0.06    2.00
-222651.530   178.552    -1.26    1.88
-222366.188   177.967    -2.05    1.99
-222080.867   177.387    -2.03    2.40
-221795.569   176.678    -2.48    3.70
-221510.293   175.540    -3.99    4.99
-221225.039   173.939    -5.61    6.94
-220939.807   171.593    -8.22    8.76
-220654.598   168.710   -10.11   10.50
-220369.410   165.823   -10.13   11.11
-220084.245   163.423    -8.42   11.12
-219799.102   161.817    -5.63   10.38
-219513.981   161.222    -2.09    9.80
-219228.883   161.514     1.02    9.54
-218943.807   163.667     7.56    9.54
-218658.752   166.827    11.09    8.13
-218373.720   169.125     8.06    7.29
-218088.710   169.512     1.36    8.31
-217803.722   168.226    -4.51    9.63
-217518.757   166.795    -5.02   10.36
-217233.813   165.460    -4.69    9.96
-216948.892   164.668    -2.78    8.75
-216663.993   164.342    -1.15    7.53
-216379.115   164.668     1.15    7.11
-216094.260   165.251     2.05    6.91
-215809.427   166.552     4.57    6.52
-215524.616   167.449     3.15    6.46
-215239.828   168.178     2.56    6.50
-214955.061   169.314     3.99    6.78
-214665.732   170.499     4.10    7.08
-214376.116   171.826     4.58    7.21
-214086.523   173.268     4.98    7.31
-213796.954   174.797     5.28    7.10
-213507.408   176.194     4.83    6.53
-213217.885   177.261     3.68    5.85
-212928.385   178.194     3.23    5.39
-212638.909   178.733     1.86    5.34
-212349.455   179.560     2.86    5.14
-212060.025   180.389     2.87    5.13
-211770.619   181.040     2.25    4.85
-211481.235   181.732     2.39    4.54
-211191.875   182.270     1.86    4.01
-210902.538   182.534     0.91    3.40
-210613.224   182.559     0.09    3.08
-210323.933   182.370    -0.65    2.89
-210034.665   181.863    -1.75    3.00
-209745.421   181.030    -2.88    2.98
-209456.199   180.135    -3.10    3.09
-209167.001   179.635    -1.73    3.48
-208877.826   179.324    -1.08    3.63
-208588.674   179.048    -0.95    3.90
-208299.546   178.755    -1.01    4.50
-208010.440   177.955    -2.77    5.00
-207721.358   175.979    -6.83    5.38
-207432.298   173.936    -7.07    5.64
-207143.262   172.261    -5.80    4.95
-206854.249   171.773    -1.69    4.62
-206565.259   171.742    -0.11    4.35
-206276.292   172.283     1.87    4.25
-205987.348   172.979     2.41    4.41
-205698.428   174.078     3.80    4.62
-205409.530   174.980     3.12    4.44
-205120.655   175.026     0.16    4.58
-204831.804   175.136     0.38    4.33
-204542.975   175.657     1.81    4.18
-204254.170   176.220     1.95    3.69
-203965.388   176.803     2.02    3.37
-203676.629   177.553     2.60    3.20
-203387.892   178.499     3.28    3.22
-203099.179   179.366     3.00    2.95
-202810.489   179.575     0.73    2.68
-202521.822   179.005    -1.98    3.29
-202233.178   178.436    -1.97    3.68
-201944.557   178.199    -0.82    3.96
-201655.959   177.783    -1.44    4.38
-201367.383   177.689    -0.32    5.08
-201078.831   177.934     0.85    5.50
-200790.302   178.317     1.33    6.04
-200501.796   178.615     1.03    5.94
-200213.313   178.439    -0.61    5.75
-199924.853   178.216    -0.77    5.02
-199636.416   178.005    -0.73    4.53
-199348.001   178.135     0.45    4.38
-199059.610   178.721     2.03    4.50
-198771.242   179.514     2.75    4.94
-198482.896   180.415     3.13    5.48
-198194.574   181.743     4.61    5.28
-197906.274   183.055     4.55    5.04
-197617.998   183.883     2.87    4.72
-197329.744   184.612     2.53    4.22
-197041.513   184.907     1.02    3.84
-196753.305   185.423     1.79    3.72
-196465.120   184.961    -1.60    4.23
-196176.958   183.978    -3.41    4.91
-195888.819   182.733    -4.32    4.89
-195600.703   181.732    -3.47    5.11
-195312.609   181.412    -1.11    5.03
-195024.539   181.556     0.50    5.31
-194736.491   182.087     1.84    5.75
-194448.466   182.551     1.61    5.88
-194160.464   182.194    -1.24    6.17
-193872.485   181.605    -2.05    6.07
-193584.529   181.857     0.88    5.89
-193296.596   182.420     1.96    5.43
-193008.685   183.324     3.14    5.27
-192720.797   184.263     3.26    4.70
-192432.932   184.984     2.50    4.02
-192145.090   185.615     2.19    3.42
-191857.271   185.918     1.05    3.43
-191569.474   185.510    -1.42    3.72
-191281.701   184.466    -3.63    4.29
-190993.950   183.040    -4.95    4.63
-190706.222   181.897    -3.97    4.78
-190418.516   180.668    -4.27    5.01
-190130.834   179.415    -4.36    5.03
-189843.174   178.152    -4.39    5.20
-189555.537   176.449    -5.92    5.49
-189267.923   175.064    -4.82    5.81
-188980.331   173.815    -4.34    5.82
-188692.762   173.248    -1.97    6.02
-188405.216   172.836    -1.43    6.48
-188117.693   172.754    -0.28    6.81
-187830.193   172.872     0.41    6.79
-187542.715   174.189     4.58    5.00
-187255.260   175.211     3.55    3.81
-186967.827   175.352     0.49    3.55
-186680.417   174.614    -2.57    4.24
-186393.030   172.841    -6.17    6.25
-186105.666   169.867   -10.35    9.16
-185818.325   165.102   -16.59   12.47
-185531.006   158.529   -22.88   14.40
-185243.709   153.483   -17.57   14.31
-184956.436   148.789   -16.34   12.78
-184669.185   144.969   -13.30   10.87
-184381.957   140.874   -14.26    8.53
-184094.751   138.334    -8.84    7.17
-183807.568   137.118    -4.24    5.95
-183520.408   137.463     1.20    7.03
-183233.270   138.051     2.05    8.36
-182946.155   138.281     0.80    9.21
-182659.063   138.489     0.73    9.53
-182371.993   138.902     1.44    9.76
-182084.946   139.257     1.24    9.95
-181797.921   138.366    -3.11    9.08
-181510.919   137.657    -2.47    8.16
-181223.940   137.984     1.14    7.93
-180936.983   138.210     0.79    7.92
-180650.049   138.235     0.09    7.58
-180363.138   137.946    -1.01    6.97
-180076.249   138.317     1.29    6.89
-179789.382   139.468     4.01    7.60
-179502.538   140.272     2.80    8.35
-179215.717   141.137     3.01    9.04
-178928.918   143.647     8.75   10.54
-178642.142   145.904     7.87   11.46
-178355.389   149.268    11.73   13.00
-178068.658   152.519    11.34   13.95
-177781.949   155.700    11.10   14.04
-177495.263   156.656     3.34   14.32
-177208.599   155.272    -4.83   15.14
-176921.958   153.001    -7.92   15.45
-176635.340   150.334    -9.31   15.14
-176348.744   147.167   -11.05   13.53
-176062.171   145.401    -6.17   11.48
-175775.620   144.635    -2.67   10.11
-175489.091   144.979     1.20    9.87
-175202.585   144.222    -2.64    8.96
-174916.101   143.745    -1.66    8.86
-174629.640   142.841    -3.15    8.03
-174343.202   142.461    -1.33    7.91
-174056.786   141.852    -2.13    6.68
-173770.392   141.221    -2.20    4.76
-173484.021   141.904     2.39    4.96
-173197.672   142.754     2.97    5.20
-172911.346   143.397     2.25    5.45
-172625.042   143.466     0.24    5.17
-172338.760   142.827    -2.23    4.60
-172052.501   141.942    -3.09    3.90
-171766.264   141.220    -2.52    2.85
-171480.050   140.783    -1.53    2.27
-171193.858   140.646    -0.48    1.90
-170907.689   140.625    -0.08    1.83
-170621.542   140.878     0.89    2.16
-170335.417   141.449     2.00    3.00
-170049.315   142.061     2.14    3.32
-169763.235   142.689     2.19    3.48
-169477.177   143.226     1.88    3.37
-169191.142   143.732     1.77    3.16
-168905.129   144.168     1.52    3.02
-168619.139   145.272     3.86    3.55
-168333.171   146.612     4.69    3.80
-168047.225   148.022     4.93    4.07
-167761.301   149.450     4.99    4.39
-167475.400   151.037     5.55    4.63
-167189.522   153.096     7.20    4.54
-166903.665   154.689     5.57    4.63
-166617.831   156.194     5.27    4.42
-166332.019   157.313     3.91    4.23
-166046.230   158.261     3.32    4.37
-165760.462   159.378     3.91    4.17
-165474.717   159.872     1.73    4.11
-165188.995   158.947    -3.24    4.77
-164903.294   158.194    -2.64    5.02
-164617.616   158.162    -0.11    4.96
-164331.961   158.604     1.55    5.34
-164046.327   159.241     2.23    5.60
-163760.716   160.408     4.09    5.95
-163475.127   162.221     6.35    5.88
-163189.560   164.710     8.72    4.57
-162904.015   166.593     6.60    4.09
-162618.493   167.814     4.28    4.04
-162332.993   168.668     2.99    3.82
-162047.515   169.110     1.55    3.50
-161762.060   169.774     2.33    3.06
-161476.626   169.991     0.76    3.04
-161191.215   170.189     0.69    3.05
-160905.826   170.540     1.23    2.87
-160620.459   171.129     2.06    2.73
-160335.115   171.872     2.60    3.03
-160049.792   172.820     3.32    3.58
-159764.492   174.108     4.52    4.00
-159479.214   176.267     7.57    4.18
-159193.958   178.401     7.48    4.28
-158908.724   180.472     7.26    4.10
-158623.513   182.560     7.32    3.95
-158338.323   184.765     7.73    3.74
-158053.156   187.056     8.03    3.80
-157768.011   189.613     8.97    4.31
-157482.888   192.481    10.06    5.31
-157197.787   194.850     8.31    5.71
-156912.709   197.444     9.10    5.19
-156627.652   199.061     5.67    4.23
-156342.618   200.285     4.29    3.71
-156057.605   201.293     3.54    3.51
-155772.615   201.785     1.73    3.57
-155487.647   202.061     0.97    3.78
-155202.701   202.136     0.26    3.78
-154917.777   202.524     1.36    3.66
-154632.875   202.980     1.60    3.49
-154347.995   203.463     1.70    3.56
-154063.138   204.485     3.59    3.59
-153778.302   205.635     4.04    3.71
-153493.489   206.605     3.40    3.85
-153208.697   207.614     3.54    3.96
-152923.258   209.173     5.46    4.23
-152633.609   210.623     5.01    4.57
-152343.984   212.721     7.24    4.87
-152054.382   214.470     6.04    4.54
-151764.803   215.668     4.14    3.90
-151475.248   215.678     0.04    3.63
-151185.715   214.415    -4.37    4.63
-150896.206   212.265    -7.42    6.44
-150606.720   208.570   -12.77    8.82
-150317.257   205.261   -11.43    8.74
-150027.817   202.612    -9.15    8.17
-149738.401   200.624    -6.87    7.98
-149449.007   199.852    -2.67    8.12
-149159.637   200.852     3.46    8.99
-148870.290   203.667     9.73    8.91
-148580.966   206.656    10.33    6.68
-148291.665   207.417     2.63    6.11
-148002.387   207.238    -0.62    6.26
-147713.133   206.309    -3.21    6.71
-147423.901   204.823    -5.14    7.15
-147134.693   202.352    -8.54    7.79
-146845.508   200.614    -6.01    8.43
-146556.345   201.001     1.34    7.94
-146267.206   201.745     2.57    7.33
-145978.090   202.234     1.69    6.89
-145688.997   203.244     3.49    6.78
-145399.927   205.217     6.83    6.94
-145110.881   208.227    10.41    7.43
-144821.857   211.201    10.29    7.54
-144532.856   213.001     6.23    7.16
-144243.879   213.775     2.68    7.14
-143954.924   212.722    -3.64    8.52
-143665.993   209.947    -9.61   10.67
-143377.084   205.327   -15.99   13.24
-143088.199   200.259   -17.54   13.55
-142799.336   195.700   -15.78   12.38
-142510.497   191.863   -13.28   10.46
-142221.680   189.699    -7.49    9.63
-141932.887   189.216    -1.67   10.18
-141644.116   189.604     1.34   11.44
-141355.369   190.220     2.13   11.94
-141066.644   191.923     5.90   11.89
-140777.943   193.130     4.18   10.38
-140489.264   194.539     4.88    8.69
-140200.609   194.931     1.36    8.22
-139911.976   195.762     2.88    8.17
-139623.367   196.394     2.19    8.58
-139334.780   197.130     2.55    8.67
-139046.216   198.162     3.58    7.96
-138757.676   199.543     4.79    5.88
-138469.158   200.095     1.91    4.37
-138180.663   199.115    -3.40    4.65
-137892.191   197.334    -6.17    5.18
-137603.742   195.242    -7.25    5.31
-137315.316   193.462    -6.17    5.45
-137026.912   191.595    -6.47    5.53
-136738.532   189.519    -7.20    5.30
-136450.174   187.987    -5.31    5.34
-136161.840   186.700    -4.46    5.06
-135873.528   185.439    -4.37    4.22
-135585.239   184.731    -2.46    2.81
-135296.973   184.141    -2.05    2.10
-135008.730   183.807    -1.16    2.26
-134720.510   183.528    -0.97    2.99
-134432.313   183.178    -1.21    3.57
-134144.138   182.829    -1.21    3.97
-133855.987   182.625    -0.71    4.87
-133567.858   182.635     0.04    5.31
-133279.752   181.711    -3.21    6.04
-132991.668   179.990    -5.97    6.75
-132703.608   177.377    -9.07    7.96
-132415.571   173.945   -11.92    8.83
-132127.556   170.812   -10.88    9.03
-131839.564   167.102   -12.88    8.47
-131551.595   164.504    -9.02    7.80
-131263.648   163.184    -4.59    7.78
-130975.725   162.667    -1.79    8.16
-130687.824   162.378    -1.00    8.26
-130399.946   161.979    -1.39    7.82
-130112.091   161.108    -3.03    6.55
-129824.258   160.385    -2.51    5.51
-129536.449   159.589    -2.76    4.69
-129248.662   158.439    -4.00    4.16
-128960.897   156.439    -6.95    5.48
-128673.156   153.496   -10.23    8.77
-128385.437   149.667   -13.31   11.56
-128097.741   144.923   -16.49   13.59
-127810.068   140.320   -16.00   13.86
-127522.417   135.612   -16.37   12.81
-127234.789   131.579   -14.02   10.73
-126947.184   128.789    -9.70    8.36
-126659.602   127.228    -5.43    6.99
-126372.042   126.773    -1.58    6.98
-126084.505   127.259     1.69    7.57
-125796.990   129.044     6.21    8.15
-125509.499   131.184     7.44    8.24
-125222.029   133.764     8.98    8.22
-124934.583   135.646     6.55    7.62
-124647.159   137.730     7.25    6.92
-124359.758   140.384     9.23    6.22
-124072.380   142.022     5.70    5.43
-123785.024   142.345     1.12    5.10
-123497.691   141.405    -3.27    5.91
-123210.380   139.897    -5.25    7.24
-122923.093   137.785    -7.35    8.19
-122635.827   134.766   -10.51    8.78
-122348.585   130.807   -13.78    8.68
-122061.365   127.533   -11.40    7.83
-121774.167   124.960    -8.96    7.40
-121486.992   122.944    -7.02    6.90
-121199.840   121.040    -6.63    6.06
-120912.710   119.205    -6.39    5.34
-120625.603   117.952    -4.37    5.19
-120338.519   116.908    -3.64    4.99
-120051.457   115.439    -5.12    4.63
-119764.417   114.065    -4.79    3.93
-119477.401   113.051    -3.54    3.33
-119190.406   112.216    -2.91    3.02
-118903.435   111.689    -1.84    3.26
-118616.486   111.281    -1.42    3.61
-118329.559   110.901    -1.32    3.79
-118042.655   110.545    -1.24    3.92
-117755.773   109.744    -2.79    3.64
-117468.914   108.798    -3.30    3.08
-117182.078   108.091    -2.46    2.62
-116895.264   107.601    -1.71    2.31
-116608.472   107.178    -1.47    2.06
-116321.703   107.026    -0.53    2.13
-116034.956   106.778    -0.86    1.79
-115748.232   106.657    -0.42    1.67
-115461.531   106.256    -1.40    1.33
-115174.852   106.162    -0.33    1.24
-114888.195   106.037    -0.43    1.29
-114601.561   105.939    -0.34    1.55
-114314.949   105.810    -0.45    1.65
-114028.360   105.634    -0.62    1.72
-113741.793   105.428    -0.72    1.56
-113455.249   105.377    -0.18    1.54
-113168.727   105.407     0.10    1.96
-112882.227   105.594     0.65    2.23
-112595.750   105.764     0.59    2.49
-112309.296   106.001     0.83    3.18
-112022.863   106.215     0.75    3.59
-111736.454   106.012    -0.71    3.03
-111450.066   105.721    -1.01    2.13
-111163.701   105.391    -1.15    1.92
-110877.359   105.184    -0.72    2.03
-110591.038   105.039    -0.50    2.40
-110304.740   105.022    -0.06    2.56
-110018.465   105.189     0.58    3.22
-109732.212   105.667     1.67    4.14
-109445.981   106.184     1.80    4.67
-109159.773   106.836     2.28    4.89
-108873.587   107.626     2.76    5.41
-108587.423   108.603     3.41    5.81
-108301.281   110.162     5.45    6.43
-108015.162   111.232     3.74    6.91
-107729.066   112.396     4.07    7.58
-107442.991   113.091     2.43    7.71
-107156.939   113.912     2.87    8.36
-106870.910   114.393     1.68    8.27
-106584.902   114.756     1.27    8.13
-106298.917   116.162     4.92    7.92
-106012.954   117.755     5.57    7.21
-105727.014   119.439     5.89    6.94
-105441.095   120.956     5.31    6.56
-105155.200   122.112     4.04    6.62
-104869.326   123.233     3.92    7.45
-104583.474   124.037     2.81    7.81
-104297.645   124.798     2.66    7.73
-104011.838   126.101     4.56    7.56
-103726.054   126.901     2.80    6.99
-103440.291   128.560     5.81    6.74
-103154.551   130.089     5.35    5.99
-102868.833   131.831     6.09    5.52
-102583.138   133.612     6.24    4.96
-102297.464   134.863     4.38    4.84
-102011.813   136.721     6.51    5.60
-101726.184   138.115     4.88    6.20
-101440.577   139.108     3.48    6.84
-101154.993   139.786     2.37    7.65
-100869.430   140.210     1.49    8.43
-100583.890   140.849     2.24    9.19
-100298.372   141.335     1.70    9.91
-100012.876   141.563     0.80    9.82
 -99727.402   141.173    -1.36    9.10
 -99441.951   140.341    -2.91    8.16
 -99156.522   138.253    -7.32    7.95
 -98871.114   134.658   -12.60    9.64
 -98585.729   128.542   -21.43   13.57
 -98300.367   121.700   -23.98   15.42
 -98015.026   115.775   -20.77   14.81
 -97729.707   109.689   -21.33   12.38
 -97444.411   105.537   -14.56    9.50
 -97159.137   102.472   -10.75    5.73
 -96873.884   101.453    -3.57    3.26
 -96588.654   101.601     0.52    2.96
 -96303.446   101.345    -0.90    2.92
 -96018.260   100.711    -2.22    2.91
 -95733.097    99.624    -3.81    3.08
 -95447.955    98.876    -2.62    3.28
 -95162.836    97.645    -4.32    3.18
 -94877.738    96.723    -3.24    2.82
 -94592.663    96.091    -2.22    2.35
 -94307.609    95.557    -1.87    1.63
 -94022.578    95.852     1.03    2.07
 -93737.569    96.567     2.51    2.89
 -93452.582    97.589     3.59    3.29
 -93167.617    98.809     4.28    3.26
 -92882.674    99.667     3.01    3.28
 -92597.753   100.678     3.55    3.30
 -92312.854   102.270     5.59    3.51
 -92027.977   103.646     4.83    3.60
 -91743.122   104.863     4.27    3.84
 -91458.289   106.085     4.29    3.81
 -91173.478   107.394     4.60    3.33
 -90886.989   108.798     4.90    2.99
 -90597.353   110.189     4.80    2.89
 -90307.741   111.302     3.84    2.68
 -90018.152   112.168     2.99    2.68
 -89728.586   112.857     2.38    2.72
 -89439.043   113.238     1.31    3.11
 -89149.523   113.453     0.74    3.39
 -88860.026   113.570     0.40    3.90
 -88570.553   113.794     0.78    4.23
 -88281.102   113.918     0.43    4.37
 -87991.675   114.508     2.04    4.17
 -87702.271   115.287     2.69    3.96
 -87412.889   116.548     4.36    4.03
 -87123.531   117.934     4.79    4.31
 -86834.196   119.397     5.06    4.30
 -86544.884   120.987     5.50    4.35
 -86255.595   122.969     6.85    4.14
 -85966.330   125.162     7.58    4.19
 -85677.087   127.146     6.86    4.48
 -85387.867   128.812     5.76    4.44
 -85098.670   130.051     4.28    4.26
 -84809.497   131.022     3.36    3.99
 -84520.346   131.874     2.95    3.86
 -84231.218   133.210     4.62    4.32
 -83942.114   134.899     5.84    5.47
 -83653.032   136.585     5.83    6.13
 -83363.974   138.489     6.59    6.66
 -83074.938   140.474     6.87    6.99
 -82785.926   142.157     5.82    7.03
 -82496.936   141.795    -1.25    8.27
 -82207.969   140.116    -5.81   10.10
 -81919.026   138.455    -5.75   10.86
 -81630.105   137.506    -3.28   10.56
 -81341.207   137.216    -1.00    9.92
 -81052.333   137.979     2.64   10.18
 -80763.481   140.460     8.59   11.39
 -80474.652   143.289     9.80   11.69
 -80185.846   147.920    16.04   10.35
 -79897.063   151.270    11.60    9.03
 -79608.303   154.776    12.14    7.47
 -79319.566   156.317     5.34    7.06
 -79030.852   157.732     4.90    7.01
 -78742.161   159.363     5.65    7.05
 -78453.493   161.754     8.28    7.08
 -78164.847   164.700    10.21    7.54
 -77876.225   168.711    13.90    7.94
 -77587.625   172.141    11.89    8.49
 -77299.048   176.472    15.01    8.55
 -77010.494   180.157    12.77    8.93
 -76721.963   184.124    13.75    9.27
 -76433.455   188.227    14.22    9.14
 -76144.970   191.494    11.32    8.55
 -75856.508   193.700     7.65    7.66
 -75568.068   194.096     1.37    7.42
 -75279.651   193.278    -2.83    9.03
 -74991.257   191.756    -5.28   10.81
 -74702.886   188.401   -11.64   12.93
 -74414.538   183.162   -18.17   16.02
 -74126.213   176.217   -24.09   20.70
 -73837.910   168.345   -27.31   22.75
 -73549.631   160.912   -25.79   22.61
 -73261.374   154.832   -21.09   19.69
 -72973.139   149.823   -17.38   14.57
 -72684.928   147.766    -7.14   10.76
 -72396.740   148.645     3.05    9.72
 -72108.574   151.601    10.26    7.98
 -71820.431   153.989     8.29    5.63
 -71532.311   154.316     1.13    5.36
 -71244.213   154.525     0.72    5.59
 -70956.138   155.656     3.93    5.88
 -70668.086   156.779     3.90    6.51
 -70380.057   158.612     6.36    7.08
 -70092.051   160.483     6.50    7.55
 -69804.067   162.601     7.36    7.24
 -69516.106   164.885     7.93    6.64
 -69228.168   166.778     6.58    5.65
 -68940.252   168.412     5.67    5.43
 -68652.360   169.934     5.29    5.50
 -68364.489   171.537     5.57    5.96
 -68076.642   173.450     6.65    6.00
 -67788.817   175.150     5.91    5.89
 -67501.015   175.845     2.41    6.76
 -67213.236   175.134    -2.47    8.81
 -66925.479   172.567    -8.92   11.57
 -66637.745   169.867    -9.38   11.99
 -66350.034   168.063    -6.27   11.03
 -66062.346   167.712    -1.22    9.77
 -65774.680   167.898     0.65    8.47
 -65487.036   169.272     4.78    8.27
 -65199.416   172.367    10.76    8.55
 -64911.818   176.765    15.30    7.31
 -64624.242   180.494    12.97    6.24
 -64336.689   183.281     9.69    6.08
 -64049.159   185.248     6.84    6.10
 -63761.652   187.352     7.32    6.16
 -63474.167   189.085     6.03    6.09
 -63186.705   190.504     4.94    5.87
 -62899.265   191.865     4.73    5.63
 -62611.848   193.840     6.87    6.01
 -62324.453   195.961     7.38    6.38
 -62037.081   198.120     7.52    6.20
 -61749.732   200.152     7.07    5.70
 -61462.405   201.958     6.29    4.85
 -61175.101   203.205     4.34    3.88
 -60887.820   203.646     1.53    3.22
 -60600.561   202.899    -2.60    3.64
 -60313.324   200.647    -7.84    5.37
 -60026.110   197.827    -9.82    7.08
 -59738.919   194.807   -10.52    7.79
 -59451.750   191.820   -10.40    7.46
 -59164.603   189.571    -7.83    6.46
 -58877.480   187.878    -5.89    5.30
 -58590.378   187.345    -1.86    4.83
 -58303.299   188.125     2.72    5.91
 -58016.243   190.798     9.31    7.68
 -57729.209   194.472    12.80    8.97
 -57442.198   197.539    10.69    9.59
 -57155.209   199.699     7.53    9.30
 -56868.243   201.468     6.16    8.80
 -56581.299   202.986     5.29    7.96
 -56294.378   203.936     3.31    7.82
 -56007.479   204.625     2.40    7.67
 -55720.602   205.863     4.32    7.68
 -55433.749   208.134     7.92    7.80
 -55146.917   211.294    11.02    7.65
 -54860.108   214.483    11.12    7.49
 -54573.321   216.942     8.58    7.52
 -54286.557   219.536     9.04    7.77
 -53999.815   223.001    12.08    9.05
 -53713.096   226.756    13.10    9.88
 -53426.399   231.045    14.96    9.96
 -53139.725   235.012    13.84   10.04
 -52853.072   239.045    14.07    9.46
 -52566.443   241.789     9.58    7.93
 -52279.835   240.367    -4.96   11.90
 -51993.251   234.470   -20.58   19.33
 -51706.688   226.834   -26.65   22.63
 -51420.148   219.094   -27.01   22.72
 -51133.630   213.445   -19.72   20.28
 -50847.135   212.254    -4.16   19.51
 -50560.662   215.334    10.75   21.84
 -50274.211   221.777    22.49   24.15
 -49987.783   227.577    20.25   23.39
 -49701.377   230.067     8.69   23.53
 -49414.993   230.802     2.57   24.25
 -49128.632   231.994     4.16   23.55
 -48842.293   232.856     3.01   21.92
 -48555.976   236.948    14.29   20.78
 -48269.682   243.189    21.80   18.56
 -47983.410   248.189    17.47   15.92
 -47697.160   252.316    14.42   12.35
 -47410.933   256.272    13.82    8.89
 -47124.728   258.744     8.64    5.88
 -46838.545   259.459     2.50    5.54
 -46552.384   257.904    -5.43    7.30
 -46266.246   255.786    -7.40    8.58
 -45980.130   254.331    -5.09    8.72
 -45694.036   253.720    -2.13    8.24
 -45407.965   253.496    -0.79    7.01
 -45121.916   252.885    -2.13    6.22
 -44835.889   251.874    -3.53    5.93
 -44549.884   250.526    -4.71    6.49
 -44263.902   248.700    -6.39    7.37
 -43977.942   246.908    -6.27    7.41
 -43692.004   245.349    -5.45    6.68
 -43406.088   243.571    -6.22    6.40
 -43120.194   242.434    -3.98    5.55
 -42834.323   241.135    -4.54    5.16
 -42548.474   240.019    -3.90    4.98
 -42262.647   238.522    -5.24    4.92
 -41976.842   236.969    -5.44    5.24
 -41691.060   235.004    -6.87    6.14
 -41405.300   232.265    -9.59    7.03
 -41119.562   228.195   -14.25    7.82
 -40833.846   224.285   -13.69    8.76
 -40548.152   221.668    -9.16    8.77
 -40262.480   219.248    -8.47    7.92
 -39976.831   217.205    -7.15    7.70
 -39691.204   216.206    -3.50    6.15
 -39405.598   215.019    -4.16    5.00
 -39120.015   213.234    -6.25    5.43
 -38834.455   209.556   -12.88    7.80
 -38548.916   204.223   -18.68   10.81
 -38263.399   200.101   -14.44   11.96
 -37977.905   196.656   -12.07   12.39
 -37692.432   193.832    -9.89   12.26
 -37406.982   191.389    -8.56   11.93
 -37121.554   189.967    -4.98   12.14
 -36836.148   189.612    -1.25   12.42
 -36550.764   190.499     3.11   12.00
 -36265.402   190.881     1.34   12.31
 -35980.063   189.019    -6.52   13.54
 -35694.745   186.956    -7.23   13.95
 -35409.449   184.777    -7.64   14.65
 -35124.176   181.434   -11.72   14.53
 -34838.924   179.501    -6.78   14.02
 -34553.695   178.701    -2.80   13.21
 -34268.487   176.821    -6.59   12.96
 -33983.302   176.489    -1.16   12.03
 -33698.139   176.352    -0.48   11.79
 -33412.998   176.711     1.26   11.30
 -33127.878   177.657     3.32   10.94
 -32842.781   177.134    -1.83   11.10
 -32557.706   176.270    -3.03   11.91
 -32272.653   175.908    -1.27   12.13
 -31987.622   176.571     2.33   11.44
 -31702.613   178.371     6.32   10.27
 -31417.626   179.964     5.59   10.04
 -31132.660   181.983     7.08    9.86
 -30847.717   183.306     4.64    9.58
 -30562.796   183.936     2.21    9.05
 -30277.897   184.721     2.75    8.71
 -29993.020   184.015    -2.48    8.33
 -29708.164   181.404    -9.17    8.88
 -29423.331   177.483   -13.77    9.89
 -29138.520   173.356   -14.49   11.10
 -28851.017   168.342   -17.44   12.44
 -28561.372   163.012   -18.40   11.98
 -28271.749   157.798   -18.00    9.65
 -27982.150   153.037   -16.44    7.48
 -27692.573   148.657   -15.13    7.81
 -27403.020   145.022   -12.55    8.26
 -27113.490   141.173   -13.30    8.48
 -26823.982   138.108   -10.59    7.98
 -26534.498   135.667    -8.43    7.22
 -26245.037   133.272    -8.28    5.92
 -25955.599   132.015    -4.34    5.45
 -25666.184   130.786    -4.25    5.52
 -25376.792   128.710    -7.17    6.24
 -25087.423   126.313    -8.28    6.92
 -24798.076   123.320   -10.34    7.72
 -24508.753   119.722   -12.43    8.16
 -24219.453   115.331   -15.18    7.20
 -23930.176   111.807   -12.18    6.03
 -23640.922   108.236   -12.35    6.06
 -23351.691   105.334   -10.03    5.71
 -23062.483   102.852    -8.58    5.26
 -22773.297   100.920    -6.68    4.33
 -22484.135    99.167    -6.06    3.33
 -22194.996    98.108    -3.66    2.49
 -21905.880    97.553    -1.92    1.73
 -21616.786    97.850     1.03    2.01
 -21327.716    99.157     4.52    4.22
 -21038.668   100.953     6.22    5.66
 -20749.644   103.417     8.53    6.49
 -20460.642   106.194     9.61    7.12
 -20171.663   109.752    12.31    7.50
 -19882.707   113.205    11.95    7.39
 -19593.774   116.548    11.57    8.35
 -19304.864   119.733    11.02    9.72
 -19015.977   123.712    13.77   10.20
 -18727.113   127.807    14.18    9.50
 -18438.271   131.563    13.00    9.13
 -18149.453   135.087    12.20    9.86
 -17860.657   139.030    13.65   11.40
 -17571.884   143.797    16.51   14.46
 -17283.134   149.912    21.18   17.65
 -16994.407   157.098    24.89   19.61
 -16705.703   164.520    25.71   20.01
 -16417.021   172.338    27.08   20.20
 -16128.363   180.492    28.25   19.35
 -15839.727   188.506    27.77   18.78
 -15551.114   195.026    22.59   17.57
 -15262.524   200.766    19.89   16.30
 -14973.957   205.966    18.02   14.09
 -14685.412   210.402    15.37   11.02
 -14396.891   212.601     7.62    8.26
 -14108.392   212.625     0.08    7.91
 -13819.915   209.388   -11.22   12.48
 -13531.462   201.964   -25.74   18.52
 -13243.032   192.345   -33.35   22.07
 -12954.624   180.840   -39.89   23.44
 -12666.239   171.178   -33.50   20.26
 -12377.876   163.571   -26.38   17.01
 -12089.537   160.883    -9.32   16.89
 -11801.220   161.184     1.04   18.98
 -11512.926   164.700    12.20   22.27
 -11224.655   169.489    16.61   23.59
 -10936.406   174.514    17.43   21.98
 -10648.180   178.461    13.70   16.44
 -10359.977   178.130    -1.15   13.54
 -10071.797   172.645   -19.03   19.49
  -9783.639   164.439   -28.48   25.67
  -9495.504   155.112   -32.37   29.45
  -9207.392   142.096   -45.18   32.27
  -8919.302   127.832   -49.51   32.44
  -8631.236   113.887   -48.41   29.71
  -8343.191   100.448   -46.66   24.40
  -8055.170    88.689   -40.82   19.59
  -7767.171    78.801   -34.34   16.68
  -7479.195    70.722   -28.05   15.00
  -7191.241    65.678   -17.52   13.77
  -6903.310    63.448    -7.75   14.16
  -6615.402    62.245    -4.18   15.18
  -6327.516    62.206    -0.13   16.24
  -6039.653    62.656     1.56   17.11
  -5751.813    65.150     8.67   16.68
  -5463.995    66.667     5.27   14.21
  -5176.200    66.212    -1.58   12.70
  -4888.428    65.367    -2.93   10.65
  -4600.678    63.345    -7.03    9.68
  -4312.950    60.008   -11.60    9.58
  -4025.246    55.245   -16.55   10.14
  -3737.564    48.815   -22.35   11.76
  -3449.904    42.802   -20.90   12.24
  -3162.267    37.034   -20.05   12.77
  -2874.653    30.667   -22.14   14.60
  -2587.061    23.815   -23.83   15.32
  -2299.492    16.523   -25.36   14.67
  -2011.945    10.791   -19.93   12.99
  -1724.421     5.229   -19.34    9.51
  -1436.920     2.060   -11.02    6.11
  -1149.440     0.139    -6.68    2.43
   -861.984    -0.322    -1.60    0.00
   -574.550    -0.322     0.00    0.00
   -287.139    -0.322     0.00    0.00
      0.250    -0.322     0.00    0.00
    287.617    -0.322     0.00    0.00
    574.961    -0.322     0.00    0.00
    862.282    -0.322     0.00    0.00
   1149.581    -0.322     0.00    0.00
   1436.857     0.162     1.68    1.83
   1724.111     0.956     2.77    2.70
   2011.343     2.012     3.67    3.39
   2298.552     3.173     4.04    3.79
   2585.738     4.364     4.15    3.86
   2872.902     5.412     3.65    3.52
   3160.044     6.622     4.22    2.87
   3447.163     7.712     3.80    1.87
   3734.260     9.072     4.74    3.26
   4021.334    10.847     6.18    4.91
   4308.386    12.856     7.00    5.98
   4595.415    15.240     8.31    6.09
   4882.422    17.326     7.27    5.55
   5169.407    19.334     7.00    4.28
   5456.369    20.940     5.60    2.40
   5743.308    21.856     3.19    1.63
   6030.226    22.389     1.86    1.49
   6317.121    22.978     2.05    1.60
   6603.993    23.633     2.28    1.92
   6890.843    24.263     2.20    2.12
   7177.671    24.959     2.43    2.11
   7464.476    25.588     2.19    2.06
   7751.260    26.316     2.54    2.04
   8038.020    27.019     2.45    1.88
   8324.758    27.378     1.25    1.76
   8611.474    27.744     1.28    1.47
   8898.168    27.923     0.62    1.45
   9184.839    27.843    -0.28    1.55
   9471.488    27.557    -1.00    1.78
   9758.115    27.087    -1.64    1.88
  10044.719    26.678    -1.43    1.86
  10331.301    26.250    -1.50    1.92
  10617.861    25.775    -1.66    1.93
  10904.398    25.005    -2.69    2.22
  11190.913    24.146    -3.00    2.31
  11477.406    23.415    -2.55    2.49
  11763.876    22.634    -2.73    2.34
  12050.324    21.678    -3.34    2.31
  12336.750    20.926    -2.63    2.35
  12623.154    20.373    -1.93    2.20
  12909.535    20.242    -0.46    2.15
  13195.894    20.287     0.16    2.04
  13482.231    20.489     0.71    2.13
  13768.545    20.867     1.32    2.26
  14054.838    21.548     2.38    2.24
  14341.108    22.232     2.39    1.90
  14627.356    22.912     2.38    1.37
  14913.581    23.370     1.60    0.95
  15199.784    23.646     0.96    0.86
  15485.966    23.802     0.55    0.75
  15772.125    23.885     0.29    0.70
  16058.261    23.883    -0.01    0.72
  16344.376    23.912     0.10    0.69
  16630.468    23.870    -0.15    0.66
  16916.538    23.917     0.17    0.72
  17202.586    24.063     0.51    0.73
  17488.612    24.201     0.48    0.80
  17774.615    24.514     1.09    0.99
  18060.597    24.883     1.29    1.17
  18346.556    25.146     0.92    1.19
  18632.493    25.537     1.37    1.15
  18918.408    25.645     0.38    1.12
  19204.301    25.797     0.53    1.08
  19490.171    26.044     0.87    1.03
  19776.020    26.112     0.24    1.03
  20061.846    26.327     0.75    1.14
  20347.650    26.489     0.57    1.23
  20633.432    26.722     0.81    1.35
  20919.192    27.056     1.17    1.40
  21204.930    27.345     1.01    1.36
  21490.646    27.467     0.43    1.30
  21776.339    27.462    -0.02    1.30
  22062.011    27.094    -1.29    1.47
  22347.660    26.612    -1.69    1.65
  22633.288    25.928    -2.39    1.67
  22918.893    25.184    -2.61    1.43
  23204.476    24.501    -2.39    1.07
  23490.037    24.094    -1.42    1.04
  23775.577    23.633    -1.61    0.98
  24061.094    23.263    -1.30    0.96
  24346.589    22.923    -1.19    0.92
  24632.061    22.723    -0.70    0.94
  24917.512    22.532    -0.67    0.90
  25202.941    22.409    -0.43    0.85
  25488.348    22.341    -0.24    0.88
  25773.733    22.235    -0.37    0.88
  26059.096    22.101    -0.47    0.87
  26344.436    22.015    -0.30    0.84
  26629.755    21.917    -0.35    0.84
  26915.052    21.878    -0.14    0.86
  27200.326    21.845    -0.12    0.85
  27485.579    21.858     0.05    0.91
  27770.810    21.997     0.49    0.90
  28056.019    22.042     0.16    0.97
  28341.205    22.178     0.48    0.96
  28626.370    22.478     1.05    0.95
  28911.513    22.787     1.08    1.08
  29196.634    23.141     1.24    1.18
  29481.733    23.689     1.92    1.30
  29766.810    24.113     1.49    1.24
  30051.865    24.689     2.02    1.36
  30336.898    25.151     1.62    1.37
  30621.909    25.678     1.85    1.42
  30906.898    25.914     0.83    1.34
  31191.866    26.134     0.77    1.38
  31476.811    26.200     0.23    1.36
  31761.735    26.093    -0.37    1.32
  32046.636    25.934    -0.56    1.34
  32331.516    25.754    -0.63    1.34
  32616.373    25.407    -1.22    1.36
  32901.209    25.128    -0.98    1.26
  33189.803    24.766    -1.25    1.06
  33479.441    24.603    -0.56    1.05
  33769.056    24.412    -0.66    1.00
  34058.648    24.019    -1.36    0.87
  34348.217    23.774    -0.84    0.98
  34637.763    23.428    -1.19    1.08
  34927.286    23.105    -1.12    1.21
  35216.786    22.756    -1.21    1.27
  35506.263    22.316    -1.52    1.28
  35795.717    21.944    -1.28    1.18
  36085.148    21.466    -1.65    1.13
  36374.557    21.124    -1.18    1.06
  36663.942    20.843    -0.97    1.00
  36953.305    20.589    -0.88    0.91
  37242.644    20.323    -0.92    0.94
  37531.961    20.298    -0.09    0.98
  37821.254    20.189    -0.38    1.07
  38110.525    20.115    -0.26    1.12
  38399.773    20.146     0.11    1.10
  38688.998    20.074    -0.25    1.09
  38978.200    20.027    -0.16    1.10
  39267.379    19.878    -0.51    1.04
  39556.536    19.700    -0.62    1.03
  39845.669    19.646    -0.19    1.07
  40134.780    19.476    -0.59    1.12
  40423.868    19.205    -0.94    1.19
  40712.933    18.901    -1.05    1.11
  41001.975    18.625    -0.95    1.10
  41290.994    18.389    -0.81    0.97
  41579.990    18.278    -0.38    0.91
  41868.964    18.037    -0.84    0.92
  42157.915    17.883    -0.53    0.93
  42446.843    17.798    -0.29    0.96
  42735.748    17.734    -0.22    0.99
  43024.630    17.732    -0.01    0.97
  43313.490    17.722    -0.04    0.95
  43602.326    17.645    -0.27    0.97
  43891.140    17.624    -0.07    1.01
  44179.931    17.467    -0.54    1.00
  44468.700    17.437    -0.11    0.98
  44757.445    17.283    -0.53    0.95
  45046.168    17.270    -0.05    0.92
  45334.868    17.194    -0.26    0.90
  45623.546    17.156    -0.13    0.88
  45912.200    17.173     0.06    0.83
  46200.832    17.189     0.06    0.93
  46489.441    17.140    -0.17    0.92
  46778.027    17.212     0.25    0.91
  47066.591    17.276     0.22    0.96
  47355.132    17.320     0.15    0.93
  47643.650    17.389     0.24    0.86
  47932.145    17.412     0.08    0.90
  48220.618    17.412     0.00    0.88
  48509.068    17.577     0.57    0.91
  48797.496    17.501    -0.27    0.88
  49085.900    17.534     0.12    0.91
  49374.282    17.525    -0.03    0.88
  49662.642    17.645     0.42    0.85
  49950.978    17.656     0.04    0.86
  50239.292    17.499    -0.55    0.85
  50527.584    17.445    -0.19    0.89
  50815.852    17.212    -0.81    0.93
  51104.098    17.134    -0.27    0.95
  51392.322    17.030    -0.36    0.96
  51680.522    17.019    -0.04    1.00
  51968.701    17.072     0.18    0.98
  52256.856    17.060    -0.04    0.98
  52544.989    16.889    -0.59    0.99
  52833.099    16.959     0.24    0.93
  53121.187    17.004     0.16    0.95
  53409.252    17.096     0.32    0.94
  53697.294    17.151     0.19    0.89
  53985.314    17.038    -0.39    0.84
  54273.311    17.269     0.80    0.85
  54561.286    17.531     0.91    0.85
  54849.238    17.791     0.90    0.96
  55137.168    18.195     1.40    1.22
  55425.075    18.415     0.76    1.27
  55712.959    18.766     1.22    1.31
  56000.821    19.112     1.20    1.22
  56288.660    19.353     0.84    1.20
  56576.477    19.519     0.58    1.16
  56864.271    19.644     0.43    1.16
  57152.043    19.678     0.12    1.09
  57439.792    19.589    -0.31    1.11
  57727.519    19.327    -0.91    1.08
  58015.223    19.272    -0.19    1.09
  58302.904    19.263    -0.03    1.03
  58590.564    19.117    -0.51    1.00
  58878.200    19.067    -0.17    1.00
  59165.814    19.004    -0.22    1.11
  59453.406    18.993    -0.04    1.13
  59740.975    18.744    -0.86    1.23
  60028.522    18.393    -1.22    1.18
  60316.046    18.134    -0.90    1.17
  60603.548    17.803    -1.15    1.07
  60891.027    17.412    -1.36    0.95
  61178.484    17.285    -0.44    0.85
  61465.918    17.012    -0.95    0.70
  61753.330    16.978    -0.12    0.74
  62040.720    16.920    -0.20    0.86
  62328.087    16.934     0.05    0.89
  62615.431    16.989     0.19    0.91
  62902.754    16.982    -0.03    0.91
  63190.053    16.901    -0.28    0.92
  63477.331    16.867    -0.12    0.99
  63764.586    16.812    -0.19    0.93
  64051.818    16.821     0.03    0.94
  64339.029    16.776    -0.16    0.91
  64626.216    16.812     0.12    0.89
  64913.382    16.802    -0.03    0.84
  65200.525    16.881     0.27    0.69
  65487.646    16.824    -0.20    0.75
  65774.744    16.723    -0.35    0.80
  66061.820    16.823     0.35    0.79
  66348.873    16.807    -0.05    0.77
  66635.905    16.733    -0.26    0.76
  66922.914    16.590    -0.50    0.86
  67209.900    16.503    -0.31    0.84
  67496.864    16.534     0.11    0.83
  67783.806    16.481    -0.19    0.88
  68070.726    16.389    -0.32    0.86
  68357.623    16.283    -0.37    0.84
  68644.498    16.356     0.25    0.81
  68931.351    16.371     0.05    0.88
  69218.181    16.267    -0.36    0.90
  69504.989    16.184    -0.29    0.95
  69791.775    16.052    -0.46    0.98
  70078.539    15.931    -0.42    0.97
  70365.280    15.856    -0.26    1.00
  70651.999    15.755    -0.35    0.99
  70938.695    15.733    -0.08    1.07
  71225.370    15.656    -0.27    1.04
  71512.022    15.635    -0.07    0.99
  71798.652    15.689     0.19    0.94
  72085.260    15.711     0.08    0.95
  72371.845    15.570    -0.49    0.91
  72658.408    15.512    -0.20    0.90
  72944.949    15.420    -0.32    0.81
  73231.468    15.278    -0.49    0.83
  73517.964    15.200    -0.27    0.86
  73804.439    15.091    -0.38    0.88
  74090.891    15.001    -0.32    0.86
  74377.321    14.915    -0.30    0.84
  74663.728    14.733    -0.64    0.88
  74950.114    14.701    -0.11    0.86
  75236.477    14.611    -0.31    0.86
  75522.818    14.578    -0.11    0.84
  75809.137    14.548    -0.11    0.85
  76095.434    14.434    -0.40    0.84
  76381.709    14.396    -0.13    0.84
  76667.961    14.232    -0.57    0.90
  76954.191    14.157    -0.26    0.91
  77240.400    14.034    -0.43    0.88
  77526.586    13.926    -0.38    0.83
  77812.749    13.821    -0.36    0.85
  78098.891    13.775    -0.16    0.81
  78385.011    13.754    -0.08    0.84
  78671.108    13.711    -0.15    0.72
  78957.184    13.625    -0.30    0.68
  79243.237    13.546    -0.27    0.73
  79529.268    13.499    -0.17    0.72
  79815.277    13.420    -0.27    0.70
  80101.264    13.426     0.02    0.68
  80387.229    13.345    -0.28    0.73
  80673.172    13.242    -0.36    0.82
  80959.093    13.270     0.10    0.78
  81244.991    13.309     0.14    0.79
  81530.868    13.331     0.08    0.83
  81816.723    13.278    -0.18    0.83
  82102.555    13.218    -0.21    0.80
  82388.365    13.289     0.25    0.76
  82674.154    13.309     0.07    0.78
  82959.920    13.270    -0.14    0.80
  83245.665    13.313     0.15    0.88
  83531.387    13.352     0.14    0.90
  83817.087    13.492     0.49    0.83
  84102.765    13.523     0.11    0.81
  84388.422    13.612     0.31    0.78
  84674.056    13.601    -0.04    0.74
  84959.668    13.689     0.31    0.71
  85245.258    13.646    -0.15    0.73
  85530.826    13.667     0.08    0.72
  85816.373    13.678     0.04    0.71
  86101.897    13.701     0.08    0.78
  86387.399    13.722     0.08    0.76
  86672.880    13.722    -0.00    0.77
  86958.338    13.755     0.12    0.82
  87243.774    13.723    -0.11    0.85
  87529.189    13.701    -0.08    0.83
  87814.581    13.712     0.04    0.83
  88099.952    13.678    -0.12    0.81
  88385.300    13.656    -0.08    0.89
  88670.627    13.667     0.04    0.89
  88955.932    13.525    -0.50    0.92
  89241.215    13.577     0.18    0.89
  89526.475    13.529    -0.17    0.92
  89811.714    13.391    -0.48    0.94
  90096.931    13.397     0.02    0.84
  90382.127    13.364    -0.12    0.84
  90667.300    13.462     0.34    0.82
  90952.451    13.489     0.09    0.90
  91237.581    13.578     0.31    0.96
  91522.688    13.611     0.11    0.94
  91807.774    13.690     0.28    0.99
  92092.838    13.770     0.28    1.05
  92377.880    13.849     0.28    0.94
  92662.900    13.793    -0.19    0.95
  92947.899    13.858     0.23    0.91
  93232.875    13.791    -0.24    0.92
  93517.830    13.803     0.04    0.87
  93802.762    13.757    -0.16    0.87
  94087.673    13.747    -0.04    0.87
  94372.563    13.701    -0.16    0.90
  94657.430    13.803     0.36    0.88
  94942.297    13.644    -0.56    0.83
  95231.957    13.633    -0.04    0.82
  95521.593    13.521    -0.39    0.88
  95811.207    13.337    -0.63    0.86
  96100.798    13.156    -0.63    0.84
  96390.366    12.940    -0.75    0.89
  96679.911    12.883    -0.20    0.91
  96969.433    12.803    -0.27    0.89
  97258.932    12.724    -0.27    0.87
  97548.408    12.678    -0.16    0.94
  97837.862    12.519    -0.55    0.95
  98127.293    12.467    -0.18    0.99
  98416.701    12.345    -0.42    1.05
  98706.086    12.247    -0.34    1.25
  98995.448    12.143    -0.36    1.28
  99284.787    12.035    -0.38    1.35
  99574.104    11.962    -0.25    1.33
  99863.397    11.899    -0.22    1.37
 100152.668    11.997     0.34    1.42
 100441.916    11.986    -0.04    1.38
 100731.142    11.997     0.04    1.33
 101020.344    12.038     0.14    1.34
 101309.524    12.078     0.14    1.37
 101598.681    12.065    -0.05    1.43
 101887.815    12.001    -0.22    1.39
 102176.926    11.985    -0.05    1.38
 102466.015    12.023     0.13    1.40
 102755.081    12.074     0.18    1.32
 103044.124    12.162     0.31    1.23
 103333.144    12.118    -0.15    1.12
 103622.142    12.101    -0.06    1.10
 103911.117    12.030    -0.24    1.38
 104200.069    11.831    -0.69    1.87
 104488.998    11.407    -1.47    2.21
 104777.905    11.081    -1.13    2.41
 105066.789    10.865    -0.75    2.49
 105355.650    10.757    -0.37    2.41
 105644.489    10.599    -0.55    2.35
 105933.305    10.689     0.31    2.39
 106222.098    10.852     0.56    2.29
 106510.868    11.529     2.34    1.60
 106799.616    11.896     1.27    0.97
 107088.341    12.022     0.44    0.84
 107377.044    12.118     0.33    0.82
 107665.724    12.212     0.32    0.86
 107954.381    12.263     0.18    0.81
 108243.015    12.251    -0.04    0.88
 108531.627    12.272     0.07    0.84
 108820.216    12.399     0.44    0.97
 109108.783    12.472     0.25    0.96
 109397.327    12.472     0.00    0.93
 109685.848    12.442    -0.10    0.91
 109974.347    12.546     0.36    0.91
 110262.823    12.622     0.26    0.86
 110551.276    12.544    -0.27    0.73
 110839.707    12.601     0.20    0.71
 111128.116    12.689     0.31    0.74
 111416.501    12.775     0.30    0.77
 111704.864    12.798     0.08    0.74
 111993.205    12.806     0.03    0.74
 112281.523    12.896     0.31    0.75
 112569.818    12.934     0.13    0.76
 112858.091    12.917    -0.06    0.77
 113146.341    12.937     0.07    0.75
 113434.569    12.942     0.02    0.80
 113722.774    12.961     0.07    0.87
 114010.957    13.004     0.15    0.85
 114299.117    13.076     0.25    0.82
 114587.254    13.015    -0.21    0.87
 114875.369    12.986    -0.10    0.80
 115163.462    12.978    -0.03    0.76
 115451.532    13.094     0.40    0.74
 115739.579    13.101     0.02    0.72
 116027.604    13.089    -0.04    0.73
 116315.607    13.151     0.21    0.69
 116603.587    13.101    -0.17    0.69
 116891.544    13.023    -0.27    0.75
 117179.479    12.876    -0.51    0.69
 117467.392    12.856    -0.07    0.66
 117755.282    12.876     0.07    0.73
 118043.150    12.775    -0.35    0.77
 118330.995    12.656    -0.41    0.76
 118618.817    12.442    -0.74    0.87
 118906.618    12.144    -1.04    1.04
 119194.395    11.712    -1.50    1.21
 119482.151    11.206    -1.76    1.21
 119769.884    10.667    -1.87    1.31
 120057.594     9.912    -2.62    1.48
 120345.282     9.012    -3.13    1.68
 120632.948     7.997    -3.53    2.07
 120920.591     6.768    -4.27    2.58
 121208.212     5.386    -4.80    3.10
 121495.811     4.023    -4.74    3.14
 121783.387     2.847    -4.09    3.13
 122070.941     0.985    -6.47    3.66
 122358.472    -0.126    -3.86    3.47
 122645.981    -0.603    -1.66    3.33
 122933.467    -0.142     1.60    3.81
 123220.932     1.123     4.40    4.31
 123508.373     2.341     4.24    4.48
 123795.793     4.046     5.93    4.04
 124083.190     5.841     6.24    2.87
 124370.565     6.667     2.87    2.49
 124657.917     7.469     2.79    2.50
 124945.247     7.981     1.78    2.71
 125232.555     8.368     1.35    2.76
 125519.841     8.689     1.12    2.76
 125807.104     9.123     1.51    2.78
 126094.345     9.588     1.62    2.75
 126381.563     9.862     0.95    2.72
 126668.759     9.888     0.09    2.70
 126955.933     9.690    -0.69    2.85
 127243.085     9.097    -2.06    2.92
 127530.214     8.516    -2.02    3.25
 127817.322     7.451    -3.71    3.35
 128104.406     6.367    -3.77    3.75
 128391.469     5.345    -3.56    4.22
 128678.509     4.156    -4.14    4.75
 128965.527     3.008    -4.00    5.16
 129252.523     1.725    -4.47    5.28
 129539.497     0.269    -5.07    5.46
 129826.448    -1.742    -7.01    5.57
 130113.377    -4.031    -7.98    5.47
 130400.284    -7.083   -10.64    7.63
 130687.169   -11.176   -14.26    9.33
 130974.031   -15.333   -14.49    9.82
 131260.871   -19.524   -14.61    9.13
 131547.689   -23.140   -12.61    7.48
 131834.485   -26.008   -10.00    5.04
 132121.259   -27.873    -6.51    1.87
 132408.010   -28.322    -1.56    0.00
 132694.739   -28.322     0.00    0.00
 132981.446   -28.322     0.00    0.00
 133268.131   -28.322     0.00    0.00
 133554.794   -28.322     0.00    0.00
 133841.434   -28.322     0.00    0.00
 134128.053   -28.322     0.00    0.00
 134414.649   -28.322     0.00    0.00
 134701.223   -28.322     0.00    0.00
 134987.775   -28.322     0.00    0.00
 135274.305   -28.322     0.00    0.00
 135560.812   -28.322     0.00    0.00
 135847.298   -28.322     0.00    0.00
 136133.761   -28.322     0.00    0.00
 136420.203   -28.322     0.00    0.00
 136706.622   -28.322     0.00    0.00
 136993.019   -28.322     0.00    0.00
 137279.394   -28.322     0.00    0.00
 137565.747   -28.322     0.00    0.00
 137852.077   -28.322     0.00    0.00
 138138.386   -28.322     0.00    0.00
 138424.673   -28.322     0.00    0.00
 138710.937   -28.322     0.00    0.00
 138997.180   -28.322     0.00    0.00
 139283.400   -28.322     0.00    0.00
 139569.599   -28.322     0.00    0.00
 139855.775   -28.322     0.00    0.00
 140141.929   -28.322     0.00    0.00
 140428.062   -28.322     0.00    0.00
 140714.172   -28.322     0.00    0.00
 141000.260   -28.322     0.00    0.00
 141286.326   -28.322     0.00    0.00
 141572.370   -28.322     0.00    0.00
 141858.392   -28.322     0.00    0.00
 142144.393   -28.322     0.00    0.00
 142430.371   -28.322     0.00    0.00
 142716.327   -28.147     0.61    0.74
 143002.261   -27.572     2.01    1.70
 143288.173   -26.666     3.17    2.67
 143574.063   -25.787     3.08    3.21
 143859.931   -24.594     4.17    3.69
 144145.778   -23.163     5.01    3.98
 144431.602   -21.822     4.69    3.97
 144717.404   -20.535     4.50    3.64
 145003.184   -19.594     3.29    3.44
 145288.943   -18.589     3.52    3.27
 145574.679   -17.391     4.19    3.33
 145860.394   -15.985     4.92    3.31
 146146.086   -14.694     4.52    3.36
 146431.757   -13.124     5.49    3.36
 146717.406   -11.447     5.87    2.95
 147003.033   -10.108     4.69    2.64
 147288.637    -8.944     4.08    2.21
 147574.220    -7.872     3.75    2.21
 147859.781    -6.850     3.58    2.21
 148145.321    -5.868     3.44    2.53
 148430.838    -4.717     4.03    3.03
 148716.333    -3.822     3.14    3.28
 149001.807    -2.531     4.52    3.39
 149287.259    -1.229     4.56    3.50
 149572.688    -0.094     3.97    3.49
 149858.096     1.296     4.87    3.37
 150143.482     2.612     4.61    3.15
 150428.846     3.544     3.27    3.02
 150714.189     4.587     3.66    2.69
 150999.509     5.299     2.49    2.35
 151284.808     5.802     1.76    2.18
 151570.085     6.184     1.34    1.97
 151855.340     6.598     1.45    1.97
 152140.573     7.001     1.41    2.02
 152425.784     7.465     1.63    1.86
 152710.974     7.856     1.37    1.74
 152996.142     8.261     1.42    1.61
 153281.288     8.567     1.07    1.49
 153566.412     9.038     1.65    1.31
 153851.514     9.471     1.52    1.31
 154136.595     9.892     1.47    1.43
 154421.654    10.337     1.56    1.40
 154706.691    10.678     1.20    1.36
 154991.706    11.145     1.64    1.32
 155276.699    11.536     1.37    1.28
 155561.671    11.876     1.20    1.28
 155846.621    12.151     0.96    1.25
 156131.549    12.423     0.95    1.21
 156416.456    12.656     0.82    1.14
 156701.340    12.889     0.82    1.04
 156987.340    12.978     0.31    1.06
 157276.988    13.128     0.52    1.02
 157566.613    13.303     0.61    1.02
 157856.215    13.454     0.52    0.94
 158145.794    13.456     0.01    0.87
 158435.350    13.501     0.15    0.84
 158724.884    13.512     0.04    0.85
 159014.395    13.462    -0.17    0.90
 159303.883    13.492     0.10    0.93
 159593.349    13.539     0.16    0.96
 159882.791    13.516    -0.08    1.02
 160172.211    13.747     0.80    1.14
 160461.608    13.806     0.20    1.10
 160750.983    13.897     0.31    1.04
 161040.335    13.951     0.19    1.01
 161329.664    13.974     0.08    1.08
 161618.970    13.962    -0.04    1.06
 161908.253    13.860    -0.35    1.07
 162197.514    13.826    -0.12    0.97
 162486.752    13.690    -0.47    0.97
 162775.968    13.597    -0.32    0.98
 163065.161    13.425    -0.59    1.07
 163354.331    13.196    -0.79    1.12
 163643.478    13.016    -0.62    1.09
 163932.603    12.849    -0.58    1.15
 164221.705    12.633    -0.74    1.19
 164510.784    12.301    -1.15    1.20
 164799.841    11.892    -1.41    1.43
 165088.875    11.403    -1.69    1.51
 165377.886    10.828    -1.99    1.47
 165666.875    10.173    -2.27    1.49
 165955.841     9.485    -2.38    1.62
 166244.785     8.826    -2.28    1.54
 166533.706     7.997    -2.87    1.73
 166822.604     7.134    -2.99    1.72
 167111.480     6.401    -2.54    1.64
 167400.333     5.690    -2.46    1.43
 167689.164     5.078    -2.12    1.37
 167977.971     4.423    -2.27    1.25
 168266.757     3.865    -1.93    1.17
 168555.519     3.305    -1.94    1.37
 168844.260     2.711    -2.05    1.38
 169132.977     2.146    -1.96    1.33
 169421.672     1.514    -2.19    1.44
 169710.345     0.733    -2.70    1.46
 169998.994     0.012    -2.50    1.54
 170287.622    -0.647    -2.28    1.48
 170576.227    -1.232    -2.02    1.52
 170864.809    -1.861    -2.18    1.46
 171153.369    -2.585    -2.51    1.32
 171441.906    -3.050    -1.61    1.24
 171730.420    -3.477    -1.48    1.22
 172018.913    -3.963    -1.68    1.18
 172307.382    -4.421    -1.59    1.33
 172595.829    -4.843    -1.47    1.32
 172884.254    -5.133    -1.00    1.12
 173172.656    -5.344    -0.73    1.06
 173461.036    -5.368    -0.08    1.08
 173749.393    -5.230     0.48    1.12
 174037.728    -5.122     0.37    1.05
 174326.040    -4.966     0.54    1.01
 174614.330    -5.029    -0.22    1.00
 174902.597    -5.086    -0.19    0.99
 175190.842    -5.174    -0.31    1.03
 175479.064    -5.356    -0.63    0.96
 175767.264    -5.458    -0.35    1.07
 176055.441    -5.699    -0.84    1.16
 176343.596    -6.011    -1.08    1.27
 176631.729    -6.355    -1.20    1.31
 176919.839    -6.704    -1.21    1.16
 177207.927    -6.883    -0.62    1.04
 177495.992    -6.942    -0.20    1.01
 177784.035    -6.891     0.18    1.00
 178072.056    -6.804     0.30    0.95
 178360.054    -6.686     0.41    0.94
 178648.030    -6.729    -0.15    0.90
 178935.983    -6.915    -0.65    0.97
 179223.914    -7.151    -0.82    1.04
 179511.823    -7.560    -1.42    1.03
 179799.709    -7.999    -1.53    1.22
 180087.573    -8.413    -1.43    1.37
 180375.415    -8.816    -1.40    1.48
 180663.234    -9.205    -1.35    1.52
 180951.031    -9.575    -1.28    1.68
 181238.805    -9.961    -1.34    1.78
 181526.557   -10.647    -2.38    2.14
 181814.287   -10.953    -1.06    2.07
 182101.995   -11.334    -1.33    1.98
 182389.680   -11.641    -1.07    1.99
 182677.343   -11.915    -0.95    1.95
 182964.983   -12.072    -0.54    1.75
