#   23.060 -10.562  25.678 ;Mean Elev.(m), Avg Gradient(m/km), RMS Gradient(m/km) - SRTM1     
#   19.065 -10.852  27.538 ;Mean Elev.(m), Avg Gradient(m/km), RMS Gradient(m/km) - ASTER GDEM
#   23.459  -5.182  24.365 ;Mean Elev.(m), Avg Gradient(m/km), RMS Gradient(m/km) - GMTED2010 
   1  48.201407  52.506968    85.190    84.759  7 54661.59957724  4.184
   2  48.193496  52.511300   141.051   137.370  5 54671.51522097  2.884
   3  48.166418  52.531551    20.560    22.552 32 54681.43085889 21.628
   5  48.169018  52.534256    22.129    23.192 31 54701.26214177 20.058
   7  48.166181  52.530723    28.186    28.203 32 54721.09344042 17.942
   9  48.204890  52.494978    28.343    28.315  4 54740.92474534 27.952
  12  48.201026  52.498499    49.997    33.583  7 54770.67168168 23.729
  13  48.132184  52.549357   190.193   190.193  2 54780.58730781  0.427
  14  48.204798  52.496063    28.227    28.041  3 54790.50296179 26.175
  16  48.138464  52.549359   174.411   174.411  2 54810.33422205  1.621
  17  48.198120  52.508577   119.117    80.003  9 54820.24987386 24.247
  18  48.186210  52.516526    80.321    50.999 19 54830.16552393 49.391
  19  48.184003  52.516309    68.132    53.049 19 54840.08116272 41.666
  20  48.148717  52.540432   223.177   223.448 21 54849.99680458  2.185
  21  48.169439  52.524732    28.090    28.085 29 54859.91245763 30.950
  22  48.168344  52.525795    28.108    28.086 30 54869.82810592 25.357
  23  48.197794  52.503532    50.596    37.908  9 54879.74375972 24.704
  24  48.179564  52.515418    28.229    28.221 23 54889.65940031 24.509
  25  48.190606  52.504508    59.724    42.814 13 54899.57504428 22.500
  26  48.177799  52.512715   115.216    76.323 20 54909.49068075 13.038
  27  48.186653  52.507549    68.807    46.945 17 54919.40632030 28.587
  28  48.187984  52.509337    78.694    46.568 17 54929.32195778 26.735
  29  48.186927  52.512241    28.648    28.659 18 54939.23759397 33.482
  30  48.170296  52.525640    28.648    28.638 29 54949.15322532 22.144
  31  48.166292  52.528726    28.183    28.053 33 54959.06886218 22.906
  32  48.180852  52.516883    24.862    26.049 22 54968.98451408 26.510
  33  48.166605  52.527854    28.382    28.364 33 54978.90015824 24.495
  34  48.165836  52.528972    27.950    28.112 33 54988.81580513 20.590
  35  48.175889  52.521320    28.089    28.057 25 54998.73145455 20.387
  36  48.179444  52.518315    27.957    27.924 23 55008.64710081 21.084
  37  48.183306  52.515544    26.921    27.421 20 55018.56274526 25.065
  38  48.173975  52.523330    27.348    27.815 27 55028.47838547 40.316
  39  48.166932  52.529941    28.120    28.094 33 55038.39402566 21.543
  40  48.166857  52.531906    28.472    28.493 32 55048.30966616 41.705
  41  48.188050  52.516901    28.086    28.189 17 55058.22530945 17.737
  42  48.167865  52.530172    26.847    27.723 32 55068.14094385 27.675
  43  48.179629  52.516749    27.271    27.581 23 55078.05659732 26.661
  44  48.170687  52.520445    28.015    28.022 29 55087.97224357 19.421
  45  48.169052  52.521521    25.386    26.723 30 55097.88788925 22.606
  46  48.174076  52.519206    24.931    26.102 27 55107.80353557 25.939
  47  48.165415  52.525865    27.864    27.809 33 55117.71917833 23.023
  48  48.171537  52.519854    27.789    27.836 28 55127.63482225 21.308
  49  48.175895  52.515103    27.939    27.938 23 55137.55046366 18.415
  50  48.178045  52.514413    28.050    28.044 22 55147.46610255 33.696
  51  48.188682  52.510372    56.745    41.953 16 55157.38174229 16.767
  52  48.183217  52.518290    27.754    27.737 20 55167.29737854 22.279
  53  48.192163  52.514147    64.200    45.642 15 55177.21301768 51.743
  54  48.176329  52.524863    28.177    28.176 26 55187.12865816 28.920
  55  48.198048  52.505964    28.283    27.940  9 55197.04431437 19.112
  56  48.201607  52.502148    28.213    28.218  6 55206.95996515 21.069
  57  48.191053  52.510752    41.394    27.837 15 55216.87561188 20.464
  58  48.186365  52.514187    27.901    27.909 17 55226.79125930 19.692
  59  48.180981  52.516068    28.105    28.088 21 55236.70690431 20.246
  60  48.185964  52.509070    27.920    27.903 17 55246.62254835 18.549
  61  48.182111  52.508884    28.221    28.119 15 55256.53818793 17.711
  62  48.182636  52.508582    28.931    28.411 16 55266.45382696 16.653
  63  48.145890  52.538905   212.349   228.855 19 55276.36945691 11.951
  64  48.181282  52.516661    31.275    31.672 22 55286.28510127 14.582
  65  48.143228  52.546883   147.921   176.612 15 55296.20072803 24.354
  66  48.186722  52.512923    67.134    48.582 17 55306.11637800 34.323
  67  48.183399  52.511609    28.189    28.561 19 55316.03202497 22.110
  68  48.163046  52.526163    28.602    28.699 33 55325.94766616 35.397
  69  48.180515  52.515986    28.592    28.572 21 55335.86331366 14.628
  70  48.166465  52.529192    29.109    28.478 32 55345.77895391 22.886
  71  48.180315  52.519779    27.894    27.863 23 55355.69459933 26.567
  72  48.180537  52.519066    27.484    27.611 23 55365.61024008 26.948
  73  48.176880  52.521554    28.473    28.447 24 55375.52587847 44.016
  74  48.176337  52.523779    27.777    27.863 25 55385.44151627 22.520
  75  48.186442  52.519090    27.959    28.000 18 55395.35715540 23.609
  76  48.177298  52.528017    27.919    27.933 26 55405.27279309 22.564
  77  48.168701  52.530915    28.325    28.329 32 55415.18844340 42.351
  78  48.166147  52.527524    27.773    27.783 33 55425.10409214 23.029
  79  48.163975  52.524831    28.041    27.993 34 55435.01973806 18.069
  80  48.161477  52.525475    28.343    28.331 32 55444.93538184 13.221
  81  48.164955  52.524739    27.148    27.900 33 55454.85102529 28.052
  82  48.165613  52.527418    26.465    27.414 33 55464.76666712 23.124
  83  48.176555  52.520953    27.603    27.737 24 55474.68230869 22.463
  84  48.182125  52.516048    27.819    27.792 21 55484.59794654 23.169
  85  48.165067  52.527162    28.515    28.014 32 55494.51357765 22.695
  86  48.177053  52.520138    27.744    27.773 24 55504.42921358 23.390
  87  48.175676  52.522562   108.404    90.544 12 55514.34486259 13.280
  88  48.187671  52.515927    49.166    28.408 17 55524.26051460 17.093
  89  48.189165  52.514797    96.535    59.222 16 55534.17616295 38.173
  90  48.146220  52.544206   116.255   141.609 18 55544.09180021 41.319
  91  48.175984  52.520192    28.199    28.184 26 55554.00745103 36.945
  92  48.144221  52.543530   140.842   183.484 16 55563.92308713 22.438
  93  48.141869  52.547306   125.130   182.470 15 55573.83872851 18.404
  94  48.137276  52.552049   125.311   186.272 11 55583.75436804 15.140
  95  48.142683  52.547751   148.637   188.295 15 55593.67000660 13.605
  96  48.166333  52.529081   119.331   118.030 16 55603.58564591 12.994
  97  48.193290  52.509070   112.063    48.448 13 55613.50128379 13.392
  98  48.189980  52.512780   114.228    56.653 15 55623.41691994 13.582
  99  48.151424  52.540658   131.422   160.844 16 55633.33256478 10.624
 100  48.195071  52.508450    28.295    28.289 12 55643.24822492 19.473
 101  48.190403  52.511001    43.725    30.431 14 55653.16387198 14.880
 102  48.136904  52.548075   169.274   192.841 12 55663.07950443 24.749
 103  48.180173  52.514433    78.034    56.547 21 55672.99515441 35.173
 104  48.171530  52.521439   106.029    95.989 12 55682.91079120 20.499
 105  48.183263  52.516843    29.122    28.884 20 55692.82643026 17.918
 106  48.169231  52.532111    29.397    28.820 32 55702.74206206 28.115
 107  48.169294  52.533531    28.302    28.259 31 55712.65770519 15.285
 108  48.191558  52.514506    63.951    43.546 14 55722.57335967 19.859
 109  48.183833  52.517593    28.158    28.138 20 55732.48900580 20.042
 110  48.177337  52.521233    27.687    28.031 24 55742.40465080 19.220
 111  48.177788  52.520868    28.093    27.980 24 55752.32029588 24.842
 112  48.167308  52.528898    28.148    28.147 32 55762.23593628 20.950
 113  48.176460  52.521674    25.997    26.537 25 55772.15157819 24.250
 114  48.166578  52.527512    28.428    28.410 32 55782.06721264 39.359
 115  48.175155  52.521594    27.869    27.860 26 55791.98284799 20.385
 116  48.168176  52.529482    26.162    27.536 32 55801.89847907 26.541
 117  48.166329  52.530867    28.871    27.686 32 55811.81412853 19.211
 118  48.197309  52.508180    46.970    34.625 11 55821.72978342 15.870
 119  48.182102  52.519150    26.119    26.947 21 55831.64542368 22.527
 120  48.180971  52.519170    28.068    27.903 22 55841.56106256 22.110
 121  48.188898  52.513198    27.897    27.807 16 55851.47670034 42.382
 122  48.185976  52.517780    36.292    28.132 19 55861.39233345 16.877
 123  48.184607  52.518323    68.159    53.787 19 55871.30798676 14.357
 124  48.184833  52.519097    75.172    56.722 20 55881.22363705 17.778
 125  48.185129  52.519459    38.056    28.664 19 55891.13928077 47.007
 126  48.184430  52.520580    28.478    28.494 20 55901.05491840 50.629
 127  48.152832  52.545384   157.324   178.576 20 55910.97054449 23.824
 128  48.191101  52.514014   107.596    53.402 14 55920.88620743 22.693
 129  48.195757  52.508510    58.620    37.788 12 55930.80186075 20.683
 130  48.150640  52.539799   134.895   168.157 19 55940.71749943 17.209
 131  48.146634  52.540325   142.981   181.199 19 55950.63314245 15.386
 132  48.175492  52.517810    27.533    27.567 25 55960.54878841 18.742
 133  48.185226  52.511504    27.669    27.638 18 55970.46442778 19.338
 134  48.185658  52.514318    28.297    28.280 19 55980.38006379 19.746
 135  48.143823  52.548434   146.667   204.672 14 55990.29568978 15.509
 136  48.189684  52.514462    70.268    44.877 15 56000.21134415 16.310
 137  48.183806  52.515568    28.309    28.299 20 56010.12699430 21.849
 138  48.186085  52.511712    60.114    47.729 17 56020.04264192 21.153
 139  48.164994  52.526680   162.684   162.987 32 56029.95828113  6.662
 140  48.187451  52.511734    51.538    28.363 16 56039.87392727 27.498
 141  48.193776  52.509757    66.734    40.705 13 56049.78956765 22.437
 142  48.168543  52.531474    28.648    28.641 32 56059.70519849 25.411
 143  48.189846  52.518142    36.363    28.168 16 56069.62083785 23.674
 144  48.182074  52.521230    28.727    28.539 22 56079.53648755 19.447
 145  48.185886  52.516419    28.370    28.251 19 56089.45213702 22.097
 146  48.184209  52.517367    28.756    28.569 20 56099.36778262 15.597
 147  48.182509  52.518238    28.298    28.308 20 56109.28341431 16.737
 148  48.179476  52.519543    28.116    28.094 23 56119.19905444 19.488
 149  48.180649  52.517917    28.250    28.234 22 56129.11469177 16.375
 150  48.172666  52.524154    26.943    27.512 28 56139.03032352 23.893
 151  48.183016  52.515650    27.921    27.893 21 56148.94597446 21.540
 152  48.181829  52.517473    26.542    26.412 21 56158.86162292 22.528
 153  48.179672  52.519782    28.181    28.190 23 56168.77726995 16.720
 154  48.181614  52.517306    24.211    25.431 21 56178.69291502 21.933
 155  48.181254  52.516089    26.469    27.782 22 56188.60855532 22.005
 156  48.181408  52.515870    27.926    27.928 21 56198.52419227 19.805
 157  48.184671  52.516661    28.116    28.108 19 56208.43982666 17.802
 158  48.168407  52.533728    29.591    28.320 31 56218.35545501 14.752
 159  48.191840  52.518095    38.794    28.201 15 56228.27110539 16.515
 160  48.187740  52.518880    54.211    31.528 17 56238.18675921 14.438
 161  48.191837  52.512881    51.665    37.098 14 56248.10241102 16.838
 162  48.184285  52.516792    68.368    52.027 19 56258.01805507 18.469
 163  48.184426  52.517324    28.534    28.544 20 56267.93369708 16.011
 164  48.167914  52.530664    28.065    28.057 32 56277.84933365 47.921
 165  48.166751  52.530283    28.053    28.055 32 56287.76498204 35.053
 166  48.176563  52.519693    28.071    28.099 24 56297.68063368 34.040
 167  48.164341  52.525139    28.077    28.063 33 56307.59627672 26.403
 168  48.140116  52.541441   124.774   173.909 17 56317.51191425 18.934
 169  48.171900  52.520003    28.129    28.124 27 56327.42756193 20.492
 170  48.171175  52.524499    27.779    27.816 28 56337.34320139 18.252
 171  48.176898  52.523631    27.995    28.028 26 56347.25884069 17.692
 172  48.168604  52.530432    28.225    28.238 31 56357.17447482 15.339
 173  48.188151  52.511450    32.913    32.506 17 56367.09012850 11.614
 176  48.188429  52.512543    28.221    28.136 17 56396.83706585 24.473
 177  48.182787  52.519891    36.447    28.770 20 56406.75270519 53.912
 178  48.184344  52.520248    43.613    28.629 21 56416.66834271 18.469
 179  48.187042  52.519054    28.263    28.294 18 56426.58397590 19.889
 180  48.183890  52.517779    28.678    28.657 20 56436.49962658 17.233
 181  48.183659  52.515613    28.930    28.902 20 56446.41527867 14.990
 182  48.183863  52.515569    28.604    28.573 20 56456.33092820 14.034
 183  48.181925  52.516476    28.271    28.256 21 56466.24657429 26.438
 184  48.176695  52.518632    28.339    28.303 25 56476.16221594 15.539
 185  48.186524  52.509516    28.292    28.198 17 56486.07785725 15.555
 186  48.177976  52.516046    26.580    26.937 23 56495.99349132 22.335
 187  48.176775  52.520753    28.131    28.059 24 56505.90912470 24.240
 188  48.169513  52.532441    27.767    28.050 32 56515.82475501 36.751
 189  48.167916  52.533171    24.551    25.557 32 56525.74040914 20.755
 190  48.184585  52.518207    26.637    27.966 20 56535.65606356 20.567
 192  48.185709  52.510960    80.156    55.812 18 56555.48735557 20.276
 193  48.179488  52.517342    30.757    31.019 22 56565.40299675 15.531
 194  48.189005  52.514637    28.267    28.280 17 56575.31863963 16.928
 195  48.188397  52.519258    56.510    44.999 18 56585.23427737 13.360
 196  48.190408  52.519542    28.076    28.049 17 56595.14991430 16.899
 197  48.189455  52.515355    29.276    28.435 16 56605.06556780 14.481
 198  48.180818  52.518175    28.507    28.522 21 56614.98121451 17.571
 199  48.189532  52.511567    56.608    42.799 16 56624.89686052 18.342
 200  48.171319  52.526412    27.562    28.026 28 56634.81249762 22.039
 201  48.167405  52.531660    28.594    28.572 32 56644.72813373 47.585
 202  48.166326  52.528846    28.622    28.599 32 56654.64378675 41.197
 203  48.165435  52.525672    28.219    28.177 32 56664.55943564 36.379
 204  48.167061  52.522413    28.337    28.319 30 56674.47508225 28.694
 205  48.163207  52.526393    28.048    28.039 33 56684.39072614 22.462
 206  48.165413  52.528065    28.229    28.243 32 56694.30636899 20.344
 207  48.175603  52.524394    28.469    28.462 27 56704.22200908 19.445
 208  48.187159  52.517778    28.434    28.441 17 56714.13764439 19.123
 209  48.166134  52.528620    28.525    28.492 32 56724.05329103 18.010
 210  48.184995  52.511062    28.798    28.652 18 56733.96894609 39.066
 211  48.189592  52.508431    28.791    28.719 15 56743.88459383 42.158
 212  48.187500  52.513982    47.126    28.095 18 56753.80023521 29.651
 213  48.195510  52.512579    40.185    28.183 13 56763.71587322 36.402
 214  48.190267  52.518372    28.669    28.650 16 56773.63150586 17.434
 215  48.193332  52.510283    30.357    30.820 14 56783.54716475 18.631
 216  48.183377  52.512937    28.034    27.927 20 56793.46281712 20.114
 217  48.164931  52.524256    28.955    28.965 33 56803.37846439 48.297
 218  48.178048  52.515795    26.494    26.769 24 56813.29411015 35.999
 219  48.175475  52.518965    27.639    27.894 25 56823.20974903 19.935
 220  48.165882  52.527009    28.228    28.219 32 56833.12538229 19.868
 221  48.165881  52.528490    27.849    28.019 32 56843.04101402 21.740
 222  48.181092  52.517681    26.476    27.533 21 56852.95665813 22.312
 223  48.178725  52.518117    26.144    26.738 24 56862.87231172 24.141
 224  48.188548  52.510755    38.358    27.908 17 56872.78796712 20.518
 225  48.165117  52.527734    28.117    28.354 32 56882.70361228 44.179
 226  48.178038  52.517361    27.534    27.754 23 56892.61926182 21.218
 227  48.164643  52.525535    27.511    27.781 32 56902.53490280 20.485
 228  48.164513  52.525272    28.214    28.205 33 56912.45054460 20.785
 229  48.165887  52.526412    28.267    28.211 33 56922.36618480 23.842
 230  48.184375  52.517109    28.257    28.249 19 56932.28182608 12.791
 231  48.168929  52.532889    26.256    26.400 32 56942.19745487 31.977
 232  48.169074  52.532766    29.503    28.410 32 56952.11309822 14.903
 233  48.170353  52.527779    26.621    27.560 30 56962.02875023 23.833
 234  48.165671  52.528659    23.896    24.786 33 56971.94439567 23.495
 235  48.166829  52.528006    27.311    27.789 32 56981.86003767 21.194
 236  48.174561  52.524446    28.409    28.452 27 56991.77567621 50.691
 237  48.150032  52.545313    97.975   100.080 19 57001.69130289 36.594
 238  48.147472  52.542869   112.729   109.051 19 57011.60696033 27.270
 239  48.183216  52.513485    27.584    27.582 20 57021.52262006 22.435
 240  48.169787  52.522790    27.653    27.633 30 57031.43826617 20.355
 241  48.180803  52.515597    37.767    28.058 21 57041.35391543 15.928
 242  48.175108  52.521314    28.105    28.113 26 57051.26955896 18.597
 243  48.193880  52.508739    30.081    30.049 13 57061.18520358 17.923
 244  48.189974  52.513043    29.414    29.033 16 57071.10083775 17.696
 245  48.189228  52.515807    29.190    28.993 16 57081.01646811 16.168
 246  48.170778  52.530355   132.616   126.634 14 57090.93210611 12.293
 247  48.166899  52.531703    28.377    28.383 32 57100.84776303 29.223
 248  48.166717  52.531172    28.406    28.415 32 57110.76341736 30.939
 249  48.183464  52.518161    28.323    28.311 20 57120.67906965 26.759
 250  48.190989  52.511178    51.989    37.903 14 57130.59471436 24.556
 251  48.166680  52.529029    28.222    28.165 32 57140.51034685 27.150
 252  48.183409  52.518648    36.320    28.533 20 57150.42598450 14.676
 253  48.169057  52.532661    30.237    28.791 31 57160.34161223 13.967
 254  48.180336  52.521937    27.638    28.301 23 57170.25726857 20.342
 255  48.182707  52.516229    28.524    28.443 21 57180.17292527 14.105
 256  48.164349  52.526346    28.087    28.217 33 57190.08857341 28.913
 257  48.176632  52.516388    26.669    27.856 25 57200.00422406 21.666
 258  48.176379  52.517989    28.035    28.074 24 57209.91985779 18.049
 259  48.166504  52.527543    28.328    28.316 32 57219.83549912 24.868
 260  48.166282  52.528861    28.512    28.470 32 57229.75114159 33.355
 261  48.178232  52.520456    28.516    28.538 23 57239.66678454 15.066
 262  48.167063  52.529368    28.455    28.482 32 57249.58241960 29.184
 263  48.182761  52.520122    28.496    28.498 22 57259.49805792 13.871
 264  48.182837  52.523721    28.872    28.901 21 57269.41369154 52.560
 265  48.169601  52.533835    27.450    27.846 31 57279.32934028 25.541
 266  48.184540  52.521084    26.477    26.667 21 57289.24499968 36.963
 267  48.184831  52.517660    28.455    28.452 19 57299.16065331 14.162
 268  48.182793  52.515724    21.796    19.666 20 57309.07630281 23.853
 269  48.182581  52.513640    54.441    31.650 20 57318.99194888 15.091
 270  48.185401  52.511438    25.890    26.594 18 57328.90759205 20.418
 271  48.176183  52.520474    30.742    30.768 26 57338.82323000 16.583
 272  48.179225  52.517449    31.073    31.271 23 57348.73887948 17.047
 273  48.186109  52.510476    26.094    26.142 17 57358.65452708 26.485
 274  48.183914  52.510199    36.283    27.743 18 57368.57016954 19.696
 275  48.175591  52.516993    28.364    28.349 25 57378.48580763 54.195
 276  48.165481  52.528588    28.503    28.489 32 57388.40144335 41.211
 277  48.168825  52.531144   166.836   167.125 32 57398.31708103  4.181
 279  48.150425  52.543852   137.370   176.738 19 57418.14836702 20.333
 280  48.193803  52.508101    28.421    28.418 13 57428.06402773 22.969
 281  48.140861  52.546033   174.534   196.878 14 57437.97966460 15.104
 282  48.149747  52.541661   201.686   202.463 20 57447.89531269  3.832
 283  48.169480  52.529657    28.246    28.247 31 57457.81096186 32.010
 284  48.180898  52.522331    28.370    28.355 23 57467.72660674 30.891
 285  48.145629  52.547668   188.404   188.490 16 57477.64223794  2.708
 286  48.145941  52.546189   172.210   185.058 17 57487.55787373 15.132
 287  48.188794  52.515525    79.256    51.572 17 57497.47351626 42.471
 288  48.192694  52.515057    69.562    49.256 15 57507.38915550 14.739
 289  48.167571  52.531883    28.894    28.885 32 57517.30480680 32.419
 290  48.182531  52.518949    28.824    28.809 20 57527.22046391 16.294
 291  48.165976  52.527634    27.361    27.611 32 57537.13611184 33.051
 292  48.181759  52.512651    28.419    28.366 20 57547.05176393 16.309
 293  48.174537  52.516984    27.602    27.931 25 57556.96740898 23.107
 294  48.182260  52.513794    27.895    28.421 20 57566.88305533 16.362
 295  48.165885  52.529127    28.392    28.532 32 57576.79869558 35.026
 296  48.167317  52.529781    27.993    27.969 32 57586.71433877 18.630
 297  48.185026  52.516103    28.349    28.332 20 57596.62998355 44.332
