#    8.029 -12.674  21.574 ;Mean Elev.(m), Avg Gradient(m/km), RMS Gradient(m/km) - SRTM1     
#    4.003 -12.757  23.122 ;Mean Elev.(m), Avg Gradient(m/km), RMS Gradient(m/km) - ASTER GDEM
#    8.322 -12.238  21.950 ;Mean Elev.(m), Avg Gradient(m/km), RMS Gradient(m/km) - GMTED2010 
   3  45.512407  50.135202     1.056     1.152 14 54685.41341548 10.536
   5  45.514701  50.137706     5.713     5.775 14 54705.24469643 12.149
   6  45.506123  50.140090    98.382    97.562  4 54715.16034730  0.449
   7  45.510882  50.130519    12.225    12.100 14 54725.07599968 13.689
   8  45.524154  50.115034    92.069    92.069  2 54734.99165171  1.138
   9  45.505524  50.130397   100.900    99.094  9 54744.90729427  0.793
  10  45.516381  50.122344    90.373    93.608  9 54754.82294307  2.038
  11  45.518491  50.121208    89.544    87.906  6 54764.73858877  1.925
  12  45.516765  50.121356    83.792    81.801  7 54774.65423112  5.132
  13  45.512001  50.123871    93.821    93.273 12 54784.56987029  1.186
  15  45.524952  50.118775    81.194    80.664  3 54804.40114854  4.421
  16  45.511919  50.135127    15.389    15.386 14 54814.31678193 16.060
  17  45.513315  50.134506    15.571    15.546 13 54824.23242739 44.242
  18  45.512335  50.131433    15.232    15.213 14 54834.14806798 33.166
  19  45.509833  50.130221    15.356    15.348 14 54844.06371805 28.133
  20  45.516258  50.123938    15.102    15.123 10 54853.97936876 25.257
  21  45.509929  50.130718    15.207    15.220 14 54863.89501571 25.413
  23  45.525209  50.117304    15.297    15.320  3 54883.72631377 15.450
  24  45.504705  50.131621   163.017   162.902 12 54893.64195198  1.517
  25  45.507492  50.125794    15.243    15.249 15 54903.55759320 35.936
  26  45.507628  50.125309    91.424    93.699 15 54913.47323218  5.841
  27  45.509245  50.126516    15.606    15.618 14 54923.38887039 44.619
  28  45.509891  50.130119    91.281    91.709 15 54933.30450738  1.642
  29  45.511545  50.132059    15.292    15.442 14 54943.22014287 18.514
  30  45.512139  50.132847    14.896    14.981 15 54953.13577645 17.536
  31  45.511254  50.130341    15.326    15.346 14 54963.05142089 46.842
  32  45.508931  50.130167    14.866    14.806 14 54972.96706922 26.169
  33  45.511147  50.129655    13.841    14.203 14 54982.88271698 28.422
  34  45.511086  50.132511    14.060    14.136 14 54992.79836364 26.435
  35  45.511744  50.132485    14.525    14.586 15 55002.71400996 21.884
  36  45.511062  50.131562    14.948    14.939 15 55012.62965445 17.314
  37  45.510633  50.130271    14.843    14.903 14 55022.54529768 24.534
  38  45.510710  50.130716    15.167    15.109 14 55032.46093997 19.010
  39  45.511703  50.132383    14.834    14.870 14 55042.37658151 31.269
  40  45.513946  50.133981    14.961    14.987 14 55052.29222172 16.568
  41  45.512949  50.135717    15.044    15.031 14 55062.20785942 26.651
  42  45.510904  50.133512    15.159    15.139 14 55072.12350329 19.966
  43  45.509317  50.129048    15.133    15.134 14 55082.03915250 22.089
  44  45.508612  50.126725    15.040    14.970 15 55091.95479965 30.333
  45  45.508613  50.127141    14.986    14.951 14 55101.87044585 24.971
  46  45.508907  50.128845    14.842    14.861 14 55111.78609143 21.485
  47  45.509436  50.129451    14.896    14.871 14 55121.70173504 24.435
  48  45.508724  50.129156    14.597    14.589 14 55131.61737586 23.598
  49  45.508016  50.127872    94.920    96.601 14 55141.53301496  1.292
  50  45.508334  50.127961    94.336    94.929 15 55151.44865342  1.699
  51  45.510817  50.129714    14.848    14.687 14 55161.36429209 24.147
  52  45.511864  50.133982    15.055    15.027 14 55171.27992984 14.404
  53  45.515395  50.134786    15.113    15.112 14 55181.19556692 43.207
  54  45.520287  50.127667    95.151    94.578  8 55191.11121786  4.811
  55  45.511308  50.131533    14.921    14.937 15 55201.02686673 28.534
  56  45.509427  50.131290   161.694   161.741 14 55210.94251617  1.671
  57  45.504364  50.136006   168.419   168.332  9 55220.85816389  0.518
  60  45.505725  50.130197   162.551   163.184 12 55250.60509869  1.202
  61  45.503223  50.129799   162.650   162.408 11 55260.52073751  1.475
  62  45.503072  50.130371   164.105   164.099 11 55270.43637571  1.542
  63  45.508721  50.128375    96.850    97.854 14 55280.35201491  4.922
  64  45.510394  50.130622    15.168    15.216 15 55290.26765180 32.113
  65  45.507880  50.135984   114.959   119.098  9 55300.18328541  0.858
  66  45.511194  50.130917    94.696    94.860 14 55310.09893236  0.952
  67  45.509132  50.129664    15.657    15.689 14 55320.01457818 46.303
  68  45.509494  50.128116    17.958    15.237 14 55329.93022304 20.208
  69  45.511188  50.128206    96.327    95.505 14 55339.84586741  5.027
  70  45.511542  50.130769    13.625    13.640 14 55349.76151093 32.234
  71  45.510896  50.133487    14.422    14.011 14 55359.67715229 17.973
  72  45.511227  50.133459    14.212    14.363 14 55369.59279210 24.253
  73  45.512130  50.132900    15.215    14.995 15 55379.50843067 15.797
  74  45.512065  50.134362    14.992    14.993 14 55389.42406820 15.829
  75  45.513401  50.135814    14.837    14.779 14 55399.33970492 19.698
  76  45.513853  50.135044    14.962    14.969 14 55409.25535175 35.759
  77  45.512609  50.132046    14.667    14.751 14 55419.17100291 18.427
  78  45.509453  50.130039    14.508    14.519 14 55429.08665033 21.047
  79  45.508622  50.127843    14.375    14.540 14 55439.00229523 23.925
  80  45.508512  50.127873    14.070    14.264 14 55448.91793826 25.885
  81  45.509305  50.128704    12.989    12.919 15 55458.83358082 31.820
  82  45.510141  50.129464    14.095    14.095 14 55468.74922260 28.007
  83  45.509688  50.130754    13.034    12.694 14 55478.66486093 26.158
  84  45.511075  50.130456    13.055    12.987 14 55488.58049681 26.707
  85  45.511941  50.131173    13.979    14.058 14 55498.49613035 29.275
  86  45.510997  50.133413    98.037    97.543 14 55508.41176882  3.932
  87  45.511090  50.132627    14.198    14.184 14 55518.32741936 21.575
  88  45.511831  50.132280    92.402    93.393 14 55528.24306901  5.737
  89  45.512368  50.131503    14.330    14.360 14 55538.15871682 22.083
  90  45.511662  50.131327    14.419    14.447 14 55548.07436209 17.399
  91  45.495724  50.144100   115.813   115.813  2 55557.99000183  1.383
  92  45.511222  50.131241    14.502    14.485 15 55567.90564790 50.349
  93  45.510742  50.132655    14.007    14.001 14 55577.82128916 40.542
  94  45.523081  50.122150    14.302    14.300  4 55587.73693146 26.830
  95  45.519735  50.124652    14.265    14.272  8 55597.65256701 23.306
  96  45.515411  50.128302    14.113    14.117 10 55607.56819959 19.832
  97  45.512681  50.132376    14.422    14.428 14 55617.48383044 18.073
  98  45.512042  50.133612    14.500    14.492 14 55627.39947541 16.956
  99  45.511770  50.133017    14.371    14.344 14 55637.31512728 25.601
 100  45.510760  50.132201    15.852    16.474 14 55647.23077710 23.254
 101  45.499102  50.139231   173.049   173.242  5 55657.14642171  0.490
 102  45.508560  50.129387    79.842    81.552 14 55667.06206682 19.811
 103  45.510160  50.128792    15.963    15.971 14 55676.97770661 41.292
 104  45.510323  50.131968    14.942    14.962 14 55686.89334360 31.481
 105  45.511920  50.134544    14.863    14.934 14 55696.80897956 23.832
 106  45.513729  50.136509    15.012    14.993 14 55706.72461431 29.092
 107  45.513368  50.134727    14.898    14.909 14 55716.64026469 15.699
 108  45.515796  50.130213    14.683    14.771 12 55726.55591422 18.995
 109  45.511221  50.133206    14.378    14.344 14 55736.47156018 19.722
 110  45.510959  50.133530    15.014    15.036 14 55746.38720582 16.100
 111  45.510936  50.133297    15.090    15.094 14 55756.30284972 39.813
 112  45.511916  50.131341    15.043    15.029 14 55766.21849153 17.879
 113  45.510272  50.130945    14.808    14.860 14 55776.13412989 21.158
 114  45.510195  50.130277    14.711    14.725 14 55786.04976549 20.812
 115  45.511516  50.131880    14.783    14.781 15 55795.96539877 16.946
 116  45.513458  50.133264    14.599    14.621 14 55805.88103872 17.687
 117  45.513845  50.133506    14.851    14.858 14 55815.79668759 15.776
 118  45.512537  50.133295    14.982    14.938 14 55825.71233357 16.990
 119  45.510845  50.132660    92.891    94.399 14 55835.62797514  7.778
 120  45.510265  50.132038    14.756    14.789 14 55845.54361344 19.127
 121  45.511420  50.133738    14.833    14.777 14 55855.45924893 20.121
 122  45.512651  50.135722    14.240    14.234 14 55865.37488965 24.748
 123  45.512893  50.135254    14.190    14.236 14 55875.29054290 23.567
 124  45.513464  50.134162    14.136    14.250 14 55885.20619056 24.964
 125  45.513949  50.133201    15.126    15.131 14 55895.12183222 37.958
 127  45.513538  50.135035    14.956    14.936 13 55914.95310937 31.325
 128  45.512587  50.133703    15.348    15.309 14 55924.86876322 30.050
 129  45.511958  50.132815    15.006    15.006 14 55934.78441376 25.478
 130  45.511185  50.130618    15.165    15.172 14 55944.70005983 21.506
 131  45.509082  50.129127    15.110    15.091 15 55954.61570132 15.129
 132  45.508981  50.127682    14.984    14.977 14 55964.53134033 12.088
 133  45.509601  50.129156    15.238    15.251 15 55974.44697757 12.245
 134  45.517837  50.127339   156.723   156.723  2 55984.36261513  0.259
 135  45.517746  50.132917   161.485   161.485  2 55994.27824835  0.167
 136  45.507705  50.138425   167.839   169.570  9 56004.19389804  0.379
 137  45.524911  50.118167    15.081    15.119  3 56014.10955207 29.967
 138  45.508936  50.128024    14.954    14.953 15 56024.02519454 35.102
 139  45.508644  50.129061    15.471    15.459 14 56033.94083754 53.525
 140  45.510438  50.132190    16.256    16.258 14 56043.85647814 49.867
 141  45.512921  50.134664    15.074    15.153 14 56053.77211618 45.993
 142  45.514064  50.136523    15.216    15.278 14 56063.68775077 17.817
 143  45.514722  50.134342    90.515    91.840 14 56073.60339347  1.104
 144  45.512980  50.131854    15.539    15.527 14 56083.51904357 18.681
 145  45.511680  50.131740    15.069    15.073 14 56093.43469103 18.889
 146  45.512502  50.132090    15.200    15.159 14 56103.35033648 35.938
 147  45.511778  50.132981    15.063    15.098 14 56113.26596730 15.456
 148  45.512593  50.131780    15.260    15.248 14 56123.18160643 27.045
 149  45.511423  50.131844    14.804    14.805 14 56133.09724122 18.910
 150  45.510076  50.132123    14.817    14.822 14 56143.01287902 18.752
 151  45.510565  50.130073    14.955    14.920 15 56152.92852990 20.680
 152  45.511549  50.130496    14.719    14.675 14 56162.84417880 20.111
 153  45.510509  50.133144    14.407    14.428 14 56172.75982510 22.139
 154  45.511026  50.133028    14.393    14.304 14 56182.67546715 22.655
 155  45.510955  50.131420    14.519    14.552 15 56192.59110569 20.789
 156  45.510084  50.131090    14.649    14.568 14 56202.50674135 19.669
 157  45.511677  50.132873    14.417    14.443 14 56212.42237521 19.620
 158  45.516103  50.135810    14.708    14.675 14 56222.33800731 16.427
 159  45.514400  50.137683    14.590    14.661 14 56232.25366222 19.932
 160  45.513679  50.136359    14.625    14.606 14 56242.16931505 18.265
 161  45.508909  50.136800    93.009    94.771  9 56252.08496281  0.677
 162  45.511465  50.132146    15.194    15.255 14 56262.00060740 19.374
 163  45.510573  50.132899    15.282    15.317 14 56271.91624852 16.908
 164  45.511675  50.133362    78.571    78.567 14 56281.83188979 15.771
 165  45.511749  50.131779    65.393    64.204 14 56291.74754199 13.162
 166  45.510146  50.130293    14.626    14.665 14 56301.66318955 35.596
 167  45.509182  50.128027    14.787    14.765 14 56311.57883316 20.776
 168  45.508849  50.127149    14.672    14.689 15 56321.49447457 22.376
 169  45.516197  50.122667    14.949    14.909  9 56331.41011686 35.685
 170  45.519084  50.123883    15.042    15.026  8 56341.32575734 32.556
 172  45.511736  50.134677    95.047    95.197 13 56361.15703233  1.488
 173  45.510981  50.130612   105.968   106.334 14 56371.07268276  1.163
 174  45.508636  50.129205    67.880    63.116 15 56380.98832979 12.830
 175  45.523540  50.116949    14.929    14.929  2 56390.90397794 24.441
 176  45.513595  50.129145    94.493    94.803 10 56400.81961784  0.466
 177  45.512052  50.134292    13.428    13.851 14 56410.73525701 24.089
 178  45.513222  50.136078    15.102    15.118 14 56420.65089217 41.373
 179  45.514259  50.135417    15.405    15.404 14 56430.56652979 16.279
 180  45.511929  50.132482    15.486    15.356 14 56440.48218313 18.235
 181  45.510540  50.130804    15.526    15.544 14 56450.39783398 20.655
 182  45.509849  50.130606    15.261    15.248 14 56460.31348246 19.229
 183  45.509433  50.129994    15.615    15.620 15 56470.22912773 29.086
 184  45.508786  50.130007    15.415    15.413 14 56480.14476910 31.167
 185  45.510269  50.128837    14.988    14.990 14 56490.06040683 22.280
 186  45.509998  50.131167    14.687    14.919 14 56499.97604113 20.359
 187  45.511494  50.133995    15.092    15.064 14 56509.89167402 17.818
 188  45.513307  50.134786    15.110    15.060 14 56519.80731603 35.427
 189  45.511447  50.134696    15.007    15.016 14 56529.72296921 24.205
 190  45.511630  50.132731    13.825    13.809 14 56539.63861890 23.805
 191  45.511768  50.130348    15.219    15.211 14 56549.55426446 18.027
 192  45.510765  50.130080    14.966    14.940 14 56559.46990732 19.255
 193  45.509998  50.131982    15.106    15.161 14 56569.38554901 17.498
 194  45.513479  50.132545    15.204    15.179 14 56579.30119009 16.836
 195  45.515440  50.135204    15.078    15.059 14 56589.21682685 18.183
 197  45.512898  50.133033    15.107    15.069 14 56609.04812271 15.650
 198  45.512288  50.131375    94.432    95.101 14 56618.96376888  1.536
 199  45.510674  50.132620    15.214    15.227 14 56628.87941113 19.651
 200  45.510855  50.133759    14.024    13.828 14 56638.79505043 36.052
 201  45.511574  50.132562    15.448    15.425 14 56648.71069472 44.836
 202  45.509876  50.129926    15.628    15.617 14 56658.62634633 45.539
 203  45.508342  50.128740    83.285    85.843 15 56668.54199373 25.585
 205  45.509311  50.130934    15.331    15.330 14 56688.37328230 27.463
 206  45.510422  50.132212    15.331    15.309 14 56698.28892362 23.616
 207  45.511220  50.133253    15.500    15.477 14 56708.20456033 30.761
 208  45.511871  50.132697    15.556    15.583 15 56718.12019843 20.489
 209  45.509558  50.130994    15.252    15.240 14 56728.03585134 23.945
 210  45.515650  50.124953    15.546    15.526  9 56737.95150163 28.426
 211  45.524714  50.118942    15.777    15.777  2 56747.86714842 46.100
 212  45.513183  50.131930    14.701    14.958 14 56757.78278547 24.583
 213  45.513569  50.134991    84.317    88.715 13 56767.69841935  3.319
 214  45.512307  50.134490    83.846    84.380 14 56777.61406423  6.961
 215  45.511582  50.130433    91.437    91.425 14 56787.52972091  1.736
 216  45.509719  50.128660    14.618    14.569 14 56797.44537369 21.828
 217  45.508427  50.128870    14.419    14.397 15 56807.36102094 23.381
 218  45.509463  50.128665    15.257    15.222 15 56817.27666244 28.506
 219  45.510133  50.128553    15.113    15.047 14 56827.19230036 20.046
 220  45.510182  50.129292    13.781    14.876 14 56837.10793474 23.510
 221  45.511325  50.131466    15.197    15.127 15 56847.02356586 18.463
 222  45.511880  50.130560    15.132    15.122 14 56856.93921668 17.319
 223  45.510475  50.132043    13.238    13.950 14 56866.85486947 24.561
 224  45.510689  50.130926    14.972    14.893 15 56876.77052141 18.462
 225  45.510029  50.129292    14.590    14.613 15 56886.68617022 24.197
 226  45.508089  50.128287    14.701    14.667 15 56896.60181611 29.148
 227  45.508054  50.127625    14.204    14.059 14 56906.51745933 29.607
 228  45.508775  50.129136    14.702    14.764 14 56916.43310022 18.602
 229  45.510425  50.132178    14.450    14.447 14 56926.34873913 27.154
 230  45.512588  50.134785    15.770    14.278 14 56936.26437481 19.191
 231  45.514165  50.137045    14.022    13.995 14 56946.18000519 23.829
 232  45.513237  50.133021    91.012    90.001 14 56956.09565878  1.209
 233  45.509953  50.131941    13.973    13.999 14 56966.01130776 23.647
 234  45.510021  50.131607    14.097    14.141 14 56975.92695246 22.269
 235  45.511689  50.132613    91.560    91.889 14 56985.84259249  1.203
 236  45.513623  50.134103    62.501    62.641 14 56995.75822687 17.679
 237  45.513709  50.132812    14.495    14.499 14 57005.67386957 37.396
 238  45.513258  50.127289   101.610   100.331 12 57015.58952522  1.546
 239  45.508608  50.128390    14.697    14.712 14 57025.50517529 28.829
 240  45.509791  50.128809    14.524    14.530 15 57035.42082404 20.910
 241  45.510788  50.131114    14.378    14.418 14 57045.33646998 21.145
 242  45.511044  50.132901    14.355    14.375 14 57055.25211283 20.962
 243  45.515242  50.129071    14.543    14.550 12 57065.16775202 30.223
 244  45.519949  50.125238    14.624    14.624  8 57075.08338651 26.052
 245  45.513658  50.133971    14.934    14.916 14 57084.99901447 22.039
 246  45.524023  50.124846    14.831    14.783  5 57094.91467130 36.534
 247  45.514793  50.132429    94.231    95.109 13 57104.83032552  1.738
 248  45.515988  50.131070    90.303    94.337 12 57114.74597785  4.512
 249  45.511775  50.132818    93.148    94.642 14 57124.66162295  1.604
 250  45.510862  50.131325    14.673    14.618 14 57134.57726369 17.730
 251  45.510957  50.131538    15.005    14.990 15 57144.49289993 18.622
 252  45.513665  50.132568    94.187    94.018 14 57154.40853382  3.491
 253  45.514363  50.135263    15.375    15.434 14 57164.32417097 45.384
 254  45.511998  50.134356    15.022    15.136 14 57174.23982792 17.584
 255  45.511595  50.130535    16.685    15.171 14 57184.15548211 19.052
 256  45.509434  50.128193    15.051    15.076 15 57194.07113186 24.217
 257  45.508225  50.127312    15.352    15.326 14 57203.98677903 24.229
 258  45.508992  50.128509    15.015    15.053 15 57213.90241264 26.843
 259  45.510427  50.131487    18.319    15.342 14 57223.81805583 17.794
 260  45.512492  50.132717    15.547    15.557 14 57233.73369760 31.444
 261  45.511654  50.133738    16.985    15.439 14 57243.64933610 21.722
 262  45.512990  50.131857    14.881    15.009 14 57253.56497285 20.435
 263  45.513072  50.133309    18.041    14.920 14 57263.48060755 15.817
 264  45.514192  50.136383    14.314    14.319 14 57273.39624498 30.891
 265  45.514192  50.136549     2.457    -2.246 14 57283.31190247 27.827
 266  45.514232  50.135129    15.827    14.275 14 57293.22755759 22.898
 267  45.512020  50.133165    19.188    14.708 14 57303.14320910 17.148
 268  45.509854  50.130445    13.397    13.771 14 57313.05885686 23.529
 269  45.508956  50.128346    14.471    14.467 14 57322.97450125 20.923
 270  45.509112  50.128956    14.840    14.726 14 57332.89014312 20.816
 271  45.511039  50.130627    14.537    14.674 14 57342.80578291 22.775
 272  45.510105  50.129842    91.424    93.205 14 57352.72143517  5.857
 273  45.509249  50.129613    93.113    94.787 14 57362.63707914  3.554
 274  45.508664  50.128763    15.155    15.111 14 57372.55272005 18.409
 275  45.509207  50.129068    15.061    15.099 15 57382.46835918 19.917
 276  45.525710  50.118582    15.065    15.065  2 57392.38400129 39.116
 277  45.509431  50.137943   167.785   167.969 11 57402.29963435  0.669
 278  45.514403  50.135962   164.129   164.615  9 57412.21527849  0.640
 279  45.512167  50.134589    15.656    15.731 14 57422.13093058 50.448
 280  45.510663  50.131906    15.384    15.383 14 57432.04658016 27.548
 281  45.498450  50.140651   173.818   173.773  4 57441.96222478  2.118
 282  45.515678  50.127467    73.132    75.093 10 57451.87787501 19.976
 283  45.512995  50.132255    87.723    89.829 14 57461.79351863  3.214
 284  45.527332  50.122251    15.088    15.139  3 57471.70916288 22.650
 285  45.499141  50.146831   115.641   109.175  3 57481.62479335  1.425
 286  45.511922  50.135103    17.968    14.948 14 57491.54043089 17.168
 287  45.516646  50.132398    14.748    14.744 12 57501.45606423 14.450
 288  45.513208  50.134229    14.773    14.760 14 57511.37171217 27.306
 289  45.511627  50.133341    15.490    15.471 14 57521.28736784 40.246
 290  45.511028  50.132029    15.632    15.638 14 57531.20302119 38.324
 291  45.510676  50.129951    15.226    15.217 14 57541.11867134 18.986
 292  45.508970  50.129228    15.224    15.123 15 57551.03431817 32.936
 293  45.508890  50.128610    13.334    13.426 15 57560.94996354 25.960
 294  45.509355  50.129605    14.350    14.877 15 57570.86560810 23.632
 295  45.510860  50.130728    14.236    14.958 14 57580.78125253 26.045
 296  45.512552  50.131465    14.382    14.877 14 57590.69689531 22.031
 297  45.512153  50.132410    15.064    15.047 14 57600.61253516 29.822
