-367483.618    22.000     0.00    0.00
-367194.185    22.000     0.00    0.00
-366904.729    22.000     0.00    0.00
-366615.251    22.000     0.00    0.00
-366325.751    22.000     0.00    0.00
-366036.228    22.000     0.00    0.00
-365746.682    22.000     0.00    0.00
-365457.114    22.000     0.00    0.00
-365167.523    22.000     0.00    0.00
-364877.909    22.000     0.00    0.00
-364588.273    22.000     0.00    0.00
-364300.557    22.000     0.00    0.00
-364015.642    22.000     0.00    0.00
-363730.706    22.000     0.00    0.00
-363445.748    22.000     0.00    0.00
-363160.768    22.000     0.00    0.00
-362875.767    22.000     0.00    0.00
-362590.744    22.000     0.00    0.00
-362305.700    22.000     0.00    0.00
-362020.634    22.000     0.00    0.00
-361735.546    22.000     0.00    0.00
-361450.437    22.000     0.00    0.00
-361165.306    22.000     0.00    0.00
-360880.154    22.000     0.00    0.00
-360594.980    22.000     0.00    0.00
-360309.784    22.000     0.00    0.00
-360024.567    22.000     0.00    0.00
-359739.328    22.000     0.00    0.00
-359454.068    22.000     0.00    0.00
-359168.786    22.000     0.00    0.00
-358883.482    22.000     0.00    0.00
-358598.156    22.000     0.00    0.00
-358312.809    22.000     0.00    0.00
-358027.440    22.000     0.00    0.00
-357742.050    22.000     0.00    0.00
-357456.638    22.000     0.00    0.00
-357171.204    22.000     0.00    0.00
-356885.748    22.000     0.00    0.00
-356600.271    22.000     0.00    0.00
-356314.772    22.000     0.00    0.00
-356029.251    22.000     0.00    0.00
-355743.709    22.000     0.00    0.00
-355458.145    22.000     0.00    0.00
-355172.559    22.000     0.00    0.00
-354886.951    22.000     0.00    0.00
-354601.322    22.000     0.00    0.00
-354315.671    22.000     0.00    0.00
-354029.998    22.000     0.00    0.00
-353744.304    22.000     0.00    0.00
-353458.588    22.000     0.00    0.00
-353172.850    22.000     0.00    0.00
-352887.090    22.000     0.00    0.00
-352601.308    22.000     0.00    0.00
-352315.505    22.000     0.00    0.00
-352029.680    22.000     0.00    0.00
-351743.833    22.000     0.00    0.00
-351457.964    22.000     0.00    0.00
-351172.074    22.000     0.00    0.00
-350886.162    22.000     0.00    0.00
-350600.228    22.000     0.00    0.00
-350314.272    22.000     0.00    0.00
-350028.294    22.000     0.00    0.00
-349742.295    22.000     0.00    0.00
-349456.273    22.000     0.00    0.00
-349170.230    22.070     0.24    0.65
-348884.165    22.302     0.81    1.67
-348598.078    22.839     1.88    3.30
-348311.970    22.921     0.29    3.61
-348025.839    22.767    -0.54    3.31
-347739.687    22.489    -0.97    2.61
-347453.513    22.170    -1.11    1.49
-347167.316    22.011    -0.56    0.11
-346881.098    22.000    -0.04    0.00
-346594.859    22.000     0.00    0.00
-346308.597    22.000     0.00    0.00
-346022.313    22.000     0.00    0.00
-345736.008    22.000     0.00    0.00
-345449.680    22.000     0.00    0.00
-345163.331    22.000     0.00    0.00
-344876.960    22.000     0.00    0.00
-344590.566    22.000     0.00    0.00
-344304.151    22.000     0.00    0.00
-344017.714    22.000     0.00    0.00
-343731.255    22.000     0.00    0.00
-343444.775    22.000     0.00    0.00
-343158.272    22.000     0.00    0.00
-342871.747    22.000     0.00    0.00
-342585.200    22.000     0.00    0.00
-342298.632    22.000     0.00    0.00
-342012.041    22.000     0.00    0.00
-341725.428    22.000     0.00    0.00
-341438.794    22.000     0.00    0.00
-341152.137    22.000     0.00    0.00
-340865.459    22.000     0.00    0.00
-340578.758    22.000     0.00    0.00
-340292.036    22.000     0.00    0.00
-340005.291    22.000     0.00    0.00
-339718.525    22.000     0.00    0.00
-339431.736    22.000     0.00    0.00
-339144.926    22.000     0.00    0.00
-338858.093    22.000     0.00    0.00
-338571.238    22.000     0.00    0.00
-338284.362    22.000     0.00    0.00
-337997.463    22.000     0.00    0.00
-337710.542    22.000     0.00    0.00
-337423.600    22.000     0.00    0.00
-337136.635    22.000     0.00    0.00
-336849.648    22.000     0.00    0.00
-336562.639    22.000     0.00    0.00
-336275.608    22.000     0.00    0.00
-335988.555    22.000     0.00    0.00
-335701.480    22.000     0.00    0.00
-335414.383    22.000     0.00    0.00
-335127.263    22.000     0.00    0.00
-334840.122    22.000     0.00    0.00
-334552.958    22.000     0.00    0.00
-334265.773    22.000     0.00    0.00
-333978.565    22.000     0.00    0.00
-333691.335    22.000     0.00    0.00
-333404.083    22.000     0.00    0.00
-333116.809    22.000     0.00    0.00
-332829.513    22.000     0.00    0.00
-332542.195    22.000     0.00    0.00
-332254.854    22.000     0.00    0.00
-331967.491    22.000     0.00    0.00
-331680.106    22.000     0.00    0.00
-331392.700    22.000     0.00    0.00
-331105.270    22.000     0.00    0.00
-330817.819    22.000     0.00    0.00
-330530.346    22.000     0.00    0.00
-330242.850    22.000     0.00    0.00
-329955.332    22.000     0.00    0.00
-329667.792    22.000     0.00    0.00
-329380.230    22.000     0.00    0.00
-329092.645    22.000     0.00    0.00
-328805.039    22.000     0.00    0.00
-328517.410    22.000     0.00    0.00
-328229.759    22.000     0.00    0.00
-327942.085    22.000     0.00    0.00
-327654.390    22.000     0.00    0.00
-327366.672    22.000     0.00    0.00
-327078.932    22.000     0.00    0.00
-326791.170    22.000     0.00    0.00
-326503.385    22.000     0.00    0.00
-326215.578    22.000     0.00    0.00
-325927.749    22.000     0.00    0.00
-325639.898    22.427     1.48    2.33
-325352.024    24.057     5.66    7.34
-325064.128    27.455    11.80   13.38
-324776.210    32.730    18.32   20.19
-324488.270    38.267    19.22   25.26
-324200.307    43.289    17.44   28.73
-323912.322    47.978    16.28   30.80
-323624.315    52.778    16.66   32.50
-323336.285    56.045    11.34   34.03
-323048.233    58.910     9.94   34.85
-322760.159    60.146     4.29   35.13
-322472.062    60.573     1.48   35.22
-322183.943    60.584     0.04   35.22
-321895.802    59.791    -2.75   35.61
-321607.638    58.711    -3.75   36.02
-321319.452    58.911     0.69   36.38
-321031.244    58.363    -1.90   36.30
-320743.013    57.200    -4.03   36.65
-320454.760    57.489     1.00   37.54
-320166.485    56.187    -4.52   37.89
-319878.187    54.824    -4.73   37.35
-319589.867    51.318   -12.16   34.86
-319301.524    50.828    -1.70   34.83
-319013.159    51.466     2.21   34.85
-318724.772    49.656    -6.28   33.27
-318436.362    48.711    -3.27   31.82
-318147.930    50.909     7.62   32.89
-317859.475    55.563    16.13   35.14
-317570.998    58.529    10.28   35.90
-317282.499    59.884     4.70   35.44
-316993.977    59.690    -0.67   34.82
-316705.433    63.698    13.88   35.44
-316416.866    67.151    11.96   36.66
-316128.277    67.663     1.77   36.93
-315839.665    67.011    -2.26   37.87
-315551.031    67.625     2.13   39.17
-315262.374    66.102    -5.27   39.54
-314973.695    60.648   -18.89   38.42
-314684.994    54.126   -22.58   34.97
-314396.270    47.943   -21.41   30.69
-314107.523    43.105   -16.75   27.59
-313818.754    38.674   -15.34   23.43
-313529.963    35.381   -11.40   21.12
-313241.149    34.535    -2.93   23.11
-312952.312    33.593    -3.26   24.14
-312663.453    32.105    -5.15   24.21
-312374.572    30.000    -7.28   21.87
-312085.667    26.511   -12.07   15.48
-311796.741    23.371   -10.87    4.11
-311507.792    22.742    -2.18    1.51
-311218.820    22.865     0.43    1.65
-310929.826    22.989     0.43    1.77
-310640.809    23.103     0.40    1.99
-310351.770    23.023    -0.28    1.88
-310062.708    22.989    -0.12    1.89
-309773.623    22.843    -0.50    1.78
-309484.516    22.667    -0.61    1.61
-309195.387    22.478    -0.65    1.40
-308906.235    22.308    -0.59    1.07
-308617.060    22.191    -0.40    0.72
-308327.862    22.191     0.00    0.81
-308038.642    22.270     0.27    1.05
-307749.400    22.337     0.23    1.11
-307460.135    22.416     0.27    1.19
-307170.847    22.473     0.20    1.21
-306881.536    22.758     0.99    1.64
-306592.203    23.189     1.49    2.85
-306302.848    23.813     2.16    4.94
-306013.469    24.756     3.26    6.57
-305724.068    25.989     4.26    9.51
-305434.644    28.670     9.26   15.48
-305145.198    32.211    12.23   20.63
-304855.729    34.478     7.83   23.15
-304566.238    34.656     0.61   22.63
-304276.723    35.000     1.19   22.17
-303987.186    37.022     6.98   23.62
-303697.626    39.584     8.85   25.86
-303408.044    41.920     8.06   27.54
-303118.439    44.663     9.47   28.82
-302828.811    44.235    -1.48   26.95
-302539.161    41.583    -9.15   23.79
-302252.722    39.221    -8.25   20.38
-301967.827    37.826    -4.90   17.15
-301682.910    37.523    -1.06   15.74
-301397.971    38.239     2.51   17.06
-301113.011    40.420     7.65   20.74
-300828.029    43.267     9.98   24.65
-300543.026    47.125    13.53   28.60
-300258.000    49.430     8.09   30.85
-299972.953    48.919    -1.79   32.12
-299687.885    45.651   -11.46   31.32
-299402.794    40.907   -16.64   28.94
-299117.682    32.786   -28.48   21.69
-298832.548    28.023   -16.70   15.03
-298547.393    24.221   -13.33    6.10
-298262.216    22.860    -4.77    1.26
-297977.017    22.784    -0.27    1.21
-297691.796    22.910     0.44    1.27
-297406.553    23.122     0.74    1.58
-297121.289    24.148     3.59    2.66
-296836.003    25.384     4.33    3.48
-296550.695    26.779     4.89    3.97
-296265.366    28.337     5.46    4.09
-295980.015    29.802     5.13    3.77
-295694.642    31.643     6.45    3.36
-295409.247    33.663     7.08    3.74
-295123.830    35.477     6.35    4.50
-294838.392    37.721     7.86    4.95
-294552.932    40.193     8.66    5.15
-294267.450    42.854     9.32    5.58
-293981.946    45.989    10.98    6.58
-293696.420    49.670    12.89    7.31
-293410.873    53.058    11.86    7.51
-293125.304    55.860     9.81    7.50
-292839.713    59.035    11.11    6.89
-292554.100    62.721    12.90    5.59
-292268.465    66.244    12.33    4.62
-291982.808    68.860     9.16    4.80
-291697.130    70.895     7.12    4.87
-291411.430    72.895     7.00    4.78
-291125.708    75.080     7.64    5.02
-290839.964    77.278     7.69    5.18
-290554.198    79.629     8.23    5.55
-290268.410    82.068     8.53    5.54
-289982.600    84.593     8.83    5.22
-289696.769    86.314     6.02    4.99
-289410.915    87.069     2.64    4.51
-289125.040    86.976    -0.32    4.83
-288839.143    85.605    -4.80    6.33
-288553.224    83.128    -8.66    8.47
-288267.283    79.395   -13.05   10.16
-287981.320    76.216   -11.12    9.65
-287695.335    74.247    -6.88    8.26
-287409.328    73.432    -2.85    7.14
-287123.300    73.977     1.91    7.21
-286837.249    75.621     5.74    7.69
-286551.176    77.872     7.87    8.11
-286265.082    80.701     9.89    7.52
-285978.965    82.779     7.26    6.92
-285692.827    84.279     5.24    5.91
-285406.667    85.575     4.53    4.44
-285120.484    86.395     2.87    3.64
-284834.280    87.011     2.15    3.33
-284548.054    87.420     1.43    3.15
-284261.805    88.068     2.26    3.22
-283975.535    88.852     2.74    3.44
-283689.243    89.943     3.81    3.56
-283402.928    91.375     5.00    3.37
-283116.592    92.632     4.39    2.95
-282830.234    93.860     4.29    2.75
-282543.854    94.765     3.16    2.32
-282257.451    95.477     2.49    2.06
-281971.027    95.886     1.43    1.85
-281684.580    96.148     0.91    1.86
-281398.112    96.384     0.82    1.82
-281111.622    96.284    -0.35    1.73
-280825.109    96.102    -0.63    1.46
-280538.574    95.747    -1.24    1.43
-280252.018    95.322    -1.48    1.41
-279965.439    94.943    -1.32    1.52
-279678.838    94.488    -1.58    1.66
-279392.215    93.953    -1.87    1.69
-279105.570    93.198    -2.64    1.96
-278818.903    92.184    -3.54    2.29
-278532.214    90.655    -5.33    3.42
-278245.503    89.511    -3.99    3.76
-277958.770    88.708    -2.80    4.00
-277672.014    88.382    -1.14    3.79
-277385.237    87.830    -1.93    3.93
-277098.437    87.690    -0.49    3.58
-276811.615    87.198    -1.71    3.78
-276524.771    86.581    -2.15    4.02
-276237.905    84.430    -7.50    5.16
-275951.017    82.163    -7.90    5.42
-275664.107    80.477    -5.88    5.69
-275377.174    79.151    -4.62    5.98
-275090.220    78.455    -2.43    6.49
-274803.243    78.247    -0.72    7.10
-274516.244    78.700     1.58    7.30
-274229.223    79.292     2.06    6.99
-273942.180    80.494     4.19    5.85
-273655.114    81.616     3.91    3.44
-273368.026    81.779     0.57    2.31
-273080.917    81.302    -1.66    2.23
-272793.784    80.593    -2.47    2.27
-272506.630    79.805    -2.75    2.34
-272219.454    78.865    -3.27    2.28
-271932.255    78.022    -2.93    2.29
-271645.034    77.033    -3.44    2.20
-271357.791    75.989    -3.63    2.09
-271070.525    74.944    -3.64    1.99
-270783.238    73.955    -3.44    2.02
-270495.928    72.955    -3.48    2.01
-270208.596    71.977    -3.40    2.10
-269921.241    70.966    -3.52    2.07
-269633.865    69.809    -4.02    2.16
-269346.466    68.562    -4.34    2.36
-269059.045    67.367    -4.16    2.71
-268771.601    66.322    -3.63    2.71
-268484.136    65.034    -4.48    2.76
-268196.648    63.865    -4.07    2.78
-267909.137    62.611    -4.36    2.87
-267621.605    61.253    -4.72    3.22
-267334.050    59.681    -5.46    4.08
-267046.473    58.244    -5.00    4.31
-266758.873    56.604    -5.70    4.43
-266471.251    54.912    -5.88    4.37
-266183.607    53.163    -6.08    4.61
-265895.941    51.144    -7.02    4.87
-265608.252    49.034    -7.34    4.91
-265320.541    47.393    -5.70    4.98
-265032.807    45.596    -6.25    5.08
-264745.051    43.900    -5.89    4.94
-264457.273    42.380    -5.28    4.77
-264169.472    40.744    -5.68    4.87
-263881.650    39.308    -4.99    4.81
-263593.804    38.374    -3.24    4.51
-263305.937    37.591    -2.72    4.21
-263018.046    37.462    -0.45    3.80
-262730.134    37.438    -0.08    3.54
-262442.199    37.506     0.23    3.31
-262154.242    37.618     0.39    3.36
-261866.262    37.378    -0.83    4.16
-261578.260    36.733    -2.24    4.92
-261290.236    35.250    -5.15    6.40
-261002.189    33.484    -6.13    7.29
-260714.119    31.478    -6.96    7.32
-260426.027    29.791    -5.85    6.56
-260137.913    28.451    -4.65    5.41
-259849.777    27.767    -2.37    4.49
-259561.617    27.500    -0.93    3.94
-259273.436    27.670     0.59    3.76
-258985.232    27.900     0.80    3.71
-258697.005    28.167     0.92    3.53
-258408.756    28.618     1.57    3.57
-258120.485    28.432    -0.65    3.54
-257832.191    27.977    -1.58    3.66
-257543.874    28.239     0.91    3.96
-257255.536    28.875     2.21    6.48
-256967.174    29.667     2.74    8.95
-256678.790    30.022     1.23    9.55
-256390.384    29.582    -1.53    9.00
-256101.955    30.067     1.68    8.79
-255813.503    31.750     5.83   11.33
-255525.029    33.977     7.72   13.97
-255236.533    37.395    11.85   15.49
-254948.014    40.690    11.42   17.02
-254659.472    41.407     2.49   16.34
-254370.908    41.256    -0.52   15.34
-254082.321    40.885    -1.28   14.18
-253793.712    40.011    -3.03   14.31
-253505.080    39.674    -1.17   14.80
-253216.426    39.483    -0.66   15.07
-252927.749    39.273    -0.73   14.51
-252639.049    40.432     4.01   15.85
-252350.327    40.721     1.00   16.45
-252061.582    40.919     0.68   17.69
-251772.815    41.151     0.81   19.85
-251484.025    40.414    -2.55   20.33
-251195.212    39.667    -2.59   20.32
-250906.377    37.670    -6.91   18.87
-250617.519    35.775    -6.56   17.21
-250328.639    33.494    -7.89   14.90
-250039.736    31.943    -5.37   12.97
-249750.810    30.547    -4.83   10.49
-249461.862    29.698    -2.94    8.48
-249172.891    28.609    -3.77    6.16
-248883.897    27.453    -4.00    3.23
-248594.881    27.453     0.00    3.03
-248305.842    27.739     0.99    3.07
-248016.780    28.067     1.14    3.16
-247727.696    28.489     1.46    2.98
-247438.589    28.689     0.69    2.91
-247149.459    28.844     0.54    2.85
-246860.306    28.611    -0.81    2.70
-246571.131    28.433    -0.61    2.41
-246281.934    28.281    -0.53    2.02
-245992.713    28.088    -0.67    1.79
-245703.470    28.185     0.33    1.63
-245414.204    28.374     0.65    1.61
-245124.915    28.462     0.30    1.64
-244835.604    28.356    -0.36    1.58
-244546.270    28.273    -0.29    1.54
-244256.913    28.478     0.71    1.80
-243967.533    28.692     0.74    1.96
-243678.131    29.152     1.59    2.13
-243388.705    29.554     1.39    2.34
-243099.257    29.957     1.39    2.31
-242809.787    30.366     1.41    2.26
-242520.293    30.879     1.77    2.29
-242230.777    31.135     0.88    2.12
-241941.238    31.326     0.66    2.12
-241651.676    31.322    -0.01    2.03
-241362.091    30.934    -1.34    1.90
-241072.484    30.674    -0.90    1.71
-240782.854    30.231    -1.53    1.27
-240493.200    30.011    -0.76    1.21
-240208.010    29.747    -0.92    1.11
-239923.130    29.967     0.77    2.46
-239638.228    30.648     2.39    4.22
-239353.305    32.069     4.98    6.33
-239068.360    33.552     5.20    7.85
-238783.393    35.122     5.51    9.05
-238498.404    36.253     3.97    9.75
-238213.393    37.946     5.94   10.60
-237928.361    39.902     6.86   11.22
-237643.307    40.783     3.09   11.44
-237358.231    41.272     1.72   11.43
-237073.133    41.122    -0.52   11.04
-236788.014    41.489     1.29   10.88
-236502.873    41.798     1.08   10.77
-236217.709    41.697    -0.35   10.72
-235932.524    42.400     2.47   11.11
-235647.318    43.348     3.32   11.64
-235362.089    45.143     6.29   12.18
-235076.838    46.957     6.36   12.33
-234791.566    48.804     6.48   12.31
-234506.272    50.304     5.26   12.33
-234220.956    52.511     7.73   11.64
-233935.618    54.360     6.48   10.51
-233650.258    55.607     4.37    9.20
-233364.877    56.247     2.24    7.65
-233079.473    56.374     0.44    5.66
-232794.048    55.720    -2.29    4.42
-232508.601    54.044    -5.87    4.59
-232223.131    51.429    -9.16    5.62
-231937.640    48.398   -10.61    6.08
-231652.127    46.065    -8.17    5.91
-231366.593    43.910    -7.55    4.90
-231081.036    42.517    -4.88    3.85
-230795.457    41.888    -2.20    3.12
-230509.856    42.165     0.97    3.06
-230224.234    42.890     2.54    3.31
-229938.589    44.022     3.96    3.39
-229652.923    45.098     3.77    2.90
-229367.235    45.935     2.93    2.84
-229081.524    46.495     1.96    2.95
-228795.792    46.854     1.26    3.14
-228510.038    46.978     0.43    3.36
-228224.262    46.876    -0.35    3.49
-227938.463    47.144     0.94    3.54
-227652.643    47.565     1.47    3.70
-227366.801    48.154     2.06    3.80
-227080.937    48.989     2.92    4.06
-226795.051    50.033     3.65    4.12
-226509.143    51.011     3.42    4.39
-226223.213    51.868     3.00    4.44
-225937.260    52.625     2.65    4.69
-225651.286    52.932     1.07    5.03
-225365.290    53.711     2.72    5.59
-225079.272    54.418     2.47    5.72
-224793.232    55.065     2.26    5.69
-224507.169    55.957     3.12    5.70
-224221.085    56.174     0.76    6.21
-223934.979    56.152    -0.08    6.81
-223648.850    55.714    -1.53    7.13
-223362.700    54.607    -3.87    7.60
-223076.527    53.069    -5.37    7.98
-222790.333    51.778    -4.51    8.06
-222504.116    50.308    -5.14    7.52
-222217.877    48.793    -5.29    7.04
-221931.617    47.620    -4.10    6.40
-221645.334    46.717    -3.15    5.74
-221359.029    45.913    -2.81    5.30
-221072.702    45.000    -3.19    5.00
-220786.352    44.100    -3.14    4.45
-220499.981    43.540    -1.95    3.92
-220213.588    43.833     1.02    4.08
-219927.172    44.242     1.43    4.66
-219640.734    45.076     2.91    5.92
-219354.275    46.478     4.89    7.21
-219067.793    48.228     6.11    8.55
-218781.288    50.380     7.51   10.28
-218494.762    52.767     8.33   11.73
-218208.214    56.400    12.68   13.27
-217921.643    61.138    16.53   14.39
-217635.051    65.411    14.91   15.29
-217348.436    70.681    18.38   15.54
-217061.799    76.065    18.78   15.00
-216775.139    81.391    18.58   14.10
-216488.458    86.337    17.25   13.59
-216201.754    91.261    17.17   12.94
-215915.028    95.044    13.19   12.12
-215628.280    98.889    13.40   11.35
-215341.510   102.839    13.77   10.14
-215054.718   105.200     8.23    9.39
-214767.903   107.879     9.34    8.06
-214481.066   110.120     7.81    6.85
-214194.207   111.989     6.52    5.51
-213907.326   113.424     5.00    4.05
-213620.422   114.500     3.75    2.88
-213333.496   115.165     2.32    2.14
-213046.548   115.511     1.21    1.42
-212759.578   115.276    -0.82    1.40
-212472.585   114.400    -3.05    2.53
-212185.570   112.604    -6.26    4.64
-211898.533   109.913    -9.37    7.03
-211611.473   106.620   -11.47    8.32
-211324.392   104.207    -8.40    7.94
-211037.288   102.402    -6.28    7.08
-210750.161   101.934    -1.63    6.50
-210463.013   102.545     2.13    7.04
-210175.842   104.875     8.11    7.92
-209888.649   108.231    11.68    7.92
-209601.433   111.652    11.91    7.51
-209314.195   115.304    12.71    6.49
-209026.935   118.728    11.92    5.78
-208739.652   121.717    10.40    5.14
-208452.347   124.098     8.28    4.76
-208165.020   126.300     7.66    4.70
-207877.671   128.534     7.77    4.17
-207590.299   130.382     6.43    3.57
-207302.904   131.769     4.83    2.90
-207015.488   132.804     3.60    2.20
-206728.049   133.355     1.91    1.77
-206440.587   133.731     1.31    1.69
-206153.104   134.098     1.28    1.61
-205865.597   134.363     0.92    1.71
-205578.069   134.644     0.98    1.96
-205290.518   134.775     0.45    2.28
-205002.944   134.567    -0.73    2.72
-204715.349   134.209    -1.24    3.09
-204427.730   133.280    -3.23    3.77
-204140.090   132.109    -4.07    4.15
-203852.427   130.688    -4.94    3.92
-203564.741   129.187    -5.22    4.10
-203277.033   127.220    -6.84    4.79
-202989.303   125.528    -5.88    5.03
-202701.550   124.034    -5.19    5.13
-202413.775   122.538    -5.19    4.92
-202125.977   120.750    -6.21    4.80
-201838.157   118.656    -7.27    4.79
-201550.314   116.620    -7.07    5.30
-201262.449   114.946    -5.81    5.56
-200974.562   113.163    -6.19    5.18
-200686.652   111.494    -5.79    4.53
-200398.719   110.674    -2.85    4.13
-200110.764   110.371    -1.05    4.11
-199822.786   110.769     1.38    4.22
-199534.786   112.290     5.28    3.71
-199246.763   113.457     4.05    3.43
-198958.718   114.372     3.18    3.56
-198670.651   114.511     0.48    3.62
-198382.560   113.913    -2.07    4.32
-198094.448   113.011    -3.13    4.99
-197806.312   111.573    -4.99    5.33
-197518.155   109.670    -6.60    5.10
-197229.974   107.163    -8.70    4.40
-196941.771   105.170    -6.91    4.11
-196653.546   103.207    -6.81    4.57
-196365.298   100.500    -9.39    4.93
-196077.027    97.826    -9.27    5.28
-195788.734    94.789   -10.53    5.49
-195500.418    91.705   -10.70    6.06
-195212.079    88.422   -11.38    6.69
-194923.718    85.087   -11.56    6.70
-194635.335    82.022   -10.63    6.33
-194346.929    78.731   -11.41    5.83
-194058.500    75.543   -11.05    5.20
-193770.048    72.989    -8.85    4.74
-193481.574    70.722    -7.86    4.26
-193193.077    69.533    -4.12    3.98
-192904.558    69.333    -0.69    4.31
-192616.016    69.378     0.15    5.15
-192327.451    69.538     0.56    6.10
-192038.864    69.844     1.06    6.93
-191750.254    70.278     1.50    7.16
-191461.621    70.244    -0.12    7.60
-191172.966    69.222    -3.54    7.50
-190884.288    67.043    -7.55    7.03
-190595.587    64.462    -8.94    6.40
-190306.864    62.322    -7.41    6.19
-190018.118    60.449    -6.48    6.07
-189729.349    58.315    -7.39    5.58
-189440.558    56.256    -7.13    4.44
-189151.744    54.852    -4.86    3.11
-188862.907    54.056    -2.76    2.17
-188574.047    54.222     0.57    2.49
-188285.165    55.133     3.15    3.96
-187996.260    56.843     5.92    5.72
-187707.332    59.506     9.22    7.82
-187418.381    62.988    12.05    9.69
-187129.408    67.100    14.23   10.93
-186840.412    71.395    14.86   11.13
-186551.393    75.500    14.20   10.25
-186262.352    79.978    15.49    8.17
-185973.287    83.378    11.76    7.52
-185684.200    86.764    11.71    7.64
-185395.090    90.250    12.06    8.42
-185105.957    94.368    14.24   10.10
-184816.802    99.273    16.96   12.09
-184527.624   104.414    17.78   13.99
-184238.423   109.216    16.60   14.82
-183949.199   113.135    13.55   15.13
-183659.952   116.955    13.20   14.97
-183370.682   119.719     9.56   14.95
-183081.390   122.386     9.22   14.80
-182792.075   125.045     9.19   14.35
-182502.737   126.511     5.07   13.57
-182213.376   127.908     4.83   12.06
-181923.992   129.273     4.72   10.54
-181634.585   131.090     6.28    9.46
-181345.156   131.090     0.00    8.61
-181055.703   129.719    -4.74    8.04
-180766.228   128.523    -4.13    8.21
-180476.730   129.195     2.32    8.45
-180187.209   131.180     6.85    8.66
-179897.665   133.136     6.76    8.95
-179608.099   135.172     7.03    9.02
-179318.509   138.034     9.88    8.36
-179028.896   140.000     6.79    6.80
-178739.261   140.122     0.42    6.29
-178450.488   138.807    -4.55    6.84
-178165.650   136.535    -7.98    7.03
-177880.791   133.800    -9.60    7.19
-177595.909   131.195    -9.14    6.98
-177311.006   128.667    -8.87    6.32
-177026.081   126.910    -6.16    5.62
-176741.134   125.767    -4.01    4.91
-176456.165   124.787    -3.44    4.29
-176171.174   124.057    -2.56    3.63
-175886.162   124.034    -0.08    3.10
-175601.127   124.170     0.48    2.57
-175316.071   125.299     3.96    3.61
-175030.992   127.591     8.04    6.10
-174745.892   130.618    10.62    7.52
-174460.770   133.432     9.87    6.87
-174175.626   135.798     8.30    5.56
-173890.461   137.080     4.49    4.31
-173605.273   136.966    -0.40    4.21
-173320.063   136.034    -3.27    4.39
-173034.832   133.828    -7.73    4.73
-172749.578   132.080    -6.13    4.98
-172464.303   132.112     0.12    5.90
-172179.005   132.778     2.33    7.26
-171893.686   134.281     5.27    8.15
-171608.345   136.307     7.10    8.60
-171322.982   139.425    10.93    6.39
-171037.596   141.744     8.13    3.57
-170752.189   142.733     3.46    2.91
-170466.760   142.716    -0.06    3.31
-170181.309   142.733     0.06    3.61
-169895.836   143.056     1.13    3.75
-169610.341   143.411     1.25    3.92
-169324.824   143.705     1.03    3.63
-169039.285   143.753     0.17    3.56
-168753.724   144.089     1.18    3.11
-168468.141   144.022    -0.23    2.90
-168182.536   143.900    -0.43    2.76
-167896.909   143.204    -2.44    2.98
-167611.260   142.304    -3.15    3.44
-167325.589   141.000    -4.57    4.19
-167039.895   139.593    -4.92    4.61
-166754.180   138.422    -4.10    4.37
-166468.443   138.143    -0.98    4.38
-166182.684   138.637     1.73    4.63
-165896.902   139.656     3.56    4.69
-165611.099   141.176     5.32    4.60
-165325.273   142.556     4.83    3.96
-165039.426   143.826     4.44    3.58
-164753.556   145.054     4.29    3.37
-164467.665   145.872     2.86    3.44
-164181.751   146.925     3.68    3.40
-163895.815   147.783     3.00    3.21
-163609.857   147.656    -0.44    4.21
-163323.877   146.933    -2.53    5.16
-163037.875   146.122    -2.83    5.41
-162751.850   146.022    -0.35    5.33
-162465.804   145.809    -0.75    5.32
-162179.735   145.172    -2.22    5.11
-161893.645   145.043    -0.45    4.79
-161607.532   144.880    -0.57    4.27
-161321.397   144.315    -1.98    4.17
-161035.240   142.483    -6.40    4.95
-160749.061   139.370   -10.88    5.92
-160462.859   136.151   -11.25    6.95
-160176.636   132.011   -14.46    8.20
-159890.390   128.255   -13.12    8.26
-159604.122   124.484   -13.17    7.97
-159317.832   120.637   -13.43    7.47
-159031.520   117.045   -12.55    6.84
-158745.185   113.780   -11.40    6.58
-158458.829   110.707   -10.73    6.37
-158172.450   108.032    -9.34    6.11
-157886.049   105.086   -10.28    6.09
-157599.625   102.624    -8.60    6.14
-157313.180   101.609    -3.54    5.61
-157026.712   101.667     0.20    5.93
-156740.222   102.400     2.56    6.61
-156453.710   103.648     4.36    6.80
-156167.176   104.913     4.41    6.77
-155880.619   105.796     3.08    6.57
-155594.040   106.638     2.94    6.25
-155307.439   107.348     2.48    6.86
-155020.815   108.418     3.73    7.84
-154734.170   110.414     6.96    9.30
-154447.502   113.044     9.17   10.11
-154160.811   117.685    16.19   11.23
-153874.099   123.097    18.87   10.16
-153587.364   127.989    17.06    8.28
-153300.607   131.554    12.43    6.90
-153013.828   133.700     7.48    6.01
-152727.026   134.733     3.60    5.25
-152440.202   135.389     2.29    4.90
-152153.356   135.233    -0.54    4.93
-151866.487   135.652     1.46    5.00
-151579.596   136.323     2.34    5.07
-151292.683   136.674     1.22    5.46
-151005.747   136.889     0.75    6.10
-150718.789   136.868    -0.07    6.49
-150431.809   136.645    -0.78    6.77
-150144.806   135.567    -3.76    6.40
-149857.781   133.967    -5.57    5.60
-149570.733   131.833    -7.43    5.40
-149283.664   129.344    -8.67    5.90
-148996.571   126.736    -9.08    6.76
-148709.457   124.297    -8.50    7.27
-148422.320   121.247   -10.62    6.98
-148135.161   117.848   -11.84    6.44
-147847.979   114.393   -12.03    6.42
-147560.775   111.044   -11.66    7.06
-147273.548   108.678    -8.24    6.30
-146986.299   107.923    -2.63    5.84
-146699.028   108.911     3.44    7.44
-146411.734   111.505     9.03    9.68
-146124.418   115.554    14.09   11.22
-145837.079   121.589    21.00   11.09
-145549.718   127.967    22.19   10.10
-145262.335   133.156    18.05    8.59
-144974.929   137.303    14.43    6.51
-144687.500   139.967     9.26    5.31
-144400.049   141.626     5.77    4.11
-144112.576   142.165     1.87    3.78
-143825.080   142.211     0.16    3.85
-143537.561   141.800    -1.43    3.84
-143250.021   140.922    -3.05    3.53
-142962.457   139.764    -4.03    3.29
-142674.871   138.112    -5.74    4.61
-142387.263   136.067    -7.11    6.13
-142099.632   134.209    -6.46    6.47
-141811.979   132.144    -7.18    6.43
-141524.303   130.551    -5.54    5.88
-141236.605   130.213    -1.17    5.53
-140948.884   131.022     2.81    5.97
-140661.140   133.614     9.00    5.49
-140373.374   135.711     7.29    5.59
-140085.586   137.549     6.39    5.91
-139797.775   138.736     4.12    6.05
-139509.941   140.955     7.71    5.92
-139222.085   143.545     9.00    6.07
-138934.206   146.000     8.53    6.29
-138646.305   148.759     9.58    5.97
-138358.381   150.844     7.24    5.78
-138070.434   152.429     5.50    4.93
-137782.465   154.176     6.07    4.05
-137494.473   155.517     4.66    3.48
-137206.459   156.068     1.91    3.61
-136918.422   155.568    -1.74    4.14
-136630.362   154.761    -2.80    4.71
-136342.280   153.778    -3.41    4.94
-136054.175   152.659    -3.88    5.22
-135766.048   151.121    -5.34    5.57
-135477.898   149.045    -7.20    5.94
-135189.725   146.539    -8.69    6.26
-134901.530   143.693    -9.87    6.54
-134613.312   140.764   -10.16    6.67
-134325.071   137.382   -11.73    6.78
-134036.808   134.604    -9.63    6.46
-133748.522   131.989    -9.07    5.96
-133460.213   128.956   -10.52    6.62
-133171.882   126.544    -8.36    6.90
-132883.528   125.761    -2.72    6.96
-132595.151   126.622     2.98    7.24
-132306.752   128.843     7.70    8.60
-132018.329   132.297    11.97   10.43
-131729.885   136.560    14.78   11.47
-131441.417   141.753    18.00   11.17
-131152.927   147.044    18.34   11.02
-130864.414   152.389    18.52   11.15
-130575.878   157.154    16.51   11.33
-130287.319   161.775    16.01   10.62
-129998.738   165.989    14.60    7.94
-129710.134   169.176    11.04    5.86
-129421.508   171.689     8.71    4.64
-129132.858   173.220     5.30    4.69
-128844.186   173.900     2.36    5.12
-128555.491   173.678    -0.77    5.74
-128266.773   172.378    -4.50    6.93
-127978.032   170.185    -7.59    8.78
-127689.269   166.783   -11.78   10.01
-127400.483   162.011   -16.52   10.66
-127111.674   156.187   -20.16   11.02
-126822.842   150.400   -20.03   10.87
-126533.987   143.912   -22.46   10.98
-126245.110   139.100   -16.66   10.35
-125956.210   135.871   -11.18    8.72
-125667.287   134.226    -5.69    8.18
-125378.341   134.144    -0.28    8.95
-125089.372   135.363     4.22   10.13
-124800.381   137.078     5.93   10.77
-124511.366   138.626     5.36   10.96
-124222.329   139.440     2.81   11.40
-123933.269   141.731     7.93   12.54
-123644.186   144.728    10.37   13.84
-123355.080   146.600     6.47   14.07
-123065.951   148.304     5.89   12.99
-122776.799   150.207     6.58   11.36
-122487.625   151.880     5.79    9.81
-122198.427   153.267     4.79    7.59
-121909.207   154.559     4.47    6.75
-121619.964   156.000     4.98    6.46
-121330.698   158.275     7.86    5.96
-121041.409   160.710     8.42    4.99
-120752.097   162.234     5.27    4.16
-120462.762   162.630     1.37    3.85
-120173.404   162.356    -0.95    4.38
-119884.023   161.720    -2.19    5.12
-119594.619   160.467    -4.33    5.35
-119305.192   159.065    -4.84    5.03
-119015.743   157.295    -6.12    4.56
-118726.270   155.532    -6.09    4.58
-118436.775   153.663    -6.45    4.80
-118147.256   151.242    -8.36    5.68
-117857.714   148.244   -10.35    6.22
-117568.150   145.228   -10.42    6.29
-117278.562   142.344    -9.96    5.59
-116988.952   139.895    -8.46    4.94
-116699.318   137.723    -7.50    4.58
-116411.711   135.239    -8.64    5.79
-116126.875   131.856   -11.88    8.35
-115842.018   127.556   -15.09   10.46
-115557.138   121.478   -21.33   12.43
-115272.236   115.452   -21.15   11.86
-114987.313   111.043   -15.47    9.08
-114702.367   109.272    -6.21    7.00
-114417.400   109.890     2.17    7.65
-114132.410   112.452     8.99    9.37
-113847.399   115.478    10.62    9.69
-113562.366   118.422    10.33    8.06
-113277.310   120.000     5.53    6.95
-112992.233   121.157     4.06    6.68
-112707.134   122.230     3.76    7.13
-112422.013   122.533     1.06    7.72
-112136.870   122.467    -0.23    7.65
-111851.705   124.281     6.36    8.37
-111566.518   128.090    13.35    9.33
-111281.309   132.045    13.87    9.08
-110996.077   133.589     5.41    8.60
-110710.824   134.867     4.48    8.09
-110425.549   136.674     6.34    6.25
-110140.252   136.705     0.11    6.19
-109854.933   135.811    -3.13    6.32
-109569.592   135.244    -1.99    6.58
-109284.229   135.578     1.17    7.05
-108998.844   135.921     1.20    7.01
-108713.436   135.494    -1.50    6.78
-108428.007   134.489    -3.52    6.24
-108142.556   133.444    -3.66    5.43
-107857.082   132.091    -4.74    4.56
-107571.587   130.416    -5.87    4.25
-107286.069   128.449    -6.89    5.06
-107000.530   126.727    -6.03    6.10
-106714.968   125.231    -5.24    5.99
-106429.384   124.275    -3.35    5.64
-106143.778   123.549    -2.54    4.84
-105858.150   123.560     0.04    4.57
-105572.500   123.722     0.57    4.70
-105286.828   123.813     0.32    5.02
-105001.134   123.500    -1.10    5.26
-104715.417   122.108    -4.87    5.63
-104429.679   121.500    -2.13    5.52
-104143.918   121.554     0.19    5.61
-103858.135   121.667     0.39    5.21
-103572.330   121.200    -1.63    5.05
-103286.503   119.774    -4.99    5.74
-103000.654   117.681    -7.32    7.06
-102714.783   115.033    -9.26    8.78
-102428.889   111.250   -13.23    8.44
-102142.974   108.213   -10.62    7.21
-101857.036   106.200    -7.04    6.80
-101571.076   104.404    -6.28    7.08
-101285.093   102.409    -6.98    7.58
-100999.089   100.352    -7.19    7.63
-100713.062    98.308    -7.15    6.82
-100427.014    96.699    -5.62    6.21
-100140.943    95.681    -3.56    5.42
 -99854.849    95.147    -1.86    4.29
 -99568.734    95.097    -0.18    4.00
 -99282.596    95.725     2.20    4.03
 -98996.436    96.747     3.57    4.25
 -98710.254    98.239     5.21    4.28
 -98424.050    99.398     4.05    4.55
 -98137.823   100.202     2.81    5.03
 -97851.575   100.688     1.70    5.55
 -97565.304   100.835     0.51    5.82
 -97279.010   100.839     0.01    6.27
 -96992.695    99.785    -3.68    6.09
 -96706.357    97.989    -6.27    5.65
 -96419.997    96.576    -4.93    5.14
 -96133.614    95.178    -4.88    5.45
 -95847.209    93.923    -4.38    5.89
 -95560.782    93.033    -3.11    6.25
 -95274.333    91.846    -4.14    5.99
 -94987.861    90.656    -4.16    5.38
 -94701.368    90.079    -2.01    4.97
 -94414.851    89.920    -0.55    4.85
 -94128.313    90.511     2.06    4.92
 -93841.752    91.500     3.45    5.18
 -93555.169    92.778     4.46    5.61
 -93268.563    94.500     6.01    5.80
 -92981.935    96.545     7.14    5.99
 -92695.285    99.556    10.50    6.47
 -92408.613   102.191     9.19    7.07
 -92121.918   104.506     8.07    8.12
 -91835.200   105.360     2.98    8.84
 -91548.461   105.551     0.67   10.09
 -91261.699   105.333    -0.76   12.00
 -90974.914   105.767     1.51   13.88
 -90688.107   106.157     1.36   14.75
 -90401.278   107.247     3.80   15.52
 -90114.427   107.678     1.50   15.80
 -89827.553   107.602    -0.26   15.43
 -89540.656   107.667     0.22   14.83
 -89253.738   109.389     6.00   13.91
 -88966.796   112.022     9.18   13.38
 -88679.833   115.456    11.96   13.46
 -88392.847   119.090    12.66   13.16
 -88105.838   121.456     8.24   12.45
 -87818.807   123.011     5.42   11.16
 -87531.754   123.348     1.17   10.32
 -87244.678   123.767     1.46    9.66
 -86957.580   124.562     2.77    9.60
 -86670.459   127.216     9.24   10.48
 -86383.316   130.889    12.79   12.00
 -86096.150   136.078    18.07   12.84
 -85808.962   142.182    21.25   12.16
 -85521.751   148.135    20.73   11.74
 -85234.518   153.146    17.45   12.55
 -84947.262   158.443    18.44   13.39
 -84659.984   161.667    11.22   14.68
 -84372.684   162.681     3.53   15.87
 -84085.360   161.611    -3.72   17.67
 -83798.015   158.978    -9.16   20.69
 -83510.647   153.933   -17.55   21.52
 -83223.256   149.750   -14.56   20.30
 -82935.843   147.402    -8.17   18.11
 -82648.407   147.688     0.99   17.55
 -82360.948   149.326     5.70   16.97
 -82073.467   152.055     9.49   16.64
 -81785.964   153.444     4.83   12.66
 -81498.438   152.609    -2.91   11.63
 -81210.889   148.714   -13.54   11.00
 -80923.318   142.978   -19.94   11.61
 -80635.725   138.055   -17.12   11.34
 -80348.108   134.130   -13.64   10.00
 -80060.469   131.474    -9.24    9.11
 -79772.808   129.505    -6.84    9.43
 -79485.124   128.670    -2.90   11.07
 -79197.417   129.989     4.58   12.82
 -78909.688   133.889    13.55   13.26
 -78621.936   138.043    14.44   13.14
 -78334.161   141.158    10.82   11.78
 -78046.364   142.632     5.12    9.46
 -77758.544   141.728    -3.14    9.22
 -77470.702   139.189    -8.82   10.44
 -77182.836   135.244   -13.70   11.66
 -76894.949   131.620   -12.59   11.16
 -76607.038   129.053    -8.91    9.80
 -76319.105   127.232    -6.33    9.75
 -76031.149   126.290    -3.27   10.95
 -75743.171   126.859     1.97   11.37
 -75455.170   128.289     4.97   10.87
 -75167.146   129.717     4.96    9.99
 -74879.100   130.138     1.46    9.36
 -74591.030   131.495     4.71    9.96
 -74302.938   133.340     6.41   11.51
 -74014.824   135.880     8.82   12.18
 -73726.687   137.767     6.55   12.23
 -73438.527   138.591     2.86   13.09
 -73150.344   138.872     0.97   12.68
 -72862.138   139.031     0.55   12.35
 -72573.910   139.021    -0.03   11.81
 -72285.659   139.802     2.71   11.51
 -71997.385   140.400     2.07   11.31
 -71709.089   140.548     0.51   11.16
 -71420.770   138.234    -8.03   11.21
 -71132.428   135.135   -10.75   11.63
 -70844.063   132.606    -8.77   11.01
 -70555.675   132.043    -1.95   10.35
 -70267.265   133.422     4.78   11.19
 -69978.832   136.141     9.43   12.07
 -69690.376   139.298    10.94   12.07
 -69401.897   141.990     9.33   10.71
 -69113.396   143.372     4.79    9.14
 -68824.872   142.609    -2.65    9.81
 -68536.324   140.363    -7.78   10.89
 -68247.755   138.054    -8.00   11.69
 -67959.162   137.447    -2.11   12.24
 -67670.546   138.510     3.68   13.09
 -67381.908   140.543     7.04   12.77
 -67093.246   141.783     4.30   11.72
 -66804.562   142.736     3.30   10.93
 -66515.855   144.750     6.97   10.04
 -66227.125   147.340     8.97   10.10
 -65938.373   149.854     8.71   10.41
 -65649.597   152.915    10.60   10.83
 -65360.799   155.859    10.19   11.40
 -65071.977   158.217     8.17   11.83
 -64783.133   161.033     9.75   11.60
 -64494.266   164.394    11.63   11.64
 -64205.376   167.832    11.90   10.77
 -63916.463   170.462     9.11    8.50
 -63627.527   171.283     2.84    7.20
 -63338.568   171.833     1.91    6.09
 -63049.587   171.696    -0.48    6.47
 -62760.582   171.383    -1.08    7.44
 -62471.554   171.979     2.06    8.22
 -62182.504   172.957     3.38    8.92
 -61893.430   173.451     1.71    9.49
 -61604.334   173.500     0.17   10.70
 -61315.215   173.185    -1.09   11.62
 -61026.072   172.649    -1.85   12.39
 -60736.907   172.389    -0.90   13.18
 -60447.719   173.817     4.94   14.30
 -60158.507   177.933    14.23   15.78
 -59869.273   184.707    23.42   17.76
 -59580.016   194.641    34.34   21.66
 -59290.736   204.989    35.77   25.25
 -59001.432   212.632    26.41   24.89
 -58712.106   217.452    16.66   22.75
 -58422.757   220.769    11.47   21.68
 -58133.385   222.143     4.75   22.76
 -57843.989   218.011   -14.28   24.25
 -57554.571   210.726   -25.17   23.68
 -57265.130   202.747   -27.57   21.34
 -56975.665   196.109   -22.93   19.36
 -56686.178   192.152   -13.67   15.95
 -56396.667   188.967   -11.00   12.21
 -56107.133   188.806    -0.55    9.85
 -55817.577   191.411     8.99   10.80
 -55527.997   195.862    15.37   12.35
 -55238.394   201.554    19.66   12.42
 -54948.768   207.720    21.29   12.72
 -54659.119   214.978    25.05   14.15
 -54372.709   222.215    25.27   16.48
 -54087.894   228.716    22.82   16.63
 -53803.057   233.185    15.69   14.75
 -53518.199   235.242     7.22   12.96
 -53233.318   235.418     0.62   11.97
 -52948.416   233.253    -7.60   12.51
 -52663.491   227.533   -20.07   13.48
 -52378.544   222.133   -18.95   12.48
 -52093.576   216.778   -18.79   11.31
 -51808.585   211.678   -17.89    9.79
 -51523.573   207.622   -14.23    8.98
 -51238.538   203.511   -14.42    8.73
 -50953.481   199.178   -15.20    8.57
 -50668.403   194.578   -16.14    8.60
 -50383.302   190.293   -15.03    8.23
 -50098.179   185.753   -15.92    7.70
 -49813.034   181.678   -14.29    7.44
 -49527.867   177.719   -13.88    6.93
 -49242.678   174.451   -11.46    6.87
 -48957.467   171.945    -8.78    6.46
 -48672.234   170.506    -5.05    6.85
 -48386.979   170.615     0.38    8.70
 -48101.702   171.626     3.54   10.64
 -47816.403   174.707    10.80   12.94
 -47531.081   177.880    11.12   14.46
 -47245.738   181.333    12.10   14.03
 -46960.372   182.967     5.72   12.64
 -46674.985   182.645    -1.13   11.50
 -46389.575   181.543    -3.86   11.36
 -46104.143   177.925   -12.68   11.39
 -45818.689   173.115   -16.85   11.17
 -45533.213   167.521   -19.59   11.07
 -45247.715   161.728   -20.29   10.94
 -44962.194   156.275   -19.10   10.13
 -44676.652   152.538   -13.09    8.18
 -44391.087   150.798    -6.09    6.69
 -44105.500   151.781     3.44    8.05
 -43819.891   154.915    10.97   11.18
 -43534.260   160.630    20.01   14.18
 -43248.607   168.022    25.87   15.47
 -42962.931   176.129    28.38   15.90
 -42677.234   184.032    27.66   16.53
 -42391.514   191.904    27.55   17.45
 -42105.772   198.956    24.68   17.68
 -41820.007   205.237    21.98   17.65
 -41534.221   210.398    18.06   17.84
 -41248.412   215.761    18.76   18.27
 -40962.581   220.233    15.65   18.30
 -40676.728   223.429    11.18   18.66
 -40390.853   225.367     6.78   18.87
 -40104.955   226.367     3.50   19.47
 -39819.035   228.100     6.06   19.12
 -39533.093   231.565    12.12   17.02
 -39247.129   234.078     8.79   13.92
 -38961.143   236.505     8.49    9.46
 -38675.134   237.562     3.69    7.99
 -38389.103   237.899     1.18    8.36
 -38103.049   237.322    -2.02    9.26
 -37816.974   236.700    -2.17    8.91
 -37530.876   232.633   -14.21   12.73
 -37244.756   227.000   -19.69   18.07
 -36958.613   219.189   -27.30   23.16
 -36672.449   208.544   -37.20   27.10
 -36386.262   194.286   -49.82   30.49
 -36100.052   182.311   -41.84   28.88
 -35813.821   171.604   -37.40   25.98
 -35527.567   161.856   -34.06   24.84
 -35241.290   155.242   -23.10   25.44
 -34954.992   150.143   -17.81   26.57
 -34668.671   145.152   -17.43   27.98
 -34382.327   135.663   -33.14   31.04
 -34095.962   126.731   -31.19   34.19
 -33809.574   118.828   -27.60   36.52
 -33523.163   108.011   -37.77   43.59
 -33236.731    91.129   -58.94   51.63
 -32950.276    68.250   -79.87   55.12
 -32663.798    47.606   -72.06   52.67
 -32377.298    29.435   -63.42   45.82
 -32090.776    14.783   -51.14   32.85
 -31804.231     3.935   -37.86   15.55
 -31517.664     0.000   -13.73    0.00
 -31231.075     0.000     0.00    0.00
 -30944.463     0.000     0.00    0.00
 -30657.829     0.000     0.00    0.00
 -30371.172     0.000     0.00    0.00
 -30084.493     0.000     0.00    0.00
 -29797.792     0.000     0.00    0.00
 -29511.068     0.000     0.00    0.00
 -29224.322     0.000     0.00    0.00
 -28937.553     0.000     0.00    0.00
 -28650.761     0.000     0.00    0.00
 -28363.948     0.000     0.00    0.00
 -28077.112     0.021     0.07    0.21
 -27790.253     1.304     4.47    4.34
 -27503.372     3.817     8.76    7.98
 -27216.468     7.269    12.03   11.13
 -26929.542    12.882    19.56   15.16
 -26642.594    18.609    19.96   17.16
 -26355.623    25.559    24.22   18.06
 -26068.629    32.143    22.94   17.13
 -25781.613    36.341    14.63   16.85
 -25494.574    39.911    12.44   16.30
 -25207.513    43.844    13.70   14.44
 -24920.430    46.429     9.00   12.51
 -24633.324    47.711     4.47   10.68
 -24346.195    47.567    -0.50   10.68
 -24059.044    46.511    -3.68   12.85
 -23771.870    46.261    -0.87   15.26
 -23484.674    45.244    -3.54   16.74
 -23197.455    44.396    -2.96   17.43
 -22910.213    43.733    -2.31   17.50
 -22622.949    43.034    -2.44   17.24
 -22335.663    42.467    -1.97   16.64
 -22048.354    42.833     1.28   15.71
 -21761.022    42.744    -0.31   14.86
 -21473.668    43.500     2.63   13.42
 -21186.291    44.100     2.09   12.47
 -20898.891    43.933    -0.58   12.59
 -20611.469    43.935     0.01   12.15
 -20324.024    45.178     4.32   10.10
 -20036.557    45.275     0.34    8.93
 -19749.067    45.978     2.45    6.81
 -19461.554    45.344    -2.20    6.84
 -19174.019    44.374    -3.38    8.62
 -18886.461    42.478    -6.59   10.46
 -18598.881    39.378   -10.78   12.46
 -18311.278    36.560    -9.80   14.85
 -18023.652    32.780   -13.14   16.32
 -17736.003    29.391   -11.78   17.25
 -17448.332    26.548    -9.88   17.10
 -17160.638    23.772    -9.65   17.26
 -16872.922    20.817   -10.27   17.12
 -16585.183    17.505   -11.51   16.11
 -16297.421    14.366   -10.91   14.60
 -16009.636    12.467    -6.60   13.49
 -15721.829    10.583    -6.55   11.83
 -15433.999     8.457    -7.39    8.81
 -15146.146     6.685    -6.16    4.57
 -14858.271     5.924    -2.64    1.57
 -14570.373     5.957     0.11    1.50
 -14282.452     6.126     0.59    1.49
 -13994.508     6.284     0.55    1.56
 -13706.542     6.183    -0.35    1.51
 -13418.553     6.215     0.11    1.52
 -13130.541     6.554     1.18    1.65
 -12842.506     6.768     0.74    1.77
 -12554.449     7.010     0.84    1.80
 -12266.369     7.277     0.92    1.74
 -11978.266     7.396     0.41    1.78
 -11690.140     7.352    -0.15    1.95
 -11401.992     7.096    -0.89    2.03
 -11113.820     6.656    -1.53    2.07
 -10825.626     6.295    -1.25    1.99
 -10537.409     5.989    -1.06    1.76
 -10249.170     5.634    -1.23    1.51
  -9960.907     5.344    -1.01    1.46
  -9672.622     5.316    -0.10    1.41
  -9384.314     5.200    -0.40    1.39
  -9095.983     5.118    -0.28    1.45
  -8807.629     4.891    -0.79    1.55
  -8519.252     4.652    -0.83    1.46
  -8230.852     4.442    -0.73    1.61
  -7942.430     4.083    -1.24    2.00
  -7653.985     3.543    -1.87    2.26
  -7365.517     3.151    -1.36    2.41
  -7077.026     2.892    -0.89    2.44
  -6788.512     2.359    -1.85    2.54
  -6499.975     1.649    -2.46    2.32
  -6211.415     1.140    -1.76    1.95
  -5922.833     0.828    -1.08    1.63
  -5634.228     0.591    -0.82    1.45
  -5345.599     0.174    -1.45    0.78
  -5056.948     0.000    -0.60    0.00
  -4768.274     0.000     0.00    0.00
  -4479.577     0.000     0.00    0.00
  -4190.857     0.000     0.00    0.00
  -3902.114     0.000     0.00    0.00
  -3613.348     0.000     0.00    0.00
  -3324.559     0.000     0.00    0.00
  -3035.747     0.000     0.00    0.00
  -2746.912     0.000     0.00    0.00
  -2458.055     0.000     0.00    0.00
  -2169.174     0.000     0.00    0.00
  -1880.270     0.000     0.00    0.00
  -1591.343     0.000     0.00    0.00
  -1302.394     0.000     0.00    0.00
  -1013.421     0.000     0.00    0.00
   -724.426     0.000     0.00    0.00
   -435.407     0.000     0.00    0.00
   -146.365     0.000     0.00    0.00
    142.699     0.000     0.00    0.00
    431.787     0.000     0.00    0.00
    720.898     0.000     0.00    0.00
   1010.032     0.000     0.00    0.00
   1299.188     0.000     0.00    0.00
   1588.368     0.000     0.00    0.00
   1877.571     0.000     0.00    0.00
   2166.797     0.000     0.00    0.00
   2456.046     0.000     0.00    0.00
   2745.318     0.000     0.00    0.00
   3034.613     0.000     0.00    0.00
   3323.932     0.000     0.00    0.00
   3613.273     0.000     0.00    0.00
   3902.637     0.000     0.00    0.00
   4192.025     0.000     0.00    0.00
   4481.436     0.000     0.00    0.00
   4770.869     0.000     0.00    0.00
   5060.326     0.000     0.00    0.00
   5349.806     0.000     0.00    0.00
   5639.309     0.000     0.00    0.00
   5928.835     0.000     0.00    0.00
   6218.385     0.000     0.00    0.00
   6507.957     0.000     0.00    0.00
   6797.553     0.000     0.00    0.00
   7087.172     0.000     0.00    0.00
   7376.814     0.000     0.00    0.00
   7662.088     0.000     0.00    0.00
   7946.894     0.000     0.00    0.00
   8231.721     0.000     0.00    0.00
   8516.571     0.000     0.00    0.00
   8801.442     0.000     0.00    0.00
   9086.336     0.000     0.00    0.00
   9371.252     0.085     0.30    0.60
   9656.189     0.564     1.68    1.60
   9941.149     1.188     2.19    2.15
  10226.131     1.862     2.37    2.55
  10511.135     2.348     1.71    2.66
  10796.161     2.620     0.95    2.65
  11081.209     3.181     1.97    2.76
  11366.279     4.031     2.98    2.89
  11651.372     4.617     2.05    2.95
  11936.486     5.129     1.80    3.04
  12221.622     5.387     0.91    3.02
  12506.781     6.484     3.85    4.77
  12791.962     8.969     8.71    8.71
  13077.164    11.783     9.87   11.64
  13362.389    15.076    11.55   13.91
  13647.636    18.396    11.64   15.18
  13932.905    22.247    13.50   15.49
  14218.197    25.725    12.19   15.20
  14503.510    28.978    11.40   13.78
  14788.846    32.178    11.21   11.62
  15074.204    34.422     7.87    8.95
  15359.584    36.315     6.63    4.95
  15644.986    37.141     2.89    1.58
  15930.410    37.163     0.08    1.82
  16215.856    37.090    -0.26    1.95
  16501.325    36.878    -0.74    2.19
  16786.816    36.396    -1.69    2.36
  17072.329    35.879    -1.81    2.50
  17357.864    35.283    -2.09    2.47
  17643.421    34.429    -2.99    2.52
  17929.001    33.543    -3.10    2.32
  18214.603    32.559    -3.45    2.41
  18500.227    31.705    -2.99    2.56
  18785.873    31.021    -2.39    2.94
  19071.541    30.495    -1.84    3.54
  19357.232    30.617     0.43    3.71
  19642.945    31.149     1.86    3.58
  19928.680    31.771     2.18    3.50
  20214.438    32.745     3.41    3.08
  20500.218    33.613     3.04    2.59
  20786.020    34.785     4.10    2.51
  21071.844    36.053     4.44    2.77
  21357.690    37.594     5.39    3.57
  21643.559    38.989     4.88    3.71
  21929.450    40.462     5.15    3.79
  22215.364    42.022     5.45    3.63
  22501.299    43.587     5.47    3.17
  22787.257    44.766     4.12    2.95
  23073.238    45.892     3.94    2.78
  23359.240    47.099     4.22    2.53
  23645.265    48.242     4.00    2.33
  23931.312    49.183     3.29    1.97
  24217.382    49.890     2.47    1.66
  24503.474    50.237     1.21    1.56
  24789.588    50.244     0.03    1.46
  25075.725    50.233    -0.04    1.54
  25361.884    49.793    -1.54    1.81
  25648.065    49.228    -1.98    2.24
  25934.269    48.435    -2.77    2.62
  26220.495    47.404    -3.60    2.93
  26506.743    46.178    -4.29    3.38
  26793.014    44.402    -6.20    3.71
  27079.307    42.582    -6.36    3.71
  27365.623    40.839    -6.09    3.86
  27651.961    38.844    -6.96    3.99
  27938.321    36.769    -7.25    4.05
  28224.704    34.505    -7.91    4.77
  28511.109    32.032    -8.64    5.21
  28797.537    29.237    -9.76    5.57
  29083.987    26.677    -8.93    4.91
  29370.459    24.925    -6.12    3.83
  29656.954    25.158     0.81    5.34
  29943.472    28.021     9.99   10.17
  30230.011    33.021    17.45   14.70
  30516.574    38.699    19.81   16.73
  30803.158    44.457    20.09   16.04
  31089.766    48.896    15.49   14.13
  31376.395    53.385    15.66   10.83
  31663.047    56.404    10.53    8.01
  31949.722    58.298     6.61    6.70
  32236.419    59.372     3.75    5.48
  32523.139    60.625     4.37    4.53
  32809.881    62.031     4.90    3.29
  33096.645    63.330     4.53    3.11
  33383.432    64.527     4.17    3.28
  33670.242    65.628     3.84    3.40
  33957.074    66.413     2.74    3.54
  34243.929    67.495     3.77    3.18
  34530.806    68.645     4.01    2.83
  34817.706    69.714     3.73    2.68
  35104.628    70.570     2.98    2.64
  35391.573    71.462     3.11    2.56
  35678.540    72.387     3.23    2.35
  35965.530    73.289     3.14    2.08
  36252.542    73.911     2.17    1.72
  36539.577    74.478     1.98    1.67
  36826.635    75.033     1.93    1.64
  37113.715    75.380     1.21    1.55
  37400.818    75.733     1.23    1.59
  37687.943    75.944     0.74    1.49
  37975.091    75.772    -0.60    1.74
  38262.262    75.413    -1.25    1.93
  38549.455    74.696    -2.50    2.62
  38836.671    74.056    -2.23    2.99
  39123.909    74.033    -0.08    3.08
  39411.170    74.187     0.53    3.18
  39698.454    75.044     2.99    3.11
  39985.760    75.624     2.02    3.19
  40273.089    76.857     4.29    2.53
  40560.441    77.660     2.79    2.27
  40847.815    78.065     1.41    2.11
  41135.212    78.355     1.01    2.00
  41422.632    78.789     1.51    2.21
  41710.074    78.989     0.70    2.22
  41997.539    79.269     0.97    2.24
  42285.026    79.438     0.59    2.16
  42572.537    79.453     0.05    2.16
  42860.070    79.624     0.59    1.94
  43147.625    79.548    -0.26    1.84
  43435.204    79.000    -1.91    1.83
  43722.805    78.469    -1.85    1.86
  44010.429    78.000    -1.63    1.88
  44298.075    77.473    -1.83    1.90
  44585.745    76.902    -1.98    1.67
  44873.437    76.368    -1.86    1.43
  45161.151    75.938    -1.50    1.38
  45448.889    75.548    -1.35    1.28
  45736.649    75.272    -0.96    1.23
  46024.432    75.128    -0.50    1.19
  46312.238    75.229     0.35    1.53
  46600.066    75.138    -0.32    1.67
  46887.918    75.021    -0.41    1.82
  47175.792    74.634    -1.34    2.11
  47463.689    74.179    -1.58    2.37
  47751.608    73.667    -1.78    2.34
  48039.551    72.935    -2.54    1.90
  48327.516    72.300    -2.21    1.48
  48615.504    72.044    -0.89    1.35
  48903.515    72.086     0.14    1.32
  49191.549    72.098     0.04    1.30
  49479.605    72.022    -0.26    1.30
  49767.684    72.244     0.77    1.36
  50055.787    72.422     0.62    1.38
  50343.912    72.419    -0.01    1.45
  50632.060    72.250    -0.59    1.47
  50920.230    72.130    -0.41    1.49
  51208.424    71.978    -0.53    1.52
  51496.640    71.728    -0.87    1.60
  51784.880    71.359    -1.28    1.65
  52073.142    70.624    -2.55    1.99
  52361.427    69.767    -2.97    2.53
  52649.735    68.989    -2.70    2.78
  52938.066    67.772    -4.22    3.03
  53226.419    66.402    -4.75    3.00
  53514.796    65.075    -4.60    2.38
  53803.196    64.022    -3.65    2.13
  54091.618    63.267    -2.62    1.98
  54380.064    62.609    -2.28    1.72
  54668.532    62.022    -2.04    1.47
  54957.023    61.681    -1.18    1.22
  55245.537    61.419    -0.91    1.08
  55534.075    61.295    -0.43    1.06
  55822.635    61.237    -0.20    1.10
  56111.218    61.129    -0.37    1.09
  56399.824    61.137     0.03    1.10
  56688.453    61.043    -0.33    1.09
  56977.105    60.957    -0.29    1.12
  57265.780    60.823    -0.47    1.11
  57554.478    60.674    -0.52    1.13
  57843.199    60.474    -0.69    1.04
  58131.942    60.453    -0.07    1.07
  58420.709    60.500     0.16    1.16
  58709.499    60.510     0.04    1.16
  58998.312    60.585     0.26    1.24
  59287.148    60.935     1.21    1.35
  59576.007    61.191     0.89    1.46
  59864.889    61.392     0.69    1.41
  60153.794    61.646     0.88    1.51
  60442.722    62.084     1.52    1.73
  60731.674    62.677     2.05    2.34
  61020.648    63.516     2.90    2.77
  61309.645    64.260     2.58    2.78
  61598.665    64.936     2.34    2.59
  61887.709    65.447     1.77    2.25
  62176.775    65.926     1.66    1.87
  62465.865    66.073     0.51    1.42
  62754.978    66.208     0.47    1.39
  63044.113    66.372     0.57    1.70
  63333.272    66.731     1.24    1.81
  63622.454    67.387     2.27    1.93
  63911.659    67.734     1.20    1.84
  64200.887    68.064     1.14    1.76
  64490.139    68.280     0.75    1.53
  64779.413    68.436     0.54    1.36
  65068.711    68.763     1.13    1.37
  65358.032    69.312     1.90    1.60
  65647.375    69.809     1.72    1.50
  65936.742    70.289     1.66    1.45
  66226.133    70.892     2.09    1.50
  66515.546    71.462     1.97    1.57
  66804.983    72.151     2.38    1.75
  67094.442    73.067     3.17    2.13
  67383.925    74.200     3.92    2.66
  67673.431    75.505     4.51    3.13
  67962.961    77.196     5.84    3.74
  68252.513    79.033     6.34    4.31
  68542.089    81.533     8.64    4.87
  68831.688    83.717     7.54    5.16
  69121.310    86.441     9.40    5.45
  69410.328    88.804     8.18    5.14
  69695.095    90.967     7.59    4.69
  69979.884    92.744     6.24    3.96
  70264.695    94.419     5.88    3.24
  70549.527    95.500     3.79    3.20
  70834.382    96.602     3.87    3.11
  71119.260    97.429     2.90    2.96
  71404.159    98.064     2.23    2.55
  71689.080    98.821     2.66    2.13
  71974.023    99.179     1.26    1.86
  72258.989    98.947    -0.81    2.35
  72543.976    98.137    -2.84    3.09
  72828.986    97.177    -3.37    3.62
  73114.018    96.146    -3.62    3.68
  73399.072    95.170    -3.42    3.55
  73684.148    94.457    -2.50    3.39
  73969.246    94.323    -0.47    3.70
  74254.366    94.625     1.06    4.46
  74539.509    95.302     2.37    4.98
  74824.674    96.789     5.22    5.08
  75109.860    98.097     4.58    5.08
  75395.069    99.316     4.27    5.18
  75680.301   100.326     3.54    4.79
  75965.554   101.161     2.93    4.57
  76250.829   101.444     0.99    4.00
  76536.127   101.239    -0.72    4.01
  76821.447   100.860    -1.33    4.04
  77106.789   100.663    -0.69    4.13
  77392.153    99.989    -2.36    4.31
  77677.540    99.444    -1.91    4.41
  77962.949    99.290    -0.54    4.57
  78248.380    99.054    -0.83    4.47
  78533.833    99.301     0.86    4.47
  78819.308    99.495     0.68    4.29
  79104.806   100.170     2.37    4.09
  79390.326   100.884     2.50    3.70
  79675.868   101.189     1.07    3.30
  79961.432   100.958    -0.81    2.99
  80247.019   100.479    -1.68    3.06
  80532.628    99.323    -4.05    3.58
  80818.259    97.670    -5.79    3.95
  81103.912    95.500    -7.60    4.53
  81389.588    92.768    -9.56    5.61
  81675.286    89.266   -12.26    7.14
  81961.006    85.198   -14.24    8.97
  82246.749    80.916   -14.99    9.76
  82532.514    76.309   -16.12    9.48
  82818.301    72.032   -14.97    8.86
  83104.110    68.280   -13.13    7.21
  83389.942    65.362   -10.21    5.73
  83675.796    63.301    -7.21    4.62
  83961.673    61.689    -5.64    3.50
  84247.572    60.527    -4.06    2.65
  84533.493    59.840    -2.40    2.01
  84819.436    59.315    -1.84    1.61
  85105.402    58.867    -1.57    1.25
  85391.390    58.348    -1.81    1.82
  85677.401    57.591    -2.64    2.61
  85963.434    56.559    -3.61    3.43
  86249.489    53.560   -10.48    8.12
  86535.567    49.678   -13.57   10.77
  86821.667    45.372   -15.05   11.81
  87107.789    41.151   -14.76   11.17
  87393.934    37.302   -13.45    9.25
  87680.102    34.731    -8.98    6.67
  87966.291    33.774    -3.34    4.31
  88252.503    35.562     6.25    5.80
  88538.738    38.292     9.54    7.79
  88824.995    41.660    11.77    9.38
  89111.274    45.747    14.28    9.60
  89397.576    49.510    13.14    9.17
  89683.900    52.753    11.32    7.96
  89970.247    55.758    10.50    6.35
  90256.616    58.149     8.35    4.85
  90543.008    59.516     4.77    5.15
  90829.422    61.010     5.22    5.35
  91115.858    62.511     5.24    4.94
  91402.317    63.839     4.64    4.65
  91688.799    65.298     5.09    4.12
  91975.303    66.447     4.01    3.59
  92261.829    67.237     2.76    3.37
  92548.378    67.923     2.40    2.87
  92834.950    68.467     1.90    2.45
  93121.544    68.806     1.19    2.08
  93408.160    68.894     0.30    1.82
  93694.799    68.424    -1.64    1.84
  93981.461    68.110    -1.10    1.96
  94268.145    67.685    -1.48    2.05
  94554.851    67.340    -1.20    2.29
  94841.580    66.742    -2.09    2.58
  95128.332    65.956    -2.74    2.66
  95415.106    65.076    -3.07    2.65
  95701.903    64.194    -3.08    2.78
  95988.723    63.538    -2.29    2.79
  96275.564    62.726    -2.83    2.83
  96562.429    62.253    -1.65    3.01
  96849.316    61.547    -2.46    3.10
  97136.226    60.562    -3.43    3.49
  97423.158    60.064    -1.74    3.64
  97710.113    59.516    -1.91    3.78
  97997.090    59.510    -0.02    3.21
  98284.090    59.552     0.15    3.05
  98571.113    59.667     0.40    2.73
  98858.158    60.106     1.53    2.27
  99145.226    60.042    -0.22    2.04
  99432.317    59.719    -1.13    2.09
  99719.430    59.302    -1.45    2.15
 100006.566    58.547    -2.63    2.37
 100293.725    57.579    -3.37    2.39
 100580.906    56.710    -3.03    2.41
 100868.110    55.946    -2.66    2.50
 101155.336    55.305    -2.23    3.11
 101442.585    54.451    -2.98    3.51
 101729.857    53.946    -1.76    3.33
 102017.152    53.891    -0.19    3.25
 102304.469    54.234     1.19    3.43
 102591.809    54.611     1.31    3.88
 102879.171    55.196     2.03    4.39
 103166.557    56.181     3.43    5.11
 103453.965    57.576     4.85    5.25
 103741.395    58.824     4.34    5.45
 104028.849    59.925     3.83    5.40
 104316.325    61.333     4.90    5.28
 104603.824    62.559     4.26    4.98
 104891.346    63.879     4.59    4.30
 105178.890    65.176     4.51    3.33
 105466.457    66.085     3.16    2.81
 105754.047    67.021     3.26    2.38
 106041.660    67.789     2.67    2.30
 106329.295    68.269     1.67    2.19
 106616.953    68.511     0.84    2.18
 106904.634    68.865     1.23    2.06
 107192.338    69.042     0.62    1.97
 107480.065    68.969    -0.25    1.74
 107767.814    68.737    -0.81    1.67
 108055.586    68.656    -0.28    1.72
 108343.381    68.536    -0.42    1.80
 108631.199    68.271    -0.92    1.88
 108919.040    67.789    -1.67    2.22
 109206.903    67.292    -1.73    2.47
 109494.789    66.740    -1.92    2.63
 109782.698    66.400    -1.18    2.70
 110070.630    65.747    -2.27    2.86
 110358.585    64.833    -3.17    2.86
 110646.563    64.062    -2.68    2.77
 110934.563    63.698    -1.27    2.70
 111222.587    63.215    -1.68    2.62
 111510.633    62.505    -2.46    2.40
 111798.702    62.000    -1.75    2.17
 112086.794    61.656    -1.19    2.19
 112374.909    61.078    -2.01    2.16
 112663.047    60.527    -1.91    2.21
 112951.208    59.946    -2.02    2.55
 113239.391    59.323    -2.16    2.92
 113527.598    58.300    -3.55    3.57
 113815.827    57.620    -2.36    4.06
 114104.079    57.021    -2.08    4.38
 114392.355    56.359    -2.30    4.67
 114680.653    55.505    -2.96    4.90
 114968.974    54.742    -2.65    4.76
 115257.318    53.957    -2.72    4.55
 115545.685    53.301    -2.27    4.26
 115834.075    52.319    -3.41    3.98
 116122.488    51.033    -4.46    3.77
 116410.924    49.882    -3.99    3.88
 116699.383    49.064    -2.84    4.15
 116987.865    47.726    -4.64    4.16
 117276.370    46.419    -4.53    4.07
 117564.898    45.542    -3.04    4.05
 117853.449    45.271    -0.94    3.96
 118142.023    44.916    -1.23    3.66
 118430.620    44.830    -0.30    3.40
 118719.239    45.105     0.95    2.86
 119007.882    44.594    -1.77    2.74
 119296.548    44.126    -1.62    2.66
 119585.237    43.253    -3.03    2.85
 119873.949    41.926    -4.60    3.43
 120162.684    40.602    -4.58    3.69
 120451.443    39.281    -4.57    3.78
 120740.224    37.723    -5.40    3.78
 121029.028    36.632    -3.78    3.73
 121317.855    35.573    -3.67    3.57
 121606.706    34.594    -3.39    3.49
 121895.579    33.989    -2.09    3.49
 122184.476    33.989     0.00    3.51
 122473.395    34.115     0.43    3.57
 122762.338    34.232     0.40    3.45
 123051.304    34.568     1.17    3.48
 123340.293    35.074     1.75    2.92
 123629.305    35.277     0.70    2.71
 123918.340    35.179    -0.34    2.46
 124207.399    34.862    -1.10    2.36
 124496.480    34.593    -0.93    2.31
 124785.585    33.915    -2.35    2.57
 125074.712    32.681    -4.27    2.85
 125363.863    31.337    -4.65    2.92
 125653.037    30.022    -4.55    2.90
 125942.235    28.839    -4.09    2.76
 126231.455    27.670    -4.04    2.76
 126520.699    26.348    -4.57    2.42
 126809.965    24.802    -5.34    2.70
 127099.255    23.630    -4.05    2.78
 127388.568    22.811    -2.83    2.64
 127677.905    22.337    -1.64    2.63
 127967.264    21.900    -1.51    2.70
 128256.647    21.602    -1.03    2.88
 128546.053    21.617     0.05    3.00
 128835.482    21.968     1.21    2.90
 129124.934    22.044     0.27    2.81
 129414.410    22.032    -0.04    2.61
 129703.909    22.293     0.90    2.63
 129993.431    22.947     2.26    2.90
 130282.976    23.924     3.37    3.20
 130572.545    25.253     4.59    3.00
 130862.137    26.574     4.56    2.75
 131151.752    27.823     4.31    3.07
 131439.699    29.043     4.24    3.18
 131724.466    30.168     3.95    3.29
 132009.255    31.500     4.68    3.61
 132294.065    32.845     4.72    3.70
 132578.898    34.385     5.41    3.67
 132863.753    36.021     5.74    3.47
 133148.631    37.062     3.66    3.12
 133433.530    37.406     1.21    2.74
 133718.451    37.221    -0.65    3.08
 134003.395    36.156    -3.74    3.47
 134288.361    34.628    -5.36    4.08
 134573.348    32.763    -6.54    4.31
 134858.358    31.308    -5.11    3.64
 135143.391    30.527    -2.74    2.95
 135428.445    30.426    -0.36    2.66
 135713.521    31.213     2.76    3.13
 135998.620    32.522     4.59    3.76
 136283.741    34.163     5.76    3.93
 136568.884    35.926     6.18    4.08
 136854.049    37.688     6.18    4.29
 137139.237    39.532     6.47    4.57
 137424.446    41.789     7.92    4.81
 137709.678    44.031     7.86    4.92
 137994.932    46.333     8.07    4.82
 138280.208    48.948     9.17    4.94
 138565.507    51.526     9.04    4.79
 138850.828    54.093     9.00    4.75
 139136.170    56.237     7.52    4.85
 139421.536    58.656     8.48    5.18
 139706.923    61.263     9.14    5.30
 139992.333    64.344    10.79    5.56
 140277.765    67.232    10.12    6.19
 140563.219    70.340    10.89    7.42
 140848.695    74.415    14.27    9.32
 141134.194    79.463    17.68   11.52
 141419.715    87.387    27.76   16.03
 141705.258    95.935    29.94   18.76
 141990.824   104.913    31.44   20.27
 142276.412   111.574    23.33   19.44
 142562.022   116.237    16.33   17.46
 142847.654   117.467     4.31   16.10
 143133.309   115.250    -7.76   15.96
 143418.986   110.716   -15.87   16.08
 143704.686   106.906   -13.34   16.41
 143990.407   101.716   -18.17   16.52
 144276.152    96.453   -18.42   16.72
 144561.918    93.885    -8.98   16.55
 144847.707    91.333    -8.93   16.32
 145133.518    91.115    -0.77   15.71
 145419.351    91.031    -0.29   13.81
 145705.207    90.155    -3.07   11.95
 145991.085    87.885    -7.94   11.70
 146276.986    84.271   -12.64   13.70
 146562.909    78.789   -19.17   16.61
 146848.854    70.729   -28.19   18.86
 147134.822    63.458   -25.43   18.51
 147420.812    55.798   -26.79   16.33
 147706.825    49.022   -23.70   12.91
 147992.859    43.691   -18.64    9.18
 148278.917    39.753   -13.77    5.97
 148564.997    36.912    -9.93    4.15
 148851.099    34.957    -6.84    3.45
 149137.223    33.149    -6.32    3.78
 149423.370    32.161    -3.45    3.83
 149709.540    31.967    -0.68    3.73
 149995.732    32.000     0.12    4.06
 150281.946    32.462     1.62    4.30
 150568.183    33.000     1.88    4.33
 150854.442    32.863    -0.48    5.65
 151140.724    31.542    -4.62    8.55
 151427.028    29.115    -8.48   10.66
 151713.355    25.594   -12.30   11.88
 151999.704    21.865   -13.02   11.94
 152286.076    18.177   -12.88   10.54
 152572.470    15.388    -9.74    8.31
 152858.887    13.083    -8.05    4.56
 153145.326    12.337    -2.61    1.19
 153431.787    12.427     0.32    1.25
 153718.272    12.521     0.33    1.41
 154004.778    12.615     0.33    1.50
 154291.308    12.591    -0.08    1.61
 154577.859    12.621     0.10    1.64
 154864.434    12.283    -1.18    1.67
 155151.031    12.032    -0.87    1.52
 155437.650    12.344     1.09    1.52
 155724.292    12.548     0.71    1.55
 156010.957    12.884     1.17    1.62
 156297.644    13.239     1.24    1.72
 156584.353    13.440     0.70    1.67
 156871.086    13.699     0.90    1.57
 157157.841    13.904     0.72    1.56
 157444.618    14.043     0.48    1.59
 157731.418    13.934    -0.38    1.66
 158018.241    13.750    -0.64    1.90
 158305.086    13.649    -0.35    2.18
 158591.954    13.677     0.10    2.54
 158878.844    14.000     1.13    3.36
 159165.757    14.010     0.04    3.31
 159452.693    14.365     1.23    3.65
 159739.652    14.698     1.16    4.00
 160026.633    14.958     0.91    3.83
 160313.636    14.938    -0.07    3.42
 160600.663    14.375    -1.96    2.58
 160887.712    13.918    -1.59    2.65
 161174.783    13.510    -1.42    2.47
 161461.878    13.344    -0.58    2.27
 161748.994    12.825    -1.81    2.00
 162036.134    12.347    -1.66    2.08
 162323.297    12.202    -0.51    2.00
 162610.482    12.043    -0.56    1.91
 162897.689    11.713    -1.15    2.00
 163184.920    11.456    -0.90    1.98
 163472.173    11.255    -0.70    2.04
 163759.449    11.208    -0.16    2.17
 164046.747    11.130    -0.27    2.38
 164334.069    10.813    -1.10    2.63
 164621.413    10.667    -0.51    2.79
 164908.780    10.105    -1.95    3.23
 165196.169     9.194    -3.17    3.48
 165483.581     8.044    -4.00    3.23
 165771.016     7.617    -1.49    3.05
 166058.474     7.137    -1.67    3.07
 166345.955     6.948    -0.66    3.07
 166633.458     6.758    -0.66    3.07
 166920.984     7.021     0.91    3.05
 167208.533     7.292     0.94    3.04
 167496.105     7.582     1.01    2.87
 167783.699     8.292     2.47    2.93
 168071.317     9.052     2.64    3.14
 168358.957     9.761     2.47    3.17
 168646.620    10.549     2.74    3.14
 168934.306    10.371    -0.62    3.07
 169222.014    10.929     1.94    3.09
