#    9.355  -0.397   5.845 ;Mean Elev.(m), Avg Gradient(m/km), RMS Gradient(m/km) - SRTM1     
#    6.975   0.018   6.232 ;Mean Elev.(m), Avg Gradient(m/km), RMS Gradient(m/km) - ASTER GDEM
#    8.446  -0.644   5.779 ;Mean Elev.(m), Avg Gradient(m/km), RMS Gradient(m/km) - GMTED2010 
   1  46.357078  51.754944    15.136    15.112 22 54668.54855380 28.863
   2  46.357304  51.754909    15.249    15.167 23 54678.46419805 37.609
   3  46.360357  51.755412     8.677     9.277 23 54688.37984135 26.463
   4  46.365520  51.755002    75.050    69.187 23 54698.29548310 17.461
   5  46.364601  51.755916    12.429    12.571 24 54708.21112568 28.267
   6  46.358428  51.755532    15.118    15.108 23 54718.12677702 33.315
   7  46.346495  51.758976    13.079    13.097 18 54728.04242455 21.821
   8  46.334560  51.764805    15.286    15.243 11 54737.95806995 29.799
   9  46.335295  51.764147    15.347    15.342 11 54747.87371726 40.915
  10  46.335614  51.765239    15.327    15.290 11 54757.78936383 29.186
  11  46.341096  51.762108    15.024    15.052 14 54767.70500948 42.780
  12  46.339590  51.762783    15.113    15.153 12 54777.62065057 30.717
  13  46.336803  51.763779    15.209    15.206 11 54787.53628915 30.564
  14  46.336230  51.764515    15.401    15.379 10 54797.45192711 26.152
  15  46.351243  51.756645    15.612    15.633 20 54807.36756792 30.594
  16  46.359893  51.754938    15.688    15.749 22 54817.28320657 45.981
  17  46.359575  51.755781    62.902    62.851 23 54827.19885607 21.426
  18  46.354525  51.756710    94.583    93.372 21 54837.11449476  9.219
  19  46.348593  51.758149    16.137    16.055 19 54847.03014353 38.562
  20  46.345877  51.758983   102.048   102.237 17 54856.94579197  4.910
  21  46.348007  51.758183   101.336   101.667 17 54866.86144107  4.921
  22  46.349995  51.757151    99.753   100.776 20 54876.77708954  2.454
  23  46.349231  51.757332   100.096   101.014 18 54886.69273458  8.861
  24  46.335637  51.764971   106.108   106.176 11 54896.60837379  6.381
  25  46.332252  51.764679    15.569    15.556 10 54906.52401275 17.400
  26  46.332177  51.764609   106.463   106.586  9 54916.43965094  0.891
  27  46.335270  51.764623    15.610    15.626 11 54926.35528932 32.231
  28  46.349906  51.756690    15.561    15.557 19 54936.27092949 53.144
  29  46.356050  51.754896    16.675    16.724 23 54946.18656596 32.297
  30  46.353307  51.758773    17.353    17.344 19 54956.10219799 56.750
  31  46.346956  51.760440    16.414    16.409 16 54966.01784566 56.370
  32  46.347691  51.758075    16.078    16.083 18 54975.93349385 32.050
  33  46.348762  51.757856    14.968    14.969 19 54985.84914150 37.386
  34  46.355037  51.754836    14.987    14.918 21 54995.76479012 29.155
  35  46.356493  51.754670    15.152    15.112 22 55005.68043624 28.613
  36  46.355968  51.754598    15.318    15.317 22 55015.59608001 27.185
  37  46.354062  51.755256    15.160    15.154 22 55025.51172221 30.519
  38  46.355996  51.754251    15.184    15.176 22 55035.42736467 28.657
  39  46.357306  51.755131    14.892    14.897 23 55045.34300604 31.908
  40  46.359709  51.755462    75.598    74.678 23 55055.25864591 15.837
  41  46.342377  51.768947    58.905    70.848 10 55065.17427947 27.543
  42  46.354910  51.755107    14.818    15.243 21 55075.08993092 31.165
  43  46.339325  51.763008    15.224    15.241 12 55085.00557603 29.274
  44  46.334890  51.764820    14.380    15.094 10 55094.92122146 28.814
  45  46.336208  51.764073    15.315    15.315 11 55104.83686758 26.911
  46  46.336636  51.764336    14.616    14.964 11 55114.75251320 31.290
  47  46.336466  51.764538    15.403    15.427 10 55124.66815633 44.852
  48  46.336222  51.764599    15.311    15.323 11 55134.58379681 28.094
  49  46.335548  51.765192    15.281    15.346 11 55144.49943514 30.750
  50  46.336805  51.765675    78.079    75.552 11 55154.41507319  4.324
  51  46.353775  51.755062    15.097    15.088 22 55164.33071498 37.390
  52  46.357852  51.755386    61.970    62.048 23 55174.24635355 25.221
  53  46.362371  51.754350    68.460    63.382 23 55184.16199338 11.389
  54  46.358624  51.755082    97.843    98.010 23 55194.07764428  5.705
  55  46.346965  51.761680   104.674   104.776 15 55203.99329207  1.313
  56  46.354803  51.754692   101.616    99.437 21 55213.90894316  2.700
  57  46.354338  51.754598    99.778    99.019 21 55223.82459176  1.603
  58  46.343158  51.761789   104.169   104.609 15 55233.74023649  0.804
  59  46.338542  51.763369   104.404   105.375 12 55243.65587957  0.951
  60  46.334177  51.764214   106.002   106.046 11 55253.57151973  4.533
  61  46.333325  51.763844   106.017   105.970 10 55263.48715854  4.854
  62  46.335270  51.764404   106.052   106.066 11 55273.40279662  5.044
  63  46.342560  51.761886    56.591    56.929 14 55283.31843540  4.729
  64  46.354582  51.754763    15.698    15.673 22 55293.23407409 43.129
  65  46.353929  51.755600    15.932    15.955 22 55303.14971055 54.790
  66  46.344316  51.760072    16.062    16.199 15 55313.06535670 32.931
  67  46.342629  51.760783    17.536    17.563 14 55322.98100187 55.872
  68  46.347453  51.758328    16.942    16.920 17 55332.89664675 50.200
  69  46.353592  51.755108    15.883    15.826 21 55342.81229175 30.666
  70  46.355038  51.754724    15.057    14.932 22 55352.72793547 30.786
  71  46.354833  51.755375    14.780    14.786 22 55362.64357672 40.369
  72  46.356919  51.754449    14.710    14.674 22 55372.55921657 37.682
  73  46.359914  51.754031    14.854    14.790 23 55382.47485516 33.806
  74  46.361147  51.755448    14.926    14.905 23 55392.39049262 31.641
  75  46.362809  51.756536    70.641    60.796 22 55402.30612877 11.559
  76  46.361492  51.754214    14.991    15.015 23 55412.22178024 40.111
  77  46.353982  51.755037    14.710    14.719 21 55422.13742898 31.522
  78  46.336503  51.764499    14.685    14.688 11 55432.05307253 31.206
  79  46.335255  51.764176    14.829    14.765 11 55441.96871703 30.163
  80  46.336267  51.764685    14.855    14.875 11 55451.88435995 46.285
  81  46.346656  51.759035    14.642    14.634 18 55461.80000395 31.290
  82  46.351087  51.756336    14.412    14.417 19 55471.71564535 30.381
  83  46.350138  51.756502    14.562    14.572 19 55481.63128292 31.264
  84  46.346144  51.759151    14.589    14.589 17 55491.54691755 30.946
  85  46.355626  51.754307    14.206    14.459 22 55501.46255296 32.827
  86  46.362090  51.751344    76.284    82.801 20 55511.37819811  6.023
  87  46.358632  51.754762    14.478    14.474 22 55521.29384705 27.137
  88  46.339938  51.768631    52.455    74.405 10 55531.20949170 29.574
  89  46.354321  51.755621    14.360    14.385 22 55541.12514225 33.140
  90  46.354043  51.754453    15.170    15.171 21 55551.04078726 51.960
  91  46.352163  51.755944    14.908    14.910 21 55560.95643003 36.847
  92  46.357158  51.754060    60.311    60.537 22 55570.87207312 17.836
  93  46.346842  51.763534    88.365    88.454 14 55580.78771172  4.463
  94  46.357322  51.754708    49.999    49.569  8 55590.70335237 21.950
  95  46.375773  51.738758    29.620    19.021  5 55600.61899179 21.008
  96  46.354567  51.754533    14.716    14.721 20 55610.53462011 17.757
  97  46.366913  51.747544    14.555    14.536 15 55620.45025431 17.650
  98  46.368105  51.746928    14.594    14.585 14 55630.36590653 17.669
  99  46.358370  51.754930    14.881    14.863 23 55640.28155546 24.013
 100  46.373066  51.741786    21.727    14.740 10 55650.19720767 18.455
 101  46.345990  51.758878    15.099    15.058 17 55660.11284744 31.296
 102  46.340288  51.760711    15.696    15.712  6 55670.02848812 28.406
 103  46.339152  51.763028    16.414    16.438 13 55679.94412704 44.869
 104  46.355154  51.755672    17.501    17.523 22 55689.85976714 54.721
 105  46.362388  51.754983    16.548    16.480 23 55699.77540373 50.231
 106  46.364232  51.755340    15.589    15.653 24 55709.69104226 32.088
 107  46.359486  51.755548    15.371    15.352 23 55719.60669200 31.691
 108  46.356688  51.754915    15.155    15.223 22 55729.52233981 35.364
 109  46.356765  51.754288    14.875    14.979 22 55739.43798663 31.717
 110  46.356173  51.755444    14.996    14.998 22 55749.35363194 30.270
 111  46.357265  51.755067    14.907    14.927 22 55759.26927537 34.493
 112  46.356109  51.755090    15.055    15.113 23 55769.18491568 41.966
 113  46.351423  51.756608    14.942    14.931 20 55779.10055216 30.345
 114  46.350539  51.756483    14.962    14.917 19 55789.01618660 30.415
 115  46.356707  51.754203    14.841    14.849 22 55798.93182066 28.569
 116  46.358114  51.754752    14.868    14.847 22 55808.84746622 32.265
 117  46.351974  51.760976    75.869    72.848 17 55818.76311328 16.372
 118  46.359519  51.755056    15.084    15.030 22 55828.67875944 30.733
 119  46.343649  51.765365    77.564    78.550 13 55838.59439636  7.669
 120  46.354752  51.754705    68.783    70.753 22 55848.51003634  6.400
 121  46.356837  51.754982    14.746    14.749 22 55858.42567170 27.692
 122  46.359467  51.754992    14.566    14.510 22 55868.34131931 26.827
 123  46.362364  51.754448    14.228    14.422 23 55878.25697156 34.781
 124  46.361944  51.755234    76.218    77.769 23 55888.17261675 15.040
 125  46.361064  51.755144    43.468    38.039 10 55898.08825623 41.820
 126  46.378633  51.741778    28.612    23.295 11 55908.00389456 35.524
 127  46.366093  51.749744    15.504    15.495 17 55917.91953986 32.161
 128  46.369952  51.745345    15.470    15.494 14 55927.83519399 37.861
 129  46.372426  51.742627    15.664    15.596 11 55937.75084418 41.374
 130  46.359299  51.750419    15.684    15.589 14 55947.66648627 37.076
 131  46.342559  51.760819    15.415    15.434 14 55957.58212307 24.600
 132  46.337715  51.763698    15.437    15.444 11 55967.49775990 19.736
 133  46.346806  51.758790    15.213    15.218 17 55977.41339861 18.517
 134  46.357015  51.755071    99.941    99.840 23 55987.32903663  2.561
 135  46.360663  51.755383   100.407    99.803 23 55997.24467592  4.336
 137  46.344797  51.761480   106.052   104.722 16 56017.07597256  1.501
 138  46.339068  51.763235    15.964    15.942 12 56026.99161615 31.821
 139  46.340626  51.762361    15.503    15.530 14 56036.90725903 32.502
 140  46.354793  51.755113    16.228    16.242 22 56046.82290209 39.379
 141  46.360960  51.754587    17.165    17.136 23 56056.73854044 56.608
 142  46.363796  51.756142    17.013    16.993 23 56066.65417389 38.288
 143  46.360941  51.755884    17.187    17.185 23 56076.56982143 45.360
 144  46.357890  51.754909    15.695    15.686 23 56086.48547032 31.469
 145  46.356208  51.754736    15.269    15.231 22 56096.40111689 29.163
 146  46.356126  51.754883    15.488    15.491 22 56106.31676150 29.869
 147  46.355509  51.755351    15.093    15.065 22 56116.23239158 29.435
 148  46.357184  51.754222    15.192    15.165 22 56126.14802997 28.147
 149  46.356469  51.754804    14.813    14.811 23 56136.06366388 34.221
 150  46.354565  51.755055    15.102    15.119 21 56145.97930665 41.461
 151  46.352283  51.755785    15.335    15.344 20 56155.89495577 49.013
 152  46.335519  51.769242    65.608    80.645  7 56165.81060039 28.906
 153  46.335995  51.769465    58.965    78.832  8 56175.72624654 26.856
 154  46.355245  51.755001    14.527    14.524 21 56185.64189187 35.163
 155  46.354302  51.755305    14.805    14.823 22 56195.55752913 28.520
 156  46.355320  51.755189    14.628    14.624 22 56205.47316382 29.972
 157  46.358784  51.755600    64.709    61.166 23 56215.38879733 20.162
 158  46.346659  51.768893    54.389    73.074 11 56225.30443248 25.651
 159  46.360754  51.757364    68.278    69.154 21 56235.22009142  7.646
 160  46.355414  51.759686    65.731    67.735 19 56245.13574233  5.200
 161  46.371074  51.745224    27.090    19.683 13 56255.05139288 45.913
 162  46.357579  51.754786    70.331    75.453 22 56264.96703254  5.823
 163  46.357484  51.755095    89.593    90.189 23 56274.88267316  4.928
 164  46.357378  51.754709    64.350    62.763 22 56284.79831815 16.564
 165  46.349700  51.758122    87.956    89.282 18 56294.71396754 11.990
 166  46.339184  51.763160    98.254    98.662  8 56304.62961217  0.305
 167  46.336204  51.763878    15.548    15.538 11 56314.54525456 33.944
 168  46.338596  51.763032    15.277    15.276  9 56324.46089589 22.298
 169  46.350103  51.756953   100.022   100.923 19 56334.37653833  2.545
 170  46.356989  51.754031    15.624    15.590 22 56344.29217909 28.098
 171  46.357461  51.755099   100.251    99.617 23 56354.20781628  1.861
 172  46.344106  51.763707   111.063   107.143 14 56364.12345786  0.693
 173  46.347988  51.758093    16.200    16.216 18 56374.03910828 33.892
 175  46.351265  51.756513    16.293    16.285 20 56393.87039879 56.576
 176  46.355445  51.755603    16.633    16.627 22 56403.78604132 54.259
 177  46.358245  51.755671    17.375    17.357 23 56413.70168059 51.513
 178  46.362960  51.754234    17.141    17.111 23 56423.61731541 46.989
 179  46.361381  51.754542    16.594    16.580 23 56433.53295940 38.037
 180  46.356366  51.755075    17.018    17.012 23 56443.44861120 48.571
 181  46.354562  51.755024    16.838    16.847 21 56453.36426092 50.898
 182  46.351953  51.755802    15.627    15.490 20 56463.27990781 30.548
 183  46.343936  51.760386    15.457    15.503 16 56473.19555020 33.503
 184  46.337965  51.763657    15.353    15.400 12 56483.11118957 30.193
 185  46.341016  51.761775    15.160    15.172 13 56493.02682706 37.091
 186  46.355055  51.754388    74.687    72.552 21 56502.94246394 14.539
 187  46.347925  51.765640    61.745    77.641 10 56512.85809404 27.374
 188  46.347988  51.766070    52.903    77.552  8 56522.77374210 26.968
 189  46.358312  51.754994    15.204    15.224 23 56532.68939692 40.101
 191  46.346118  51.759148    77.872    83.079 17 56552.52068809 14.957
 192  46.353242  51.755085    98.570    98.930 22 56562.43633216  7.528
 193  46.357605  51.754976    41.051    38.689  8 56572.35197421 26.476
 194  46.358187  51.757853    73.028    76.077 20 56582.26761354  4.818
 195  46.347331  51.768708    68.985    75.715 11 56592.18324613 24.116
 196  46.359096  51.756084    63.917    61.727 22 56602.09889975 20.281
 197  46.357135  51.754172    72.631    76.390 22 56612.01454949  3.527
 198  46.355949  51.754976    75.238    75.593 22 56621.93019427 11.103
 199  46.348538  51.761874    81.285    84.909 15 56631.84583443  4.601
 200  46.360203  51.754414    75.781    75.769 23 56641.76147452 11.544
 201  46.356043  51.754520    88.271    88.726 22 56651.67712267  6.362
 202  46.338734  51.763458    15.845    15.834 12 56661.59276941 48.034
 203  46.334871  51.764322    15.877    15.874 10 56671.50841581 43.308
 204  46.338610  51.763297    89.450    89.547 12 56681.42406154  6.257
 205  46.369678  51.742690    24.988    20.555  9 56691.33971122 30.434
 206  46.358247  51.754585    98.029    98.442 22 56701.25534785  3.759
 207  46.358358  51.755181    98.536    98.769 23 56711.17098260  4.019
 208  46.354895  51.754747   100.316    99.102 22 56721.08662657  5.288
 209  46.340896  51.762089    16.129    16.181 14 56731.00227593 36.320
 210  46.346012  51.759106    16.112    16.084 17 56740.91792485 39.264
 211  46.356348  51.754615    16.153    16.138 22 56750.83357020 55.148
 212  46.361593  51.754364    15.548    15.523 23 56760.74920930 32.340
 213  46.355477  51.761641    82.701    84.229 17 56770.66483952  3.971
 214  46.357420  51.755099    16.602    16.771 22 56780.58049386 37.060
 215  46.346287  51.758910    16.188    16.124 17 56790.49614722 32.918
 216  46.335809  51.764630    15.573    15.610 11 56800.41179726 40.489
 217  46.338984  51.763268    14.834    14.791 12 56810.32744306 34.278
 218  46.347487  51.758177    15.594    15.567 17 56820.24308510 36.153
 219  46.350098  51.756512    15.387    15.329 19 56830.15872203 39.067
 220  46.350129  51.756578    15.243    15.297 19 56840.07435514 40.366
 221  46.353671  51.755101    15.305    15.317 22 56849.98999004 30.193
 222  46.350645  51.756536    15.198    15.195 19 56859.90564386 30.360
 223  46.355019  51.754527    15.122    15.096 22 56869.82129802 31.448
 224  46.355548  51.754526    15.044    15.075 22 56879.73694893 36.357
 225  46.334993  51.768330    72.513    78.091  8 56889.65259205 28.519
 226  46.336264  51.763847    14.921    14.877 11 56899.56823755 27.820
 227  46.332947  51.765133    14.707    14.702 10 56909.48387954 28.363
 228  46.339129  51.763200    14.442    14.861 12 56919.39952133 35.051
 229  46.357186  51.754680    14.554    14.538 22 56929.31516330 28.702
 230  46.362866  51.755103    14.280    14.302 23 56939.23079814 34.190
 231  46.363848  51.755815    14.570    14.555 23 56949.14643396 29.418
 232  46.344396  51.765471    74.819    73.417 13 56959.06208331  4.979
 233  46.352040  51.755873    14.672    14.652 20 56968.97773312 30.930
 234  46.352090  51.755976    14.497    14.514 20 56978.89337657 33.172
 235  46.357127  51.754825    61.062    61.489 22 56988.80901616 21.625
 236  46.361998  51.754727    62.420    61.579 23 56998.72464931 19.283
 237  46.357506  51.755431    66.042    61.816 23 57008.64029912 15.362
 238  46.349826  51.756747    86.428    88.363 15 57018.55595097  9.997
 239  46.329172  51.770160    87.550    87.927  4 57028.47159658  1.277
 240  46.339592  51.762732   103.964   105.130 12 57038.38724701  2.129
 241  46.353990  51.754219    14.801    14.816 18 57048.30289562 27.512
 242  46.357400  51.754441    98.280    98.459 22 57058.21853791  6.286
 243  46.359434  51.754042    98.801    98.215 23 57068.13417452  3.410
 244  46.359983  51.754239    98.039    98.165 23 57078.04980651  3.385
 245  46.362002  51.754104    97.681    97.794 23 57087.96544040  3.038
 246  46.344257  51.765929    70.414    73.972  8 57097.88109525 18.825
 247  46.358567  51.754969    15.319    15.299 23 57107.79675389 35.378
 248  46.377197  51.741112    15.069    15.021 10 57117.71240835 42.640
 249  46.357246  51.755444    14.863    14.818 23 57127.62804839 38.726
 250  46.354529  51.755853    14.995    14.982 22 57137.54368696 29.052
 251  46.357213  51.754050    15.808    16.377 22 57147.45932257 40.498
 252  46.360326  51.754491    16.115    16.091 23 57157.37495546 32.884
 253  46.359365  51.755837    16.259    16.255 23 57167.29060089 53.430
 254  46.357696  51.754423    15.377    15.543 22 57177.20625756 35.997
 255  46.350278  51.756947    15.571    15.678 19 57187.12190897 45.613
 256  46.339183  51.763094    15.747    15.769 12 57197.03755520 46.236
 257  46.336693  51.764245    15.243    15.308 11 57206.95318926 28.028
 258  46.342969  51.760788    15.435    15.417 16 57216.86883508 33.263
 259  46.353343  51.755280    82.042    76.644 21 57226.78448046 10.731
 260  46.356654  51.754908    15.378    15.437 22 57236.70012225 32.287
 261  46.358754  51.754506    15.021    15.102 22 57246.61576050 31.155
 262  46.359163  51.755040    14.961    14.931 23 57256.53139594 34.589
 263  46.380358  51.740746    28.279    17.669  9 57266.44703469 29.159
 264  46.362959  51.755583    14.900    14.961 23 57276.36267548 29.069
 265  46.362467  51.755114    14.642    14.674 23 57286.27833248 30.888
 266  46.360484  51.754537    14.713    14.711 23 57296.19398648 29.111
 267  46.356708  51.754697    14.821    14.843 22 57306.10963651 27.898
 268  46.348995  51.757701    14.678    14.672 19 57316.02528180 29.767
 269  46.343897  51.759993    15.148    15.160 15 57325.94092405 30.923
 270  46.345805  51.759274    15.346    15.303 17 57335.85656534 35.124
 271  46.345985  51.759190    15.595    15.558 17 57345.77221186 32.289
 272  46.341941  51.761281    15.436    15.393 14 57355.68785836 35.765
 273  46.338619  51.763291    15.256    15.273 12 57365.60350117 30.409
 274  46.340689  51.762113    15.893    15.897 14 57375.51914178 52.619
 275  46.350921  51.756508    15.686    15.672 19 57385.43478220 49.284
 276  46.348046  51.761994    88.487    87.750 16 57395.35041916  4.947
 277  46.356633  51.758865   101.808   101.765 19 57405.26605771  1.231
 278  46.357263  51.757632   101.144   101.022 21 57415.18170671  0.951
 279  46.357373  51.755095    15.835    15.844 22 57425.09735873 28.175
 280  46.354875  51.754987    62.061    62.110 21 57435.01300702 25.515
 281  46.355097  51.754932    16.125    16.087 22 57444.92865366 38.637
 282  46.356580  51.755185    17.689    16.461 23 57454.84429952 35.581
 283  46.358466  51.755141    15.668    15.659 23 57464.75994352 36.490
 284  46.359984  51.754716    15.712    15.707 23 57474.67558380 54.150
 285  46.359610  51.754916    15.232    15.287 23 57484.59122032 30.339
 286  46.361116  51.754127    15.576    15.573 23 57494.50685447 32.104
 287  46.362336  51.756204    17.034    17.011 23 57504.42248638 30.650
 288  46.360805  51.755034    17.690    17.687 22 57514.33814196 47.627
 289  46.358027  51.754575    17.585    17.622 23 57524.25379641 32.378
 290  46.352081  51.755885    16.974    16.999 20 57534.16944793 40.723
 291  46.339159  51.762967    15.894    16.025 13 57544.08509477 33.124
 292  46.337040  51.764097    15.819    15.897 11 57554.00074098 41.700
 293  46.345891  51.759139    15.251    15.232 16 57563.91638754 30.639
 294  46.354590  51.754589    15.278    15.283 22 57573.83203338 46.469
 295  46.355777  51.754448    15.376    15.359 22 57583.74767744 36.715
 296  46.355245  51.754786    15.127    15.093 22 57593.66331931 33.333
 297  46.355306  51.754909    15.063    15.090 21 57603.57895909 37.729
