#   23.018   0.025   1.767 ;Mean Elev.(m), Avg Gradient(m/km), RMS Gradient(m/km) - SRTM1     
#   21.596   0.150   3.513 ;Mean Elev.(m), Avg Gradient(m/km), RMS Gradient(m/km) - ASTER GDEM
#   23.199  -0.199   2.711 ;Mean Elev.(m), Avg Gradient(m/km), RMS Gradient(m/km) - GMTED2010 
   2  49.157885  53.209187    28.439    28.393  4 54672.20512430 35.757
   3  49.155778  53.210037     0.758     0.745  3 54682.12076783 11.860
   4  49.155737  53.209784    29.077    29.164  3 54692.03641010 45.926
   5  49.159747  53.209461     5.246     5.609  3 54701.95205029 16.591
   6  49.160979  53.207861    28.544    28.544  4 54711.86769783 35.645
   7  49.160550  53.207371    29.264    29.186  3 54721.78334865 45.620
   8  49.158554  53.207885    28.473    28.468  3 54731.69899707 44.000
   9  49.156963  53.209910    28.619    28.569  3 54741.61464429 42.701
  10  49.155665  53.210577    28.690    28.704  4 54751.53029130 37.667
  11  49.156366  53.210790    28.473    28.421  3 54761.44593824 32.226
  12  49.158631  53.210209    28.604    28.609  3 54771.36158278 32.545
  13  49.158810  53.208269    28.490    28.578  3 54781.27722373 32.579
  14  49.160317  53.208072    28.786    28.759  3 54791.19286239 34.390
  15  49.160203  53.208198    28.968    28.871  4 54801.10849970 43.162
  16  49.159876  53.207920    28.674    28.743  3 54811.02413686 35.411
  17  49.159679  53.207414    29.045    28.972  3 54820.93977698 47.886
  18  49.159296  53.208289    29.317    29.237  4 54830.85542913 43.185
  19  49.156542  53.208671    28.832    28.846  3 54840.77106758 36.887
  20  49.154919  53.211395    28.652    28.649  3 54850.68671686 30.900
  21  49.151882  53.212889    28.797    28.796  4 54860.60236550 29.298
  22  49.149980  53.213193    28.873    28.849  4 54870.51801419 26.378
  23  49.152189  53.212758    28.766    28.755  4 54880.43366183 24.645
  24  49.154725  53.210338    28.948    28.930  3 54890.34930592 23.047
  25  49.158331  53.210300    28.812    28.791  3 54900.26494739 22.746
  26  49.156061  53.209647    28.862    28.869  3 54910.18058600 18.509
  27  49.154909  53.210811    28.676    28.629  3 54920.09622367 36.256
  28  49.155037  53.210420    28.764    28.736  4 54930.01186072 29.900
  29  49.157758  53.208104    29.110    29.075  3 54939.92749659 36.023
  30  49.163580  53.206773    30.721    30.699  4 54949.84313130 56.616
  31  49.165378  53.205405    29.632    29.625  4 54959.75876982 37.584
  32  49.162963  53.206402    29.496    29.510  3 54969.67441830 34.646
  33  49.160091  53.207848    29.667    29.627  4 54979.59006579 54.370
  34  49.157123  53.208315    29.320    29.103  3 54989.50571298 31.145
  35  49.157338  53.209172    28.655    28.599  3 54999.42136057 32.448
  36  49.156558  53.208918    28.560    28.546  3 55009.33700606 32.511
  37  49.157757  53.210070    28.769    28.754  3 55019.25265016 33.836
  38  49.155081  53.210013    28.702    28.705  3 55029.16829230 36.264
  39  49.153948  53.211059    28.432    28.412  3 55039.08393411 33.703
  40  49.154220  53.210592    28.525    28.481  3 55048.99957447 31.862
  41  49.157576  53.208852    28.609    28.542  3 55058.91521282 32.969
  42  49.161413  53.206785    28.642    28.640  3 55068.83085192 46.692
  43  49.163164  53.207289    28.701    28.722  3 55078.74650192 50.434
  44  49.159513  53.207506    28.614    28.625  3 55088.66214934 34.625
  45  49.156477  53.209613    28.615    28.626  4 55098.57779583 34.999
  46  49.154938  53.210956    28.432    28.515  3 55108.49344188 31.592
  47  49.155380  53.209796    28.423    28.337  3 55118.40908668 32.296
  48  49.158743  53.208450    28.649    28.672  4 55128.32472933 39.117
  49  49.161862  53.208073    28.471    28.473  3 55138.24036991 36.128
  50  49.161488  53.208134    28.334    28.336  3 55148.15600854 33.548
  51  49.159156  53.208414    28.928    28.734  3 55158.07164634 50.192
  52  49.158951  53.209229    28.354    28.360  3 55167.98728417 33.360
  53  49.159180  53.208238    28.385    28.403  3 55177.90292106 43.113
  54  49.159378  53.207388    28.611    28.605  3 55187.81856530 30.792
  55  49.159436  53.209493    28.460    28.456  3 55197.73421641 25.811
  56  49.156032  53.210704    28.755    28.771  3 55207.64986614 20.824
  57  49.153149  53.211888    28.489    28.489  4 55217.56551542 20.735
  58  49.151963  53.212062    28.972    28.973  3 55227.48116407 19.418
  59  49.153897  53.211332    28.849    28.844  4 55237.39681003 19.658
  60  49.156983  53.209637    28.850    28.876  4 55247.31245240 17.970
  61  49.159209  53.209064    28.827    28.860  3 55257.22809226 17.477
  62  49.158337  53.209193    28.759    28.785  4 55267.14373088 20.232
  63  49.156375  53.209819    30.580    30.581  3 55277.05936882 14.958
  64  49.156951  53.209761    28.793    28.774  3 55286.97500571 31.282
  65  49.160831  53.208549    28.883    28.901  3 55296.89064045 36.744
  66  49.162907  53.206319    29.006    28.982  3 55306.80628102 49.279
  67  49.163180  53.206277    30.454    30.513  3 55316.72192760 49.031
  68  49.162030  53.207735    30.943    30.936  3 55326.63757318 51.245
  69  49.159038  53.208889    29.617    29.587  4 55336.55321764 37.834
  70  49.157219  53.209849    29.779    29.757  4 55346.46886173 46.833
  71  49.157400  53.210262    28.518    28.555  3 55356.38450458 33.006
  72  49.157556  53.209773    28.485    28.447  4 55366.30014520 33.801
  73  49.157680  53.209023    28.806    28.800  4 55376.21578423 43.747
  74  49.159263  53.209726    28.493    28.479  3 55386.13142257 50.293
  75  49.158341  53.208524    28.228    28.237  3 55396.04705941 35.700
  76  49.160023  53.208487    28.530    28.530  4 55405.96270044 43.057
  77  49.159335  53.207963    28.392    28.363  4 55415.87835144 42.767
  78  49.160719  53.207808    28.560    28.510  4 55425.79399945 43.658
  79  49.160918  53.207423    28.515    28.520  4 55435.70964476 36.485
  80  49.159693  53.208080    28.439    28.428  3 55445.62528892 32.301
  81  49.158322  53.209532    28.533    28.549  3 55455.54093252 40.898
  82  49.157514  53.210109    28.325    28.321  3 55465.45657533 37.729
  83  49.158021  53.208331    28.960    28.927  3 55475.37221494 46.016
  84  49.162466  53.207562    28.455    28.457  4 55485.28785194 36.443
  85  49.164784  53.206293    28.503    28.521  4 55495.20348646 39.429
  86  49.164956  53.206199    28.450    28.450  4 55505.11912011 36.143
  87  49.160394  53.207473    28.691    28.708  4 55515.03477029 45.168
  88  49.157427  53.208591    28.458    28.498  3 55524.95041968 30.534
  89  49.156569  53.209539    28.631    28.673  3 55534.86606732 37.918
  90  49.156693  53.210128    28.641    28.526  3 55544.78171307 48.497
  91  49.156165  53.210621    28.509    28.513  3 55554.69735694 39.470
  92  49.155195  53.211091    28.415    28.424  4 55564.61299992 27.543
  93  49.154719  53.210234    28.453    28.437  3 55574.52864218 24.183
  94  49.157570  53.209773    28.495    28.475  4 55584.44428331 21.899
  95  49.160508  53.208225    28.734    28.729  4 55594.35992084 21.351
  96  49.162984  53.206778    28.801    28.814  3 55604.27555499 19.640
  97  49.164949  53.206260    28.769    28.787  4 55614.19118700 16.713
  98  49.163811  53.205722    28.935    28.915  4 55624.10682494 16.547
  99  49.161874  53.207466    29.039    29.065  4 55634.02247743 17.477
 100  49.160170  53.207499    28.651    28.618  3 55643.93812741 17.680
 101  49.160818  53.207762    28.758    28.769  4 55653.85377481 21.933
 102  49.161443  53.207245    28.885    28.882  3 55663.76941768 38.289
 103  49.161396  53.207406    29.042    29.002  4 55673.68505775 51.383
 104  49.161254  53.208317    30.649    30.685  3 55683.60069655 53.506
 105  49.159772  53.207741    29.844    29.904  4 55693.51633373 39.153
 106  49.161740  53.208295    29.364    29.309  3 55703.43196992 35.703
 107  49.161187  53.208262    28.908    28.884  3 55713.34761477 33.132
 108  49.159524  53.209195    28.685    28.597  3 55723.26326408 38.053
 109  49.157702  53.210173    28.692    28.709  3 55733.17891132 31.881
 110  49.156485  53.210676    28.501    28.518  3 55743.09455718 33.844
 111  49.156314  53.210192    28.609    28.626  4 55753.01020156 31.581
 112  49.159296  53.209443    28.702    28.683  3 55762.92584387 34.597
 113  49.161077  53.207437    28.565    28.565  3 55772.84148310 50.486
 114  49.163418  53.206821    28.715    28.738  3 55782.75711918 51.405
 115  49.163282  53.206146    28.416    28.404  4 55792.67275262 36.504
 116  49.163571  53.206093    28.731    28.712  4 55802.58838718 55.617
 117  49.161945  53.207101    28.625    28.716  3 55812.50403738 33.579
 118  49.161742  53.206913    28.644    28.720  3 55822.41968585 35.311
 119  49.162976  53.206243    28.663    28.663  4 55832.33532956 38.547
 120  49.163924  53.205624    28.723    28.726  4 55842.25096875 35.010
 121  49.164463  53.206206    28.691    28.647  4 55852.16660490 47.398
 122  49.163613  53.206639    28.383    28.382  4 55862.08223879 35.709
 123  49.159977  53.208520    28.442    28.399  3 55871.99789316 31.236
 124  49.159119  53.208947    28.382    28.294  3 55881.91354273 28.194
 125  49.159698  53.208731    28.907    28.922  3 55891.82918579 39.822
 126  49.159456  53.207486    28.943    28.950  3 55901.74482294 34.592
 127  49.161243  53.208302    28.773    28.742  3 55911.66045747 34.086
 128  49.157097  53.209686    28.604    28.647  4 55921.57611196 23.984
 129  49.156261  53.210012    28.377    28.375  4 55931.49176398 20.151
 130  49.157735  53.208679    28.800    28.792  3 55941.40741188 26.386
 131  49.161118  53.208145    28.866    28.848  4 55951.32305558 18.307
 132  49.160808  53.207208    28.753    28.748  4 55961.23869502 17.919
 133  49.160967  53.208627    28.793    28.781  3 55971.15433250 17.990
 134  49.159352  53.208152    28.649    28.680  3 55981.06996821 17.413
 135  49.161925  53.207440    28.961    28.904  3 55990.98560303 21.251
 136  49.162815  53.206402    28.929    28.924  3 56000.90124817 20.479
 137  49.162908  53.206170    28.791    28.819  3 56010.81689828 18.870
 138  49.162180  53.206986    28.527    28.498  3 56020.73254468 21.917
 139  49.160464  53.208845    28.845    28.887  3 56030.64818835 41.288
 140  49.157470  53.209675    28.827    28.823  4 56040.56382986 49.407
 141  49.157472  53.210090    30.587    30.682  3 56050.47946942 37.191
 142  49.158932  53.209073    30.572    30.581  4 56060.39510622 45.386
 143  49.161682  53.207607    30.376    30.333  3 56070.31074297 54.818
 144  49.160156  53.208499    29.640    29.588  4 56080.22639385 36.441
 145  49.156634  53.208956    28.739    28.777  3 56090.14204167 42.124
 146  49.155852  53.210516    28.951    28.944  4 56100.05768740 36.035
 147  49.155859  53.209625    28.621    28.638  3 56109.97331867 35.089
 148  49.159476  53.208018    28.698    28.723  3 56119.88895866 47.904
 149  49.163535  53.205732    28.528    28.528  4 56129.80459495 38.355
 150  49.166981  53.205455    28.470    28.415  4 56139.72022848 46.243
 151  49.161894  53.206485    28.432    28.409  4 56149.63587834 35.502
 152  49.158852  53.208594    28.333    28.325  3 56159.55152767 41.221
 153  49.158807  53.209674    28.514    28.462  3 56169.46717578 33.150
 154  49.160345  53.208462    28.635    28.603  4 56179.38282022 34.086
 155  49.162142  53.206873    28.496    28.508  3 56189.29846038 38.260
 156  49.162707  53.206318    28.479    28.477  3 56199.21409734 44.140
 157  49.162590  53.207346    28.542    28.545  4 56209.12973171 37.319
 158  49.160872  53.207232    28.708    28.671  4 56219.04536389 50.429
 159  49.159296  53.208476    28.484    28.452  4 56228.96101093 35.079
 160  49.159511  53.209519    28.604    28.642  3 56238.87666475 40.221
 161  49.157577  53.208237    28.711    28.752  3 56248.79231419 33.556
 162  49.158755  53.208922    29.267    29.252  3 56258.70795942 37.130
 163  49.157443  53.209133    29.103    29.078  4 56268.62360149 35.321
 164  49.156469  53.209103    28.687    28.689  3 56278.53924191 46.717
 165  49.156308  53.210022    28.788    28.778  4 56288.45489179 38.482
 166  49.157925  53.209331    28.710    28.704  3 56298.37054084 31.918
 167  49.159264  53.207746    28.809    28.812  3 56308.28618573 28.825
 168  49.160168  53.207515    28.745    28.740  4 56318.20182809 25.351
 169  49.158928  53.208668    28.981    28.990  4 56328.11746910 21.812
 170  49.157973  53.209539    28.893    28.886  4 56338.03310903 20.826
 171  49.158828  53.208892    28.692    28.665  4 56347.94874698 20.176
 172  49.162170  53.207081    29.019    28.957  4 56357.86438222 23.810
 173  49.162414  53.206998    29.076    29.005  3 56367.78003156 31.540
 175  49.158333  53.210018    29.390    29.375  3 56387.61132547 39.342
 176  49.156029  53.211448    28.942    28.964  3 56397.52696905 33.381
 177  49.155079  53.211232    30.747    30.756  4 56407.44261020 48.399
 178  49.156201  53.209426    30.888    30.848  3 56417.35824737 42.822
 179  49.160678  53.207940    29.892    29.921  3 56427.27388013 48.639
 180  49.159410  53.208698    30.273    30.231  4 56437.18953242 38.292
 181  49.157723  53.210429    30.587    30.588  3 56447.10518395 47.411
 182  49.155342  53.210911    29.047    29.087  3 56457.02083289 30.696
 183  49.155223  53.210656    28.950    28.931  4 56466.93647869 35.584
 184  49.156576  53.208947    28.643    28.643  3 56476.85212041 33.086
 185  49.161002  53.208183    28.597    28.559  3 56486.76775896 32.801
 186  49.162710  53.207205    28.460    28.472  4 56496.68339468 39.891
 187  49.162978  53.206859    28.497    28.521  3 56506.59902913 34.539
 188  49.163058  53.206712    28.621    28.649  4 56516.51466420 43.730
 189  49.159962  53.207184    28.593    28.680  3 56526.43031874 35.090
 190  49.160967  53.208205    28.527    28.554  4 56536.34596958 34.258
 192  49.160127  53.209056    28.375    28.410  3 56556.17726027 32.756
 193  49.157971  53.209759    28.664    28.634  3 56566.09290282 33.335
 194  49.156737  53.210603    28.510    28.535  3 56576.00854406 36.745
 195  49.156295  53.209354    28.553    28.579  3 56585.92418179 33.033
 196  49.159786  53.209107    28.533    28.564  3 56595.83981994 40.051
 197  49.157441  53.208476    28.991    28.982  3 56605.75547196 50.180
 198  49.158157  53.209740    28.992    29.075  3 56615.67111983 35.618
 199  49.158217  53.210119    28.766    28.733  3 56625.58676398 35.636
 200  49.158051  53.209539    28.825    28.875  3 56635.50240526 36.936
 201  49.159426  53.208323    29.134    29.136  4 56645.41804421 39.627
 202  49.159179  53.208678    28.902    28.876  4 56655.33369702 32.030
 203  49.159590  53.208651    28.636    28.611  3 56665.24934545 29.104
 204  49.159463  53.208941    29.004    29.015  3 56675.16499106 25.870
 205  49.158066  53.209222    28.796    28.812  3 56685.08063533 20.206
 206  49.156727  53.208806    28.786    28.801  3 56694.99627742 19.951
 207  49.158569  53.208282    28.942    28.953  3 56704.91191529 23.595
 208  49.162244  53.207286    29.079    29.073  4 56714.82754785 20.536
 209  49.159887  53.207948    29.489    29.513  3 56724.74319931 18.941
 210  49.157504  53.209781    29.114    29.082  3 56734.65884938 26.238
 211  49.155538  53.211722    29.131    29.127  3 56744.57449627 36.610
 212  49.154144  53.211291    29.208    29.087  3 56754.49013857 29.388
 213  49.157192  53.210759    28.494    28.484  3 56764.40577575 32.120
 214  49.158785  53.208686    30.100    30.092  4 56774.32141177 41.756
 215  49.157259  53.210541    30.430    30.519  3 56784.23706904 31.388
 216  49.154017  53.211300    29.047    29.071  3 56794.15272221 29.007
 217  49.152340  53.212031    29.370    29.370  3 56804.06837207 43.034
 218  49.154083  53.211552    29.146    29.167  3 56813.98401462 51.638
 219  49.157290  53.210510    28.446    28.442  3 56823.89965373 32.250
 220  49.159014  53.208046    29.241    29.294  3 56833.81528846 35.568
 221  49.162268  53.207233    29.124    29.151  3 56843.73092026 40.345
 222  49.161655  53.207522    28.942    28.977  4 56853.64656293 47.242
 223  49.159716  53.209334    28.243    28.277  3 56863.56221711 35.538
 224  49.157104  53.209481    28.422    28.378  4 56873.47787042 33.359
 225  49.156814  53.209939    28.565    28.515  4 56883.39352082 43.673
 226  49.156806  53.210241    28.207    28.236  3 56893.30916782 32.267
 227  49.155830  53.210836    28.282    28.255  4 56903.22481151 39.300
 228  49.153129  53.211426    28.604    28.554  4 56913.14045296 35.036
 229  49.152745  53.211981    28.571    28.549  3 56923.05609285 34.806
 230  49.153666  53.210843    28.484    28.572  3 56932.97173016 30.500
 231  49.157437  53.208909    28.984    28.983  3 56942.88736231 49.711
 232  49.159153  53.208346    28.595    28.631  3 56952.80300721 33.991
 233  49.157689  53.208971    28.473    28.469  3 56962.71865779 32.671
 234  49.156418  53.210191    28.929    28.867  4 56972.63430375 51.311
 235  49.155761  53.209999    28.438    28.399  3 56982.54994541 38.661
 236  49.157780  53.208441    29.086    29.226  3 56992.46558253 47.898
 237  49.162429  53.206411    28.540    28.548  4 57002.38121728 40.209
 238  49.161659  53.207090    29.093    28.870  4 57012.29687461 36.952
 239  49.159757  53.207754    28.315    28.332  3 57022.21252604 26.685
 240  49.156796  53.208806    28.522    28.551  3 57032.12817453 20.802
 241  49.155260  53.209497    28.413    28.428  3 57042.04382091 23.136
 242  49.156629  53.210036    28.680    28.692  3 57051.95946535 18.145
 243  49.157904  53.208038    28.689    28.656  3 57061.87510508 18.529
 244  49.161200  53.207583    28.764    28.735  4 57071.79073990 18.736
 245  49.162031  53.207050    28.971    29.037  3 57081.70637044 20.439
 246  49.159918  53.209098    28.690    28.728  3 57091.62201487 19.404
 247  49.153925  53.210490    28.807    28.816  3 57101.53767211 29.223
 248  49.154173  53.212157    28.640    28.668  3 57111.45332661 31.780
 249  49.155179  53.210533    28.575    28.502  3 57121.36897485 34.143
 250  49.156993  53.209299    29.055    29.091  3 57131.28461750 50.664
 251  49.158813  53.209537    29.160    29.176  3 57141.20025518 48.787
 252  49.158047  53.208985    29.506    29.541  4 57151.11588910 37.938
 253  49.159902  53.208252    29.591    29.587  4 57161.03151991 46.748
 254  49.159511  53.208666    29.430    29.373  4 57170.94717487 35.331
 255  49.159784  53.207871    28.815    28.816  4 57180.86282955 46.415
 256  49.161438  53.208433    29.029    28.956  3 57190.77848068 48.808
 257  49.159650  53.208810    29.019    29.106  3 57200.69412834 44.602
 258  49.158058  53.210404    28.601    28.706  3 57210.60976268 32.817
 259  49.155085  53.209707    28.883    28.918  3 57220.52540639 35.410
 260  49.157009  53.209981    28.635    28.631  4 57230.44104955 34.577
 261  49.159649  53.209631    28.818    28.832  3 57240.35669033 32.927
 262  49.159685  53.207394    28.948    28.946  3 57250.27232772 45.856
 263  49.160432  53.207607    29.144    29.248  3 57260.18796331 47.025
 264  49.159040  53.207535    28.900    28.906  3 57270.10359725 33.019
 265  49.157331  53.210438    29.014    29.000  3 57280.01925061 49.938
 266  49.154667  53.210144    29.348    29.289  3 57289.93490568 50.316
 267  49.155768  53.210033    29.200    29.187  3 57299.85055821 37.072
 268  49.157659  53.209479    28.593    28.509  3 57309.76620716 33.817
 269  49.156990  53.209452    28.539    28.545  4 57319.68185261 33.485
 270  49.155320  53.210437    28.632    28.678  4 57329.59749537 37.796
 271  49.155083  53.211520    28.662    28.694  3 57339.51313617 29.325
 272  49.154818  53.211505    28.686    28.698  4 57349.42878589 34.563
 273  49.156896  53.209774    28.578    28.574  3 57359.34443168 33.916
 274  49.160366  53.208773    28.576    28.563  3 57369.26007447 32.985
 275  49.160389  53.208156    28.995    28.999  3 57379.17571427 50.086
 276  49.159265  53.208665    28.643    28.616  3 57389.09135263 36.959
 277  49.158737  53.208591    28.465    28.484  4 57399.00698997 27.515
 278  49.160094  53.207567    28.704    28.707  3 57408.92262698 22.217
 279  49.160705  53.208418    28.881    28.869  3 57418.83827991 35.507
 280  49.159081  53.208445    28.926    28.918  4 57428.75392998 26.115
 281  49.157809  53.210580    29.030    28.971  3 57438.66957813 17.826
 282  49.153854  53.211149    29.110    29.119  4 57448.58522461 22.327
 283  49.152103  53.211581    28.997    29.029  3 57458.50087009 31.149
 284  49.154790  53.211663    28.907    28.812  3 57468.41651302 43.379
 285  49.156777  53.208507    28.880    28.788  3 57478.33215130 44.056
 286  49.160943  53.207486    28.799    28.832  4 57488.24778692 37.365
 287  49.163635  53.207016    30.092    30.066  3 57498.16342031 37.916
 288  49.162774  53.207498    31.221    31.227  3 57508.07906061 42.969
 289  49.158008  53.208131    31.818    31.841  3 57517.99471617 51.832
 290  49.157211  53.208727    30.472    30.451  3 57527.91036918 32.331
 291  49.158378  53.208001    29.936    29.908  3 57537.82601936 43.782
 292  49.159745  53.207768    29.052    28.974  4 57547.74166707 37.981
 293  49.158955  53.207891    28.812    28.721  3 57557.65731335 33.727
 294  49.158159  53.209713    28.779    28.737  3 57567.57295898 32.834
 295  49.156428  53.210236    28.770    28.794  4 57577.48860367 35.285
 296  49.156438  53.210282    28.545    28.544  4 57587.40424717 32.544
 297  49.156411  53.209072    28.645    28.607  3 57597.31988801 43.612
