#   23.036   0.052   1.014 ;Mean Elev.(m), Avg Gradient(m/km), RMS Gradient(m/km) - SRTM1     
#   19.099   0.210   1.889 ;Mean Elev.(m), Avg Gradient(m/km), RMS Gradient(m/km) - ASTER GDEM
#   23.030   0.032   1.000 ;Mean Elev.(m), Avg Gradient(m/km), RMS Gradient(m/km) - GMTED2010 
   1  48.388095  52.654781    85.927    85.941  5 54662.28931693  2.310
   2  48.364810  52.640149    27.243    27.226 21 54672.20495752 26.076
   3  48.364107  52.642011    26.443    27.584 23 54682.12060134 24.987
   4  48.364117  52.641757    27.865    28.197 23 54692.03624361 36.038
   5  48.365382  52.639428    26.748    26.640 21 54701.95188322 22.953
   6  48.366639  52.637853    26.567    26.985 20 54711.86753075 21.758
   7  48.364805  52.636381    27.839    27.858 20 54721.78318128 29.710
   8  48.382130  52.651087    28.205    28.116  8 54731.69883384 27.400
   9  48.363842  52.640963    28.119    28.113 22 54741.61447752 35.140
  10  48.369425  52.646669    28.014    28.237 18 54751.53012599 15.574
  12  48.365387  52.641206    27.880    28.128 22 54771.36141600 21.715
  13  48.364203  52.638230    27.916    28.003 21 54781.27705665 21.272
  14  48.365696  52.638029    28.254    28.264 21 54791.19269532 22.711
  15  48.365613  52.638143    27.879    28.045 20 54801.10833263 28.439
  16  48.365637  52.638064    28.048    28.100 21 54811.02396985 24.526
  17  48.366599  52.638349    28.432    28.406 20 54820.93961020 53.500
  18  48.366194  52.639243    28.167    28.118 21 54830.85526235 47.736
  19  48.363436  52.639629    28.267    28.264 22 54840.77090080 39.554
  20  48.363115  52.643372    28.195    28.191 23 54850.68655037 33.198
  21  48.360046  52.644845    28.291    28.290 24 54860.60219901 32.946
  22  48.340148  52.631956    28.477    28.471 37 54870.51784387 27.825
  23  48.360295  52.644686    28.381    28.392 24 54880.43349535 27.843
  24  48.362829  52.642269    28.612    28.600 23 54890.34913944 26.587
  25  48.364974  52.641250    28.513    28.504 22 54900.26478061 25.615
  26  48.364127  52.641608    28.045    28.044 23 54910.18041952 20.724
  27  48.363002  52.642776    28.593    28.542 23 54920.09605718 39.965
  28  48.363208  52.642384    29.109    28.642 22 54930.01169424 31.345
  29  48.366024  52.640080    29.451    27.917 21 54939.92733011 24.789
  30  48.367362  52.635488    29.229    29.258 18 54949.84296385 42.173
  31  48.368170  52.633389    28.972    28.362 18 54959.75860215 20.959
  32  48.367129  52.635400    28.093    28.110 18 54969.67425093 34.849
  33  48.365630  52.637838    25.434    25.912 20 54979.58989871 30.253
  34  48.365440  52.640303    28.375    28.321 21 54989.50554650 17.619
  35  48.364225  52.640144    26.564    27.872 22 54999.42119379 22.180
  36  48.363439  52.639883    28.237    28.223 22 55009.33683928 19.768
  37  48.364593  52.641046    27.732    28.086 22 55019.25248338 21.158
  38  48.363351  52.641987    26.419    26.350 23 55029.16812582 26.741
  39  48.362241  52.643034    27.501    27.431 23 55039.08376762 29.879
  40  48.362575  52.642569    28.447    28.162 23 55048.99940798 18.819
  41  48.364884  52.640050    26.493    26.631 22 55058.91504610 22.692
  42  48.367243  52.636929    27.928    27.836 19 55068.83068488 28.891
  43  48.365958  52.635322    28.251    28.264 19 55078.74633425 26.855
  44  48.366443  52.638572    28.150    28.157 20 55088.66198256 20.215
  45  48.364737  52.641667    27.844    28.127 22 55098.57762934 18.584
  46  48.363166  52.642975    26.784    28.135 23 55108.49327539 40.981
  47  48.363604  52.641790    26.519    26.547 23 55118.40892020 26.513
  48  48.365721  52.639570    28.106    28.107 21 55128.32456259 36.652
  49  48.365826  52.637047    28.047    28.014 20 55138.24020254 22.985
  50  48.365459  52.637099    27.759    27.942 20 55148.15584117 32.247
  51  48.364589  52.638361    27.021    27.568 21 55158.07147926 25.790
  52  48.364434  52.639159    28.034    28.027 21 55167.98711710 19.531
  53  48.364737  52.638160    28.088    28.077 21 55177.90275399 53.172
  54  48.366330  52.638337    28.291    28.278 20 55187.81839852 28.755
  55  48.364908  52.639458    28.196    28.186 21 55197.73404934 20.929
  56  48.362860  52.641669    28.259    28.178 22 55207.64969936 21.328
  57  48.361347  52.643834    28.163    27.970 24 55217.56534894 20.627
  58  48.360139  52.643986    28.334    28.327 23 55227.48099759 19.478
  59  48.360642  52.642247    28.464    28.355 23 55237.39664325 19.653
  60  48.365069  52.641585    28.288    28.064 22 55247.31228592 17.891
  61  48.364481  52.639015    28.404    28.215 21 55257.22792519 17.887
  62  48.365017  52.640162    28.930    28.599 21 55267.14356410 17.316
  63  48.363126  52.640779    31.618    31.704 22 55277.05920204 14.576
  64  48.363781  52.640719    28.470    28.428 22 55286.97483893 20.644
  65  48.364952  52.637500    28.994    28.700 20 55296.89047308 29.289
  66  48.367070  52.635301    28.843    28.752 18 55306.80611365 46.118
  67  48.367310  52.635296    29.038    29.026 18 55316.72176023 29.503
  68  48.366124  52.636758    28.597    28.672 20 55326.63740581 23.517
  69  48.365914  52.639902    28.640    28.599 21 55336.55305086 20.514
  70  48.364112  52.640827    25.051    24.933 23 55346.46869495 25.931
  71  48.364278  52.641226    28.145    28.163 22 55356.38433780 22.115
  72  48.364435  52.640737    27.511    27.556 23 55366.29997842 33.284
  73  48.364576  52.639990    28.212    28.300 21 55376.21561745 21.915
  74  48.365543  52.640251    28.205    28.242 21 55386.13125566 38.894
  75  48.365339  52.639490    27.908    27.925 22 55396.04689263 22.843
  76  48.365108  52.638038    27.991    27.972 21 55405.96253324 27.181
  77  48.365069  52.638019    28.170    28.166 20 55415.87818438 45.287
  78  48.365344  52.637143    27.747    27.669 20 55425.79383217 33.527
  79  48.366476  52.637500    27.630    27.856 20 55435.70947769 23.413
  80  48.365212  52.638150    28.308    28.358 21 55445.62512185 19.611
  81  48.363715  52.639503    27.705    28.046 22 55455.54076543 24.447
  82  48.364381  52.641118    28.179    28.179 22 55465.45640855 19.826
  83  48.365222  52.639527    28.466    28.470 21 55475.37204822 52.169
  84  48.366542  52.636517    27.541    27.895 19 55485.28768458 20.975
  85  48.367459  52.634242    26.075    26.776 18 55495.20331880 27.079
  86  48.367657  52.634139    27.934    27.888 18 55505.11895245 22.971
  87  48.365897  52.637425    27.987    28.128 20 55515.03460322 20.499
  88  48.364355  52.639540    30.599    31.194 22 55524.95025290 19.638
  89  48.363495  52.640496    28.418    28.424 22 55534.86590054 39.844
  90  48.363582  52.641103    28.388    28.394 22 55544.78154629 40.139
  91  48.363016  52.641604    28.408    28.422 22 55554.69719016 31.915
  92  48.362019  52.642058    28.314    28.309 23 55564.61283314 25.919
  93  48.362948  52.642178    28.282    28.299 23 55574.52847570 23.681
  94  48.365768  52.641703    28.373    28.361 22 55584.44411682 20.811
  95  48.365924  52.638124    28.342    28.310 20 55594.35975377 20.101
  96  48.365621  52.634655    28.446    28.451 19 55604.27538732 18.535
  97  48.367586  52.634145    28.351    28.344 18 55614.19101934 19.108
  98  48.366507  52.633607    28.479    28.457 18 55624.10665728 19.249
  99  48.365946  52.636384    28.515    28.496 19 55634.02231006 18.235
 100  48.367053  52.638456    28.383    28.371 20 55643.93796063 15.482
 101  48.366320  52.637734    29.114    28.513 20 55653.85360773 18.236
 102  48.365568  52.636231    29.388    28.731 20 55663.76925031 32.297
 103  48.366891  52.637418    28.630    28.657 20 55673.68489068 44.677
 104  48.365341  52.637309    28.585    28.499 20 55683.60052918 24.077
 105  48.365301  52.637701    27.155    27.398 20 55693.51616665 23.060
 106  48.365897  52.637214    29.070    29.076 20 55703.43180255 55.844
 107  48.365351  52.637162    28.473    28.370 20 55713.34744740 19.593
 108  48.365031  52.639119    28.380    28.265 21 55723.26309701 21.231
 109  48.364566  52.641127    28.660    28.649 22 55733.17874455 49.387
 110  48.363355  52.641648    28.470    28.245 22 55743.09439040 18.038
 111  48.363222  52.641179    28.550    28.343 23 55753.01003478 20.500
 112  48.364841  52.639447    27.705    27.654 21 55762.92567680 23.226
 113  48.366029  52.636988    27.622    27.773 20 55772.84131588 23.978
 114  48.367534  52.635789    27.977    28.107 19 55782.75695179 36.596
 115  48.367513  52.635171    27.498    27.857 19 55792.67258525 27.466
 116  48.366612  52.634206    28.425    28.410 18 55802.58821955 31.293
 117  48.366144  52.636070    27.658    28.132 20 55812.50387001 22.442
 118  48.367297  52.636876    27.818    27.980 19 55822.41951878 22.043
 119  48.367118  52.635184    26.977    27.586 19 55832.33516219 23.427
 120  48.366663  52.633545    27.970    28.173 18 55842.25080109 24.514
 121  48.367183  52.634127    27.710    27.873 18 55852.16643724 26.531
 122  48.366377  52.634546    28.126    28.120 18 55862.08207113 18.390
 123  48.365496  52.638459    27.923    27.974 21 55871.99772609 23.812
 124  48.364657  52.638889    26.492    26.401 21 55881.91337565 25.236
 125  48.365253  52.638679    28.648    28.637 21 55891.82901872 35.434
 126  48.366441  52.638434    28.608    28.612 20 55901.74465616 45.168
 127  48.365431  52.637219    28.557    28.570 20 55911.66029010 27.892
 128  48.365376  52.641630    28.180    28.174 22 55921.57594548 23.793
 129  48.364483  52.641948    28.113    28.111 22 55931.49159750 20.379
 130  48.364536  52.639601    28.409    28.397 22 55941.40724510 19.939
 131  48.366463  52.638071    28.236    28.293 20 55951.32288850 19.834
 132  48.366157  52.637131    27.746    27.724 20 55961.23852795 17.897
 133  48.364918  52.637543    27.904    27.903 20 55971.15416514 18.339
 134  48.364785  52.638063    28.197    28.196 21 55981.06980114 18.165
 135  48.366042  52.636344    28.863    28.771 20 55990.98543566 18.916
 136  48.366970  52.635330    28.593    28.564 18 56000.90108080 17.613
 137  48.367049  52.635138    29.497    29.250 18 56010.81673091 13.325
 138  48.366293  52.635977    29.205    28.512 20 56020.73237731 27.304
 139  48.358648  52.633525   150.560   148.793  5 56030.64801973  0.671
 140  48.365716  52.641667    24.251    23.645 22 56040.56366338 28.844
 141  48.364344  52.641043    29.321    28.613 22 56050.47930264 23.023
 142  48.365837  52.640001    28.820    28.710 21 56060.39493944 25.910
 143  48.365845  52.636503    26.588    26.874 20 56070.31057560 26.084
 144  48.365663  52.638426    28.515    28.515 20 56080.22622678 24.516
 145  48.363544  52.639902    27.933    28.000 22 56090.14187489 31.428
 146  48.362756  52.641482    28.753    28.550 23 56100.05752062 21.150
 147  48.364198  52.641620    28.025    27.937 23 56109.97315219 21.499
 148  48.365071  52.638024    27.843    27.962 21 56119.88879159 24.614
 149  48.366395  52.633746    25.877    25.514 18 56129.80442729 26.067
 150  48.368088  52.632214    28.345    28.294 16 56139.72006045 42.481
 151  48.366121  52.635509    27.984    28.027 19 56149.63571097 22.144
 152  48.364427  52.638599    27.992    27.963 21 56159.55136060 25.158
 153  48.365722  52.640672    23.864    24.081 22 56169.46700900 25.375
 154  48.365852  52.638441    28.227    28.241 20 56179.38265315 20.053
 155  48.366431  52.635976    28.281    28.276 20 56189.29829305 19.916
 156  48.366806  52.635283    25.514    25.011 18 56199.21392998 23.898
 157  48.366947  52.636467    27.441    28.066 19 56209.12956439 28.856
 158  48.366480  52.637158    26.855    27.582 20 56219.04519681 24.385
 159  48.366304  52.639413    27.615    27.940 21 56228.96084415 19.975
 160  48.365277  52.639609    26.168    26.398 21 56238.87649772 21.983
 161  48.365945  52.640226    28.046    28.179 21 56248.79214771 19.142
 162  48.364299  52.638903    27.361    28.024 21 56258.70779235 25.166
 163  48.365749  52.641115    28.280    28.367 22 56268.62343501 20.102
 164  48.363389  52.640040    28.228    28.186 22 56278.53907513 47.861
 165  48.364539  52.641962    28.366    28.371 22 56288.45472531 38.029
 166  48.364706  52.640266    28.248    28.249 22 56298.37037406 35.408
 167  48.366009  52.638691    28.336    28.336 20 56308.28601895 28.643
 168  48.365501  52.637460    28.198    28.202 20 56318.20166102 24.465
 169  48.365666  52.639621    35.290    33.991 21 56328.11730232  9.758
 170  48.364772  52.640479    27.914    27.899 21 56338.03294225 19.697
 171  48.365709  52.639826    28.022    28.037 21 56347.94858020 19.017
 172  48.366338  52.636011    28.199    28.203 19 56357.86421485 17.088
 173  48.366538  52.635973    32.324    33.061 20 56367.77986420 13.147
 176  48.362854  52.642409    28.876    28.717 22 56397.52680227 33.948
 177  48.361945  52.642154    28.251    28.158 23 56407.44244342 26.918
 178  48.363109  52.640328    29.173    29.183 22 56417.35808059 44.618
 179  48.364824  52.636827    28.455    28.460 20 56427.27371276 22.865
 180  48.366272  52.639642    29.015    29.064 21 56437.18936564 31.942
 181  48.364549  52.641400    28.549    28.631 22 56447.10501717 22.605
 182  48.363593  52.642902    28.708    28.532 23 56457.02066641 18.641
 183  48.362123  52.641656    27.715    28.187 23 56466.93631191 21.517
 184  48.363516  52.639973    28.037    28.097 22 56476.85195363 21.206
 185  48.365336  52.637361    27.886    27.883 20 56486.76759163 21.836
 186  48.366400  52.635904    27.511    27.787 19 56496.68322721 30.305
 187  48.365794  52.634858    27.328    27.148 19 56506.59886146 22.626
 188  48.367308  52.635670    28.106    28.100 19 56516.51449683 32.962
 189  48.366962  52.638140    28.326    28.313 20 56526.43015197 18.451
 190  48.366493  52.638159    28.062    28.032 20 56536.34580251 19.678
 192  48.365545  52.639039    28.240    28.218 21 56556.17709319 19.499
 193  48.364806  52.640744    28.126    28.289 22 56566.09273604 19.591
 194  48.363631  52.641569    25.602    25.895 22 56576.00837729 28.470
 195  48.363296  52.640294    26.282    26.340 22 56585.92401501 22.946
 196  48.365410  52.639047    26.267    26.336 21 56595.83965287 28.481
 197  48.364720  52.639659    25.939    26.125 22 56605.75530524 28.049
 198  48.365051  52.640734    24.191    24.278 22 56615.67095305 25.609
 199  48.365069  52.641101    26.407    26.367 22 56625.58659721 23.845
 200  48.364903  52.640487    26.205    25.592 22 56635.50223848 31.081
 201  48.366289  52.639239    28.697    28.665 21 56645.41787744 45.822
 202  48.365966  52.639599    28.714    28.731 21 56655.33353024 37.713
 203  48.364927  52.638574    28.347    28.326 21 56665.24917837 34.607
 204  48.364774  52.638877    28.513    28.506 21 56675.16482398 29.019
 205  48.364799  52.640169    28.394    28.404 22 56685.08046855 23.036
 206  48.363548  52.639740    28.479    28.485 22 56694.99611064 21.230
 207  48.364073  52.638202    28.579    28.566 21 56704.91174822 21.312
 208  48.366406  52.636207    28.547    28.552 19 56714.82738048 20.808
 209  48.365388  52.637910    28.614    28.593 21 56724.74303223 20.765
 210  48.364319  52.640770    29.355    28.846 22 56734.65868260 35.534
 211  48.362310  52.642693    28.996    28.806 22 56744.57432949 40.873
 212  48.362354  52.643230    28.564    28.571 23 56754.48997209 34.681
 213  48.364041  52.641659    28.643    28.645 22 56764.40560897 52.726
 214  48.365682  52.639571    28.747    28.653 21 56774.32124499 22.968
 215  48.364058  52.641464    28.769    28.759 22 56784.23690226 21.040
 216  48.362173  52.643263    28.385    28.367 23 56794.15255572 18.930
 217  48.360494  52.644022    28.610    28.645 23 56804.06820559 26.187
 218  48.361145  52.642734    28.155    28.286 23 56813.98384790 23.280
 219  48.364143  52.641533    27.037    27.725 22 56823.89948695 20.135
 220  48.364573  52.638066    25.929    25.624 21 56833.81512139 24.487
 221  48.365591  52.635603    28.328    28.285 19 56843.73075270 33.469
 222  48.365859  52.636533    28.471    28.489 19 56853.64639556 53.209
 223  48.365239  52.639351    28.018    28.030 21 56863.56205004 21.137
 224  48.365386  52.641500    28.102    28.129 22 56873.47770394 19.144
 225  48.363475  52.640792    27.055    26.772 22 56883.39335400 33.244
 226  48.363629  52.641235    28.161    28.225 22 56893.30900104 18.372
 227  48.362626  52.641833    24.912    26.011 23 56903.22464473 39.346
 228  48.361326  52.643429    25.538    25.662 24 56913.14028648 20.829
 229  48.360976  52.643981    27.472    27.833 23 56923.05592637 22.211
 230  48.361988  52.642829    28.176    28.240 23 56932.97156367 18.318
 231  48.364461  52.639877    28.454    28.399 22 56942.88719553 48.668
 232  48.364795  52.638318    28.202    28.240 21 56952.80284014 18.847
 233  48.364663  52.639973    28.280    28.281 22 56962.71849101 19.444
 234  48.363511  52.641329    28.546    28.726 23 56972.63413702 51.273
 235  48.364040  52.641988    25.386    25.412 23 56982.54977892 29.849
 236  48.364690  52.639387    28.451    28.476 22 56992.46541576 46.608
 237  48.366573  52.635312    28.208    28.195 19 57002.38104991 41.522
 238  48.365709  52.636004    28.363    28.363 19 57012.29670724 21.413
 239  48.365145  52.637685    27.790    27.743 21 57022.21235897 25.109
 240  48.363577  52.639744    27.835    27.831 22 57032.12800775 23.158
 241  48.363459  52.641447    28.499    28.321 23 57042.04365442 15.680
 242  48.363457  52.640989    27.846    27.778 22 57051.95929857 19.922
 243  48.366188  52.640010    28.603    28.392 21 57061.87493860 19.258
 244  48.366728  52.637546    28.780    28.526 20 57071.79057283 19.305
 245  48.366216  52.635986    28.540    28.500 20 57081.70620307 17.374
 246  48.365452  52.639028    28.565    28.598 21 57091.62184780 35.894
 247  48.362210  52.642417    28.544    28.563 23 57101.53750562 29.893
 248  48.362382  52.644086    28.583    28.603 23 57111.45316013 32.580
 249  48.363393  52.642457    28.620    28.533 23 57121.36880837 30.203
 250  48.364103  52.640435    28.665    28.651 22 57131.28445078 51.368
 251  48.364527  52.639675    28.511    28.474 21 57141.20008817 28.091
 252  48.364929  52.639917    27.087    26.921 21 57151.11572232 22.095
 253  48.365479  52.638172    28.360    28.339 20 57161.03135284 22.940
 254  48.366460  52.639638    28.771    28.793 21 57170.94700810 41.431
 255  48.365531  52.638010    26.388    26.705 20 57180.86266252 23.438
 256  48.364829  52.636934    28.091    28.002 20 57190.77831315 42.497
 257  48.366035  52.639502    28.161    28.245 21 57200.69396145 21.083
 258  48.364016  52.640777    26.422    26.362 22 57210.60959571 30.274
 259  48.363410  52.641721    28.480    28.480 23 57220.52523991 19.797
 260  48.363919  52.640972    28.312    28.345 23 57230.44088277 22.002
 261  48.365140  52.639607    28.632    28.640 21 57240.35652325 19.537
 262  48.366796  52.638500    28.437    28.422 20 57250.27216098 26.972
 263  48.365991  52.637556    26.101    26.809 21 57260.18779623 25.989
 264  48.366060  52.638472    27.925    28.262 20 57270.10343048 28.120
 265  48.364314  52.641388    28.096    28.166 22 57280.01908383 21.638
 266  48.363065  52.642115    24.478    24.837 23 57289.93473920 26.304
 267  48.364134  52.642042    27.113    26.996 23 57299.85039173 22.350
 268  48.364595  52.640510    25.782    25.374 22 57309.76604038 26.983
 269  48.365278  52.641502    27.576    27.488 22 57319.68168613 27.388
 270  48.362190  52.641452    25.065    25.039 23 57329.59732860 24.377
 271  48.363310  52.643512    28.065    28.318 23 57339.51296969 19.007
 272  48.361618  52.642467    27.838    28.068 23 57349.42861911 19.566
 273  48.363665  52.640732    28.340    28.331 22 57359.34426490 20.228
 274  48.365695  52.638729    27.180    27.834 21 57369.25990739 24.887
 275  48.365736  52.638104    28.563    28.537 21 57379.17554719 52.895
 276  48.364674  52.638588    28.476    28.465 21 57389.09118556 38.358
 277  48.365623  52.639500    28.211    28.208 21 57399.00682319 27.890
 278  48.367054  52.638472    28.239    28.270 20 57408.92246020 24.976
 279  48.364836  52.637343    28.467    28.464 20 57418.83811254 22.687
 280  48.365951  52.639418    28.488    28.488 21 57428.75376320 18.479
 281  48.364613  52.641556    28.531    28.532 22 57438.66941135 20.639
 282  48.360690  52.642081    28.554    28.563 23 57448.58505783 36.403
 283  48.360338  52.643487    28.489    28.469 23 57458.50070361 36.443
 284  48.362994  52.643562    28.863    28.648 23 57468.41634654 30.189
 285  48.348708  52.628457    80.800    82.775 11 57478.33198134 39.726
 286  48.366393  52.637377    29.201    28.536 20 57488.24761984 22.542
 287  48.366332  52.634898    28.876    28.586 19 57498.16325265 24.768
 288  48.365517  52.635382    28.177    28.690 19 57508.07889295 26.426
 289  48.366326  52.640076    28.585    28.636 21 57517.99454968 23.221
 290  48.364150  52.639690    28.925    28.809 22 57527.91020240 23.124
 291  48.363930  52.637994    28.688    28.683 21 57537.82585228 23.873
 292  48.365268  52.637800    28.051    28.264 20 57547.74150000 19.708
 293  48.364468  52.637927    27.279    27.031 21 57557.65714628 25.742
 294  48.365029  52.640742    28.455    28.494 22 57567.57279220 19.261
 295  48.363323  52.641225    27.240    26.976 23 57577.48843689 36.350
 296  48.363338  52.641246    27.461    27.337 23 57587.40408039 25.655
 297  48.363323  52.640025    28.754    28.811 22 57597.31972123 51.163
