#   29.764   3.246  21.602 ;Mean Elev.(m), Avg Gradient(m/km), RMS Gradient(m/km) - SRTM1     
#   32.877   3.255  22.448 ;Mean Elev.(m), Avg Gradient(m/km), RMS Gradient(m/km) - ASTER GDEM
#   25.197   3.188  21.747 ;Mean Elev.(m), Avg Gradient(m/km), RMS Gradient(m/km) - GMTED2010 
   1   101.575 54664.56618212  3.78  49.692856  53.465195  4.717 -100.00 -100.00 -100.00
   1    99.857 54664.56618271  3.59  49.695740  53.463202  4.381 -100.00 -100.00 -100.00
   1    98.001 54664.56618330  3.25  49.698624  53.461209  4.367 -100.00 -100.00 -100.00
   1    97.881 54664.56618389  3.66  49.701508  53.459216  5.398 -100.00 -100.00 -100.00
   3    32.721 54684.39747018 32.25  49.694288  53.465894 16.481 -100.00 -100.00 -100.00
   3    29.118 54684.39747077 29.86  49.697173  53.463901 10.039 -100.00 -100.00 -100.00
   3    29.331 54684.39747136 30.80  49.700056  53.461908 10.422 -100.00 -100.00 -100.00
   3    29.246 54684.39747195 31.61  49.702940  53.459914 12.057 -100.00 -100.00 -100.00
   3    29.146 54684.39747549 41.24  49.720236  53.447953   -100  265.34  269.70  267.27
   3    29.221 54684.39747608 32.51  49.723117  53.445960 15.484  265.34  269.70  267.27
   3    29.293 54684.39747667 35.60  49.725998  53.443966 27.978  265.34  269.70  267.27
   3    29.366 54684.39747726 43.12  49.728879  53.441972   -100  265.34  269.70  267.27
   5    32.496 54704.22875194 29.00  49.697947  53.466761 22.478 -100.00 -100.00 -100.00
   5    31.923 54704.22875253 24.56  49.700832  53.464768 13.964 -100.00 -100.00 -100.00
   5    31.805 54704.22875312 22.90  49.703716  53.462775 10.384 -100.00 -100.00 -100.00
   5    29.385 54704.22875371 24.78  49.706599  53.460782 15.485 -100.00 -100.00 -100.00
   5    28.983 54704.22875784 30.53  49.726777  53.446828   -100  272.64  273.79  272.58
   5    28.744 54704.22875843 30.38  49.729658  53.444834   -100  272.64  273.79  272.58
   5    28.989 54704.22875902 29.25  49.732539  53.442840   -100  272.64  273.79  272.58
   7    31.784 54724.06005286 29.87  49.688695  53.464887   -100 -100.00 -100.00 -100.00
   7    32.120 54724.06005345 27.82  49.691579  53.462894   -100 -100.00 -100.00 -100.00
   7    32.129 54724.06005404 23.81  49.694463  53.460901 22.500 -100.00 -100.00 -100.00
   7    31.358 54724.06005463 24.46  49.697347  53.458909 22.109 -100.00 -100.00 -100.00
   7    29.158 54724.06005817 26.99  49.714644  53.446950   -100  259.11  262.20  261.01
   7    29.229 54724.06005876 24.30  49.717525  53.444956 29.728  259.11  262.20  261.01
   7    29.224 54724.06005935 21.61  49.720407  53.442963 20.197  259.11  262.20  261.01
   7    28.821 54724.06005994 23.09  49.723288  53.440969 28.802  259.11  262.20  261.01
  13   124.970 54783.55392273  2.37  49.680761  53.464796  4.717 -100.00 -100.00 -100.00
  13   111.333 54783.55392332  3.63  49.683646  53.462803  5.751 -100.00 -100.00 -100.00
  13   105.253 54783.55392391  3.17  49.686530  53.460810  6.783  250.00  250.21  252.82
  13   127.781 54783.55392450  1.22  49.689415  53.458817  6.204  250.00  250.21  252.82
  17    32.019 54823.21648090 30.91  49.693976  53.465705 19.546 -100.00 -100.00 -100.00
  17    31.395 54823.21648149 30.34  49.696860  53.463712 18.030 -100.00 -100.00 -100.00
  17    29.486 54823.21648208 31.07  49.699744  53.461719 22.889 -100.00 -100.00 -100.00
  17    29.484 54823.21648267 32.88  49.702628  53.459726 29.940 -100.00 -100.00 -100.00
  17    29.576 54823.21648621 37.33  49.719924  53.447766   -100  246.74  244.63  243.94
  17    29.336 54823.21648680 37.17  49.722806  53.445773   -100  246.74  244.63  243.94
  17    29.438 54823.21648740 33.18  49.725687  53.443779 29.739  246.74  244.63  243.94
  17    29.103 54823.21648799 33.55  49.728569  53.441785   -100  246.74  244.63  243.94
  18    30.045 54833.13212104 31.23  49.690252  53.465324 20.231 -100.00 -100.00 -100.00
  18    31.652 54833.13212163 26.64  49.693136  53.463331  9.637 -100.00 -100.00 -100.00
  18    31.388 54833.13212222 28.89  49.696020  53.461338 15.300 -100.00 -100.00 -100.00
  18    29.347 54833.13212281 30.45  49.698903  53.459345 21.552 -100.00 -100.00 -100.00
  18    29.463 54833.13212635 36.50  49.716199  53.447386   -100  251.15  249.41  248.14
  18    29.409 54833.13212694 38.07  49.719081  53.445392   -100  251.15  249.41  248.14
  18    29.544 54833.13212753 34.99  49.721962  53.443399   -100  251.15  249.41  248.14
  18    29.599 54833.13212812 39.91  49.724843  53.441405   -100  251.15  249.41  248.14
  19    74.830 54843.04777121 18.27  49.687989  53.464415 11.403 -100.00 -100.00 -100.00
  19    76.192 54843.04777180 21.60  49.690873  53.462423 12.352 -100.00 -100.00 -100.00
  19    75.716 54843.04777239 26.61  49.693757  53.460430 23.045 -100.00 -100.00 -100.00
  19    75.635 54843.04777298 28.35  49.696640  53.458437   -100 -100.00 -100.00 -100.00
  19    77.403 54843.04777652 19.29  49.713935  53.446478 11.152 -100.00 -100.00 -100.00
  19    76.856 54843.04777711 23.60  49.716817  53.444484 15.982 -100.00 -100.00 -100.00
  19    76.483 54843.04777770 28.81  49.719698  53.442490  2.018 -100.00 -100.00 -100.00
  20   115.633 54852.96342017 13.40  49.687429  53.464401 15.642 -100.00 -100.00 -100.00
  20    96.184 54852.96342076 15.16  49.690313  53.462408 15.931 -100.00 -100.00 -100.00
  20   106.010 54852.96342135 14.74  49.693197  53.460415 18.737 -100.00 -100.00 -100.00
  20    94.604 54852.96342194 15.66  49.696080  53.458422 16.094 -100.00 -100.00 -100.00
  20   112.685 54852.96342667  9.61  49.719136  53.442475 14.846 -100.00 -100.00 -100.00
  21   111.915 54862.87906897 14.87  49.689305  53.464358 21.784 -100.00 -100.00 -100.00
  21   113.746 54862.87906956  8.44  49.692188  53.462365  9.439 -100.00 -100.00 -100.00
  21    84.603 54862.87907015 14.70  49.695072  53.460372 20.644 -100.00 -100.00 -100.00
  21   123.070 54862.87907074  2.85  49.697955  53.458379  4.503 -100.00 -100.00 -100.00
  21   110.829 54862.87907429  5.85  49.715247  53.446419 11.636 -100.00 -100.00 -100.00
  22   101.237 54872.79471722  4.74  49.688840  53.465280  4.979 -100.00 -100.00 -100.00
  22   100.388 54872.79471781  4.76  49.691724  53.463287  5.438 -100.00 -100.00 -100.00
  22    99.307 54872.79471840  3.33  49.694608  53.461294  4.902 -100.00 -100.00 -100.00
  22    97.031 54872.79471899  3.54  49.697491  53.459301  6.164 -100.00 -100.00 -100.00
  22   114.640 54872.79472253  4.07  49.714783  53.447340  6.196 -100.00 -100.00 -100.00
  22    89.569 54872.79472312  7.06  49.717665  53.445347 10.654 -100.00 -100.00 -100.00
  22    92.211 54872.79472372  4.09  49.720545  53.443353  6.865  248.10  246.28  242.80
  22    91.956 54872.79472431  7.67  49.723426  53.441359 10.282  248.10  246.28  242.80
  23   125.181 54882.71036326  4.69  49.686522  53.465691  4.055 -100.00 -100.00 -100.00
  23   101.151 54882.71036385  4.73  49.689406  53.463698  5.333 -100.00 -100.00 -100.00
  23   123.157 54882.71036444  3.73  49.692290  53.461705  4.387 -100.00 -100.00 -100.00
  23   101.022 54882.71036503  3.28  49.695173  53.459712  4.232 -100.00 -100.00 -100.00
  23   113.851 54882.71036916  1.23  49.715349  53.445758  3.599 -100.00 -100.00 -100.00
  23   112.792 54882.71036975  0.40  49.718230  53.443764  4.140 -100.00 -100.00 -100.00
  24   124.423 54892.62600635  2.89  49.684599  53.463969  4.821 -100.00 -100.00 -100.00
  24   123.164 54892.62600694  2.57  49.687483  53.461976  4.197 -100.00 -100.00 -100.00
  24   122.911 54892.62600753  1.71  49.690367  53.459983  3.438 -100.00 -100.00 -100.00
  24   121.685 54892.62600812  1.43  49.693250  53.457990  3.236 -100.00 -100.00 -100.00
  24   119.890 54892.62601167  0.09  49.710546  53.446030  3.746 -100.00 -100.00 -100.00
  25    98.319 54902.54164622  7.64  49.680033  53.463962 10.556 -100.00 -100.00 -100.00
  25   101.169 54902.54164681  7.53  49.682918  53.461969  9.157 -100.00 -100.00 -100.00
  25   104.298 54902.54164740  7.60  49.685802  53.459976 10.495 -100.00 -100.00 -100.00
  25   121.706 54902.54164799  6.84  49.688686  53.457983  8.425 -100.00 -100.00 -100.00
  25   122.596 54902.54165154 10.37  49.705983  53.446024 14.020  262.66  260.92  260.36
  25   107.342 54902.54165213 10.10  49.708865  53.444031 14.890  262.66  260.92  260.36
  25   118.682 54902.54165272 13.32  49.711746  53.442037 21.742  262.66  260.92  260.36
  26   143.700 54912.45728545  2.98  49.680897  53.463063  5.522 -100.00 -100.00 -100.00
  26   144.505 54912.45728604  1.87  49.683781  53.461071  5.449 -100.00 -100.00 -100.00
  28    28.996 54932.28856662 40.84  49.712417  53.447159   -100  254.65  254.93  256.11
  28    29.012 54932.28856721 35.76  49.715298  53.445166   -100  254.65  254.93  256.11
  28    28.745 54932.28856780 32.47  49.718179  53.443172   -100  254.65  254.93  256.11
  28    28.560 54932.28856839 32.52  49.721060  53.441179   -100  254.65  254.93  256.11
  30    34.203 54952.11983673 51.79  49.716154  53.447360  2.546  259.32  260.42  260.49
  30    34.196 54952.11983732 52.27  49.719035  53.445367  8.779  259.32  260.42  260.49
  30    34.237 54952.11983791 53.17  49.721916  53.443374  8.641  259.32  260.42  260.49
  30    34.258 54952.11983850 54.23  49.724797  53.441380 14.504  259.32  260.42  260.49
  31    32.203 54962.03547934 50.88  49.714480  53.446102   -100  258.24  257.72  258.51
  31    32.143 54962.03547993 51.72  49.717361  53.444109   -100  258.24  257.72  258.51
  31    32.052 54962.03548052 54.09  49.720243  53.442116  2.289  258.24  257.72  258.51
  32    32.131 54971.95112778 47.84  49.712461  53.446213   -100  258.62  259.34  259.37
  32    32.127 54971.95112837 51.01  49.715343  53.444220   -100  258.62  259.34  259.37
  32    32.218 54971.95112896 51.96  49.718224  53.442226   -100  258.62  259.34  259.37
  34    31.257 54991.78241709 34.61  49.690245  53.465424  8.806 -100.00 -100.00 -100.00
  34    29.445 54991.78241768 34.97  49.693129  53.463431 10.267 -100.00 -100.00 -100.00
  34    29.430 54991.78241827 35.93  49.696013  53.461438 11.217 -100.00 -100.00 -100.00
  34    29.604 54991.78241886 35.55  49.698896  53.459445 11.568 -100.00 -100.00 -100.00
  34    29.684 54991.78242240 45.86  49.716191  53.447486   -100  264.27  268.10  266.15
  34    29.639 54991.78242299 48.20  49.719072  53.445493  0.634  264.27  268.10  266.15
  34    29.643 54991.78242358 50.35  49.721953  53.443499 10.800  264.27  268.10  266.15
  34    29.626 54991.78242417 51.38  49.724834  53.441506 23.107  264.27  268.10  266.15
  36   125.877 55011.61370812  0.08  49.688640  53.465362  4.217 -100.00 -100.00 -100.00
  36   124.934 55011.61370871  0.19  49.691525  53.463369  4.752 -100.00 -100.00 -100.00
  36   126.245 55011.61370930  0.04  49.694408  53.461376  4.405 -100.00 -100.00 -100.00
  37   125.549 55021.52935117  1.46  49.686547  53.465624  4.237 -100.00 -100.00 -100.00
  37   124.789 55021.52935176  0.77  49.689431  53.463632  3.738 -100.00 -100.00 -100.00
  37   123.981 55021.52935235  1.55  49.692315  53.461639  5.088 -100.00 -100.00 -100.00
  37   124.986 55021.52935294  0.38  49.695199  53.459646  3.762 -100.00 -100.00 -100.00
  38   131.957 55031.44499383  0.31  49.688422  53.465146  4.022 -100.00 -100.00 -100.00
  38   131.793 55031.44499442  0.48  49.691306  53.463153  4.400 -100.00 -100.00 -100.00
  42    29.414 55071.10756286 35.42  49.720969  53.444764 23.558  265.23  267.94  265.74
  42    29.324 55071.10756345 32.31  49.723850  53.442771 16.000  265.23  267.94  265.74
  43    29.217 55081.02321167 40.79  49.715965  53.443000   -100  267.22  268.76  266.68
  43    29.196 55081.02321226 47.34  49.718847  53.441007 22.764  267.22  268.76  266.68
  46   124.653 55110.77014476  1.81  49.686629  53.463538  4.286 -100.00 -100.00 -100.00
  46   131.992 55110.77014535  1.32  49.689513  53.461545  3.890 -100.00 -100.00 -100.00
  46   133.253 55110.77014594  1.06  49.692397  53.459552  4.564 -100.00 -100.00 -100.00
  46   129.202 55110.77014653  1.06  49.695281  53.457559  4.488 -100.00 -100.00 -100.00
  47    29.045 55120.68579497 44.45  49.718148  53.442532 29.591  259.31  262.49  261.85
  47    28.890 55120.68579556 46.05  49.721029  53.440538   -100  259.31  262.49  261.85
  49   135.829 55140.51706857  0.41  49.681642  53.463980  4.190 -100.00 -100.00 -100.00
  49   136.983 55140.51706916  0.10  49.684526  53.461987  3.978 -100.00 -100.00 -100.00
  51   138.623 55160.34834635  2.84  49.688108  53.463955  4.511 -100.00 -100.00 -100.00
  51   139.335 55160.34834694  2.41  49.690993  53.461963  5.518 -100.00 -100.00 -100.00
  53    29.972 55180.17962187 40.91  49.695618  53.466520 24.472 -100.00 -100.00 -100.00
  53    29.538 55180.17962246 43.22  49.698502  53.464527   -100 -100.00 -100.00 -100.00
  53    29.490 55180.17962305 49.62  49.701386  53.462534   -100 -100.00 -100.00 -100.00
  53    29.379 55180.17962364 50.21  49.704270  53.460541   -100 -100.00 -100.00 -100.00
  53    29.767 55180.17962777 45.29  49.724448  53.446587 32.454 -100.00 -100.00 -100.00
  53    29.468 55180.17962836 48.76  49.727329  53.444593  0.494 -100.00 -100.00 -100.00
  53    29.262 55180.17962895 52.56  49.730210  53.442600   -100  243.43  240.97  241.20
  54    93.008 55190.09526974  6.75  49.694134  53.465095  7.582 -100.00 -100.00 -100.00
  54    98.126 55190.09527033  4.90  49.697018  53.463102  6.015 -100.00 -100.00 -100.00
  54    96.332 55190.09527092  6.33  49.699902  53.461109  8.530 -100.00 -100.00 -100.00
  54    94.587 55190.09527151  4.19  49.702785  53.459116  8.225 -100.00 -100.00 -100.00
  55   100.653 55200.01091995 11.00  49.690018  53.464685  6.259 -100.00 -100.00 -100.00
  55   100.204 55200.01092054  9.94  49.692902  53.462692  4.277 -100.00 -100.00 -100.00
  55    99.173 55200.01092113 10.06  49.695786  53.460699  5.042 -100.00 -100.00 -100.00
  55    96.871 55200.01092172  9.33  49.698669  53.458706  4.981 -100.00 -100.00 -100.00
  55   106.451 55200.01092526  5.99  49.715963  53.446747  3.838 -100.00 -100.00 -100.00
  55    93.890 55200.01092585  6.28  49.718845  53.444753  4.727 -100.00 -100.00 -100.00
  55   104.379 55200.01092644  5.35  49.721726  53.442760  3.844 -100.00 -100.00 -100.00
  56   101.128 55209.92656936  9.08  49.687750  53.465018  4.220 -100.00 -100.00 -100.00
  56    99.040 55209.92656995  9.23  49.690634  53.463026  5.208 -100.00 -100.00 -100.00
  56    98.356 55209.92657054  9.06  49.693518  53.461033  4.989 -100.00 -100.00 -100.00
  56    97.227 55209.92657113  8.62  49.696401  53.459040  4.963 -100.00 -100.00 -100.00
  56   104.928 55209.92657467  4.76  49.713695  53.447080  3.411 -100.00 -100.00 -100.00
  56    97.225 55209.92657526  7.73  49.716577  53.445087  6.557 -100.00 -100.00 -100.00
  56   103.488 55209.92657585  4.09  49.719458  53.443093  3.281 -100.00 -100.00 -100.00
  56   110.188 55209.92657644  3.77  49.722338  53.441099  4.079 -100.00 -100.00 -100.00
  57   101.398 55219.84221846  8.50  49.688412  53.465396  4.287 -100.00 -100.00 -100.00
  57    99.776 55219.84221905  8.55  49.691296  53.463403  4.788 -100.00 -100.00 -100.00
  57    98.556 55219.84221964  8.73  49.694180  53.461410  5.186 -100.00 -100.00 -100.00
  57    97.851 55219.84222023  7.52  49.697063  53.459417  4.667  233.84  231.80  228.57
  57    99.840 55219.84222377  4.53  49.714357  53.447457  4.027  233.84  231.80  228.57
  57    91.115 55219.84222437  6.40  49.717238  53.445463  5.934  233.84  231.80  228.57
  57    92.204 55219.84222496  9.26  49.720119  53.443470  9.163  233.84  231.80  228.57
  57    93.395 55219.84222555  8.25  49.723000  53.441476  7.076  233.84  231.80  228.57
  58   101.772 55229.75786647  8.97  49.687689  53.465632  5.143 -100.00 -100.00 -100.00
  58   100.541 55229.75786706  7.90  49.690573  53.463639  4.139 -100.00 -100.00 -100.00
  58    98.663 55229.75786765  8.29  49.693456  53.461646  5.221 -100.00 -100.00 -100.00
  58    97.934 55229.75786824  7.88  49.696340  53.459653  5.730 -100.00 -100.00 -100.00
  58   113.046 55229.75787237  3.27  49.716516  53.445699  3.352  244.85  244.82  242.06
  58   112.555 55229.75787296  2.49  49.719397  53.443706  2.813  244.85  244.82  242.06
  58   112.263 55229.75787355  2.53  49.722278  53.441712  2.967  244.85  244.82  242.06
  59   101.551 55239.67351165  7.96  49.687812  53.464158  4.286 -100.00 -100.00 -100.00
  59    99.177 55239.67351224  8.63  49.690696  53.462165  6.038 -100.00 -100.00 -100.00
  59    97.701 55239.67351283  7.89  49.693579  53.460172  4.993 -100.00 -100.00 -100.00
  59    96.668 55239.67351342  7.24  49.696463  53.458179  4.941 -100.00 -100.00 -100.00
  59   111.119 55239.67351696  3.26  49.713757  53.446219  2.716  239.94  238.47  234.05
  59    92.956 55239.67351755 10.45  49.716638  53.444225 11.933  239.94  238.47  234.05
  59    94.592 55239.67351814 12.88  49.719520  53.442232 13.368  239.94  238.47  234.05
  60   123.620 55249.58915260  5.12  49.683499  53.464100  3.288 -100.00 -100.00 -100.00
  60   123.353 55249.58915319  4.82  49.686383  53.462107  3.026 -100.00 -100.00 -100.00
  60   122.696 55249.58915378  4.27  49.689267  53.460114  2.917 -100.00 -100.00 -100.00
  60   121.561 55249.58915437  4.31  49.692150  53.458121  3.124 -100.00 -100.00 -100.00
  60   121.967 55249.58915792  2.46  49.709447  53.446162  3.836 -100.00 -100.00 -100.00
  60   122.329 55249.58915851  1.47  49.712328  53.444168  2.963 -100.00 -100.00 -100.00
  60   122.906 55249.58915910  0.35  49.715210  53.442175  2.757 -100.00 -100.00 -100.00
  61   107.723 55259.50479169  5.18  49.681173  53.463119  3.186  250.00  250.00  244.28
  61   122.221 55259.50479228  5.16  49.684057  53.461127  2.937  250.00  250.00  244.28
  61   104.998 55259.50479287  5.18  49.686941  53.459134  3.490  250.00  250.00  244.28
  61   120.125 55259.50479346  4.45  49.689825  53.457141  3.548  250.00  250.00  244.28
  61   114.450 55259.50479701  3.17  49.707121  53.445182  3.014  250.00  250.00  244.28
  61   112.476 55259.50479760  3.10  49.710003  53.443188  3.730  250.00  250.00  244.28
  61   115.745 55259.50479819  2.18  49.712885  53.441195  3.148  250.00  250.00  244.28
  62   137.249 55269.42042996  5.85  49.680050  53.464076  4.281 -100.00 -100.00 -100.00
  62   136.717 55269.42043055  5.40  49.682934  53.462084  4.311 -100.00 -100.00 -100.00
  62   140.584 55269.42043114  3.26  49.685819  53.460091  3.278 -100.00 -100.00 -100.00
  62   142.334 55269.42043173  3.04  49.688702  53.458098  4.243 -100.00 -100.00 -100.00
  62   144.698 55269.42043232  3.06  49.691586  53.456105  4.563 -100.00 -100.00 -100.00
  62   158.364 55269.42043527  0.15  49.705999  53.446139  3.261 -100.00 -100.00 -100.00
  62   161.400 55269.42043586  0.35  49.708881  53.444146  3.408 -100.00 -100.00 -100.00
  62   164.293 55269.42043645  0.02  49.711763  53.442152  3.139  256.74  255.79  254.27
  62   166.154 55269.42043704  0.98  49.714644  53.440159  4.563  256.74  255.79  254.27
  64   114.419 55289.25170628 12.30  49.688095  53.464614  9.697 -100.00 -100.00 -100.00
  64    95.786 55289.25170687 17.74  49.690979  53.462621 15.596 -100.00 -100.00 -100.00
  64    96.354 55289.25170746 17.82  49.693863  53.460628 15.894 -100.00 -100.00 -100.00
  64    98.915 55289.25170805 21.88  49.696746  53.458635 16.402 -100.00 -100.00 -100.00
  64    95.085 55289.25171159 18.84  49.714041  53.446677 11.509  256.28  255.13  253.90
  64    96.004 55289.25171218 19.95  49.716922  53.444683 10.653  256.28  255.13  253.90
  64    92.952 55289.25171277 19.49  49.719803  53.442690 24.422  256.28  255.13  253.90
  64   102.707 55289.25171336  4.75  49.722684  53.440696  6.737  256.28  255.13  253.90
  65    29.206 55299.16734763 56.14  49.722233  53.443762 14.337  253.44  253.47  252.57
  65    29.047 55299.16734822 56.47  49.725114  53.441768 17.734  253.44  253.47  252.57
  66    96.252 55309.08298516  5.62  49.687935  53.465505  8.818 -100.00 -100.00 -100.00
  66    95.016 55309.08298575  4.68  49.690820  53.463512  8.656 -100.00 -100.00 -100.00
  67    34.145 55318.99863651 30.77  49.711157  53.446263 19.528  259.80  260.94  260.78
  67    33.980 55318.99863710 29.69  49.714038  53.444270 19.617  259.80  260.94  260.78
  67    33.773 55318.99863769 27.73  49.716919  53.442277 13.455  259.80  260.94  260.78
  68    32.597 55328.91428163 31.57  49.711428  53.444892   -100  264.03  264.78  264.13
  68    32.605 55328.91428222 27.77  49.714309  53.442899 21.354  264.03  264.78  264.13
  68    32.517 55328.91428281 25.14  49.717190  53.440905 14.351  264.03  264.78  264.13
  69    30.738 55338.82992575 32.19  49.711888  53.446455 15.960  261.34  261.84  261.49
  69    30.791 55338.82992634 31.02  49.714769  53.444462 12.704  261.34  261.84  261.49
  69    30.904 55338.82992693 34.77  49.717650  53.442469 25.410  261.34  261.84  261.49
  69    31.006 55338.82992752 39.87  49.720531  53.440475   -100  261.34  261.84  261.49
  70    30.776 55348.74557012 35.42  49.716484  53.446345 23.263  264.18  265.24  264.16
  70    30.747 55348.74557071 38.40  49.719365  53.444352   -100  264.18  265.24  264.16
  70    30.734 55348.74557130 39.98  49.722246  53.442358   -100  264.18  265.24  264.16
  71    29.860 55358.66121218 44.29  49.718163  53.447119   -100  266.91  267.12  266.48
  71    29.889 55358.66121277 41.46  49.721045  53.445125   -100  266.91  267.12  266.48
  71    29.910 55358.66121336 40.03  49.723926  53.443132   -100  266.91  267.12  266.48
  71    29.905 55358.66121395 38.52  49.726806  53.441138 26.180  266.91  267.12  266.48
  73   126.004 55378.49248528  0.45  49.691422  53.465262  4.010 -100.00 -100.00 -100.00
  73   125.089 55378.49248587  1.50  49.694306  53.463269  5.526 -100.00 -100.00 -100.00
  73   124.418 55378.49248646  0.30  49.697190  53.461276  4.974 -100.00 -100.00 -100.00
  76    28.786 55408.23941160 28.90  49.725543  53.445546 29.806  281.33  282.86  280.85
  76    28.373 55408.23941219 29.34  49.728425  53.443552   -100  281.33  282.86  280.85
  76    28.474 55408.23941278 26.08  49.731305  53.441559 21.544  281.33  282.86  280.85
  77    28.358 55418.15506195 43.31  49.719580  53.446366   -100  276.05  277.87  275.68
  77    28.378 55418.15506254 41.61  49.722461  53.444372   -100  276.05  277.87  275.68
  77    28.342 55418.15506313 32.96  49.725342  53.442379 12.265  276.05  277.87  275.68
  78    28.592 55428.07070927 30.28  49.714942  53.445102   -100  271.97  273.62  271.41
  78    28.446 55428.07070986 30.17  49.717823  53.443109   -100  271.97  273.62  271.41
  78    28.757 55428.07071045 29.53  49.720704  53.441115 32.573  271.97  273.62  271.41
  82    28.615 55467.73328195 30.09  49.713224  53.446084   -100  267.88  270.88  269.79
  82    28.657 55467.73328254 29.07  49.716106  53.444090   -100  267.88  270.88  269.79
  82    28.584 55467.73328313 31.66  49.718987  53.442097   -100  267.88  270.88  269.79
  83    28.886 55477.64892096 46.42  49.714614  53.446115   -100  255.65  256.51  257.58
  83    28.670 55477.64892155 47.64  49.717496  53.444121 10.150  255.65  256.51  257.58
  83    28.709 55477.64892214 39.35  49.720378  53.442127 30.982  255.65  256.51  257.58
  85   139.325 55497.48018487  5.27  49.687995  53.465216  4.653 -100.00 -100.00 -100.00
  85   139.132 55497.48018546  4.48  49.690880  53.463223  4.300 -100.00 -100.00 -100.00
  85   141.147 55497.48018605  1.38  49.693764  53.461230  4.001 -100.00 -100.00 -100.00
  85   164.657 55497.48019137  0.01  49.719713  53.443290  4.118  249.61  255.10  255.84
  89   126.219 55537.14277035  5.62  49.691126  53.465410  3.441 -100.00 -100.00 -100.00
  89   127.706 55537.14277094  5.12  49.694011  53.463417  3.316 -100.00 -100.00 -100.00
  89   127.605 55537.14277153  4.73  49.696895  53.461424  2.901  235.56  236.44  237.12
  89   127.480 55537.14277212  4.47  49.699778  53.459431  3.089  235.56  236.44  237.12
  89   134.046 55537.14277566  0.52  49.717074  53.447471  2.481  235.56  236.44  237.12
  91   125.486 55556.97405914  7.10  49.688995  53.465014  3.724 -100.00 -100.00 -100.00
  91   124.338 55556.97405973  6.96  49.691879  53.463021  3.916 -100.00 -100.00 -100.00
  91   125.863 55556.97406032  5.27  49.694763  53.461028  3.198 -100.00 -100.00 -100.00
  91   122.456 55556.97406091  7.00  49.697646  53.459035  5.034 -100.00 -100.00 -100.00
  91   128.279 55556.97406446  2.42  49.714940  53.447075  3.073  244.59  249.74  252.90
  91   129.187 55556.97406505  1.93  49.717822  53.445082  3.381  244.59  249.74  252.90
  91   130.733 55556.97406564  0.09  49.720703  53.443088  2.754  244.59  249.74  252.90
  91   131.738 55556.97406623  0.02  49.723583  53.441094  2.567  244.59  249.74  252.90
  95   134.883 55596.63661979  3.14  49.689258  53.465493  3.393 -100.00 -100.00 -100.00
  95   135.506 55596.63662038  2.19  49.692143  53.463500  3.001 -100.00 -100.00 -100.00
  95   136.355 55596.63662097  1.69  49.695027  53.461507  3.184 -100.00 -100.00 -100.00
  95   137.983 55596.63662156  0.59  49.697911  53.459514  2.828 -100.00 -100.00 -100.00
  96   140.559 55606.55225352  2.42  49.689079  53.465315  3.727 -100.00 -100.00 -100.00
  96   142.573 55606.55225411  0.83  49.691964  53.463323  3.049 -100.00 -100.00 -100.00
  96   144.798 55606.55225470  0.38  49.694848  53.461330  3.314 -100.00 -100.00 -100.00
  99   156.623 55636.29918149  0.20  49.694907  53.462327  4.384 -100.00 -100.00 -100.00
  99   162.409 55636.29918267  0.88  49.700674  53.458341  4.689 -100.00 -100.00 -100.00
 100   136.627 55646.21483049  3.73  49.688837  53.465368  3.095 -100.00 -100.00 -100.00
 100   137.225 55646.21483109  3.47  49.691721  53.463375  3.324 -100.00 -100.00 -100.00
 100   138.317 55646.21483168  2.98  49.694605  53.461382  3.715  241.11  235.36  224.50
 100   139.845 55646.21483227  1.10  49.697489  53.459390  3.077  241.11  235.36  224.50
 103    30.355 55675.96176549 50.70  49.712294  53.445993   -100  253.41  254.17  254.90
 103    30.307 55675.96176608 55.72  49.715175  53.444000   -100  253.41  254.17  254.90
 103    30.435 55675.96176667 53.54  49.718056  53.442006 14.026  253.41  254.17  254.90
 104   167.290 55685.87739901  0.59  49.693384  53.461203  4.091  249.11  255.34  255.94
 104   188.090 55685.87740432  0.01  49.719325  53.443266  3.255  249.11  255.34  255.94
 105    31.945 55695.79304024 53.79  49.718876  53.446800 25.528  255.92  255.53  257.43
 105    32.126 55695.79304083 51.46  49.721757  53.444806   -100  255.92  255.53  257.43
 105    31.928 55695.79304142 51.35  49.724638  53.442813  2.854  255.92  255.53  257.43
 106    30.598 55705.70867609 46.23  49.724601  53.446258   -100  263.42  264.26  264.28
 106    30.783 55705.70867668 46.30  49.727482  53.444265   -100  263.42  264.26  264.28
 106    30.897 55705.70867727 45.11  49.730363  53.442271   -100  263.42  264.26  264.28
 107   102.200 55715.62431839  3.09  49.693921  53.466758  7.553 -100.00 -100.00 -100.00
 107   126.042 55715.62431898  2.25  49.696805  53.464766  5.186 -100.00 -100.00 -100.00
 107   124.924 55715.62431957  1.84  49.699689  53.462773  6.616 -100.00 -100.00 -100.00
 107   124.611 55715.62432016  0.00  49.702573  53.460780  4.654 -100.00 -100.00 -100.00
 108   125.871 55725.53996766  1.52  49.695089  53.464055  4.738 -100.00 -100.00 -100.00
 108   124.973 55725.53996825  0.84  49.697973  53.462062  4.660 -100.00 -100.00 -100.00
 108   123.935 55725.53996884  0.90  49.700856  53.460069  4.509 -100.00 -100.00 -100.00
 109   125.657 55735.45561404  4.61  49.691395  53.465552  3.979 -100.00 -100.00 -100.00
 109   124.786 55735.45561463  5.14  49.694279  53.463559  5.142 -100.00 -100.00 -100.00
 109   123.940 55735.45561522  5.06  49.697163  53.461566  5.281 -100.00 -100.00 -100.00
 109   122.822 55735.45561581  4.37  49.700046  53.459573  4.591 -100.00 -100.00 -100.00
 109   102.249 55735.45561935  2.46  49.717342  53.447613  4.004 -100.00 -100.00 -100.00
 109    99.008 55735.45561994  2.27  49.720223  53.445620  3.552 -100.00 -100.00 -100.00
 109    98.450 55735.45562054  2.97  49.723105  53.443626  5.405 -100.00 -100.00 -100.00
 109    99.166 55735.45562113  2.02  49.725986  53.441632  3.790 -100.00 -100.00 -100.00
 110   125.580 55745.37125965  3.80  49.690406  53.466065  5.276 -100.00 -100.00 -100.00
 110    99.622 55745.37126024  5.10  49.693290  53.464073  7.445 -100.00 -100.00 -100.00
 110    99.126 55745.37126083  3.81  49.696174  53.462079  5.500 -100.00 -100.00 -100.00
 110    99.090 55745.37126142  2.58  49.699057  53.460086  4.171 -100.00 -100.00 -100.00
 110    87.895 55745.37126555 12.42  49.719234  53.446132 20.552  271.53  274.42  270.18
 110   113.113 55745.37126614  0.74  49.722115  53.444139  4.120  271.53  274.42  270.18
 110   111.530 55745.37126673  1.24  49.724996  53.442145  5.150  271.53  274.42  270.18
 112    28.607 55765.20255132 33.31  49.717672  53.445816  2.043  271.80  272.57  271.58
 112    28.718 55765.20255192 27.99  49.720553  53.443823   -100  271.80  272.57  271.58
 112    28.271 55765.20255251 23.65  49.723434  53.441829 23.912  271.80  272.57  271.58
 113    28.641 55775.11819063 25.43  49.718411  53.443692 25.008  267.03  269.04  266.68
 113    28.420 55775.11819122 23.51  49.721292  53.441699 21.585  267.03  269.04  266.68
 115    28.574 55794.94945953 34.98  49.718264  53.445072 18.003  268.42  269.88  269.75
 115    28.631 55794.94946012 25.38  49.721146  53.443079 27.681  268.42  269.88  269.75
 115    28.312 55794.94946071 25.50  49.724027  53.441085 28.444  268.42  269.88  269.75
 116    29.287 55804.86509770 35.16  49.720732  53.446339   -100  265.37  266.82  266.60
 116    29.189 55804.86509829 37.42  49.723613  53.444345   -100  265.37  266.82  266.60
 116    29.721 55804.86509888 39.46  49.726495  53.442351 31.484  265.37  266.82  266.60
 117   126.398 55814.78074118  2.67  49.693334  53.465545  4.502 -100.00 -100.00 -100.00
 117   125.465 55814.78074177  2.58  49.696218  53.463552  3.865 -100.00 -100.00 -100.00
 117   124.788 55814.78074236  2.23  49.699102  53.461559  3.592 -100.00 -100.00 -100.00
 117   123.490 55814.78074295  1.50  49.701986  53.459566  3.465 -100.00 -100.00 -100.00
 117   126.229 55814.78074709  0.46  49.722164  53.445613  6.171 -100.00 -100.00 -100.00
 117   115.280 55814.78074768  2.72  49.725046  53.443619  9.058 -100.00 -100.00 -100.00
 117   130.185 55814.78074827  0.96  49.727927  53.441625  7.743 -100.00 -100.00 -100.00
 118   126.042 55824.69638782  1.19  49.691694  53.465324  3.663 -100.00 -100.00 -100.00
 118   125.392 55824.69638841  1.11  49.694578  53.463331  3.674 -100.00 -100.00 -100.00
 118   124.282 55824.69638901  1.34  49.697463  53.461338  4.432 -100.00 -100.00 -100.00
 118   123.453 55824.69638960  0.87  49.700347  53.459345  3.658 -100.00 -100.00 -100.00
 120   125.505 55844.52766808  2.07  49.687753  53.465589  4.114 -100.00 -100.00 -100.00
 120   124.881 55844.52766867  1.76  49.690638  53.463596  4.513 -100.00 -100.00 -100.00
 120   124.071 55844.52766926  1.56  49.693523  53.461603  4.340 -100.00 -100.00 -100.00
 120   122.735 55844.52766986  2.58  49.696408  53.459610  5.295 -100.00 -100.00 -100.00
 121   125.930 55854.44330432  1.48  49.692078  53.464821  3.931 -100.00 -100.00 -100.00
 121   125.313 55854.44330491  1.25  49.694963  53.462828  4.479 -100.00 -100.00 -100.00
 121   124.269 55854.44330550  1.05  49.697847  53.460835  4.626 -100.00 -100.00 -100.00
 121   123.265 55854.44330609  0.68  49.700731  53.458842  3.644 -100.00 -100.00 -100.00
 122   119.949 55864.35894296  2.38  49.693881  53.466551  4.678 -100.00 -100.00 -100.00
 122   125.831 55864.35894355  1.70  49.696765  53.464558  3.813 -100.00 -100.00 -100.00
 122   124.460 55864.35894414  1.04  49.699650  53.462565  3.397 -100.00 -100.00 -100.00
 122   123.514 55864.35894473  0.40  49.702534  53.460572  3.318 -100.00 -100.00 -100.00
 123    84.680 55874.27459656  9.30  49.693442  53.466372 10.197 -100.00 -100.00 -100.00
 123    83.289 55874.27459715  7.45  49.696326  53.464379  6.422 -100.00 -100.00 -100.00
 123    82.358 55874.27459774  6.38  49.699210  53.462386  7.044 -100.00 -100.00 -100.00
 123    80.462 55874.27459833  5.98  49.702094  53.460393  6.002 -100.00 -100.00 -100.00
 123    82.852 55874.27460246  0.84  49.722273  53.446439  6.558  252.89  252.96  254.42
 124    94.875 55884.19024494  5.50  49.693986  53.465536  6.133  247.77  246.44  247.76
 124    82.612 55884.19024553  8.44  49.696870  53.463544  9.087  247.77  246.44  247.76
 124    88.707 55884.19024612  5.94  49.699754  53.461550  7.069  247.77  246.44  247.76
 124    95.806 55884.19024671  4.45  49.702638  53.459557  5.246  247.77  246.44  247.76
 124   100.115 55884.19025025  1.82  49.719934  53.447597  4.505  247.77  246.44  247.76
 124    99.598 55884.19025084  0.05  49.722816  53.445603  3.494  247.77  246.44  247.76
 124    92.009 55884.19025143  1.07  49.725697  53.443609  5.157  247.77  246.44  247.76
 125    81.934 55894.10588698 10.20  49.693716  53.465413 10.971 -100.00 -100.00 -100.00
 125    82.164 55894.10588757  8.49  49.696600  53.463420  7.727 -100.00 -100.00 -100.00
 125   107.509 55894.10588816 13.44  49.699484  53.461427 14.552 -100.00 -100.00 -100.00
 125    84.375 55894.10588875 12.35  49.702367  53.459434 10.909 -100.00 -100.00 -100.00
 125    94.304 55894.10589229  9.47  49.719663  53.447474 10.052  253.18  253.12  253.60
 125    92.269 55894.10589288  7.15  49.722545  53.445481  7.736  253.18  253.12  253.60
 125    94.365 55894.10589347  8.21  49.725426  53.443487  8.248  253.18  253.12  253.60
 125    96.146 55894.10589406 11.36  49.728307  53.441493  9.580  253.18  253.12  253.60
 128   139.200 55923.85281638  1.21  49.692560  53.466318  3.236 -100.00 -100.00 -100.00
 128   141.532 55923.85281697  0.51  49.695445  53.464325  3.524 -100.00 -100.00 -100.00
 128   143.250 55923.85281756  1.32  49.698328  53.462332  5.126 -100.00 -100.00 -100.00
 129    98.888 55933.76846756  5.23  49.693180  53.464347  7.888 -100.00 -100.00 -100.00
 129   127.111 55933.76846815  2.83  49.696064  53.462354  4.917 -100.00 -100.00 -100.00
 129   126.120 55933.76846874  1.23  49.698948  53.460361  5.180 -100.00 -100.00 -100.00
 129   127.865 55933.76846933  0.05  49.701831  53.458367  2.741 -100.00 -100.00 -100.00
 130   136.005 55943.68411354  0.86  49.689548  53.464118  3.247 -100.00 -100.00 -100.00
 130   137.480 55943.68411413  0.18  49.692432  53.462125  3.264 -100.00 -100.00 -100.00
 131   133.622 55953.59975504  1.75  49.684614  53.464439  3.440 -100.00 -100.00 -100.00
 131   133.872 55953.59975563  0.69  49.687499  53.462446  3.121 -100.00 -100.00 -100.00
 131   135.076 55953.59975622  0.60  49.690383  53.460453  3.304 -100.00 -100.00 -100.00
 135   104.563 55993.26230322  4.04  49.696298  53.465624  3.265  245.95  243.25  231.43
 135   103.094 55993.26230381  3.84  49.699182  53.463632  3.413  245.95  243.25  231.43
 135   102.654 55993.26230440  3.43  49.702065  53.461639  3.133  245.95  243.25  231.43
 135   116.465 55993.26230499 12.68  49.704949  53.459646 20.760  245.95  243.25  231.43
 135   115.064 55993.26230853  2.75  49.722244  53.447687  5.583  245.95  243.25  231.43
 135   114.388 55993.26230912  0.75  49.725126  53.445693  4.168  245.95  243.25  231.43
 136   141.366 56003.17795263  0.17  49.692952  53.465627  2.933 -100.00 -100.00 -100.00
 136   143.291 56003.17795322  0.08  49.695836  53.463635  3.108 -100.00 -100.00 -100.00
 137   132.740 56013.09360170  4.27  49.687008  53.464939  3.881  241.33  237.68  226.13
 137   133.074 56013.09360229  3.62  49.689893  53.462946  3.016  241.33  237.68  226.13
 137   133.636 56013.09360288  3.39  49.692776  53.460954  3.034  241.33  237.68  226.13
 137   134.343 56013.09360347  2.33  49.695660  53.458961  2.963  241.33  237.68  226.13
 138   101.947 56023.00924726 10.13  49.682309  53.465193  3.826 -100.00 -100.00 -100.00
 138   100.910 56023.00924785  9.65  49.685194  53.463201  3.610 -100.00 -100.00 -100.00
 138    99.584 56023.00924844  9.60  49.688077  53.461208  4.010 -100.00 -100.00 -100.00
 138    97.056 56023.00924903  9.23  49.690961  53.459216  3.776 -100.00 -100.00 -100.00
 138    96.778 56023.00924962  8.27  49.693845  53.457223  3.145 -100.00 -100.00 -100.00
 138    76.791 56023.00925316 10.04  49.711139  53.445266  8.187 -100.00 -100.00 -100.00
 138    81.075 56023.00925375  7.37  49.714020  53.443273  4.776 -100.00 -100.00 -100.00
 138    79.100 56023.00925434  6.50  49.716901  53.441280  3.616 -100.00 -100.00 -100.00
 139    28.914 56032.92489638 51.19  49.711477  53.445913   -100  255.62  256.89  257.55
 139    28.996 56032.92489697 56.97  49.714358  53.443920 23.949  255.62  256.89  257.55
 139    29.047 56032.92489756 51.11  49.717239  53.441927  6.568  255.62  256.89  257.55
 140    30.136 56042.84053755 42.35  49.715090  53.447380   -100  260.21  262.24  262.99
 140    30.082 56042.84053814 46.06  49.717972  53.445387   -100  260.21  262.24  262.99
 140    30.060 56042.84053873 45.96  49.720852  53.443393   -100  260.21  262.24  262.99
 140    30.049 56042.84053932 46.91  49.723733  53.441400   -100  260.21  262.24  262.99
 141    34.381 56052.75617676 47.97  49.721663  53.446551   -100  255.31  256.35  257.27
 141    34.250 56052.75617735 48.15  49.724544  53.444557  5.575  255.31  256.35  257.27
 141    34.211 56052.75617794 47.43  49.727424  53.442564  4.191  255.31  256.35  257.27
 142   127.334 56062.67180644  1.04  49.695563  53.466729  4.120 -100.00 -100.00 -100.00
 142   133.811 56062.67180703  2.00  49.698447  53.464736  4.821 -100.00 -100.00 -100.00
 142   133.721 56062.67180762  1.13  49.701331  53.462743  4.879 -100.00 -100.00 -100.00
 144   125.219 56082.50309729  4.72  49.693163  53.464294  4.826 -100.00 -100.00 -100.00
 144   124.291 56082.50309788  4.59  49.696047  53.462301  4.446 -100.00 -100.00 -100.00
 144   123.417 56082.50309847  3.51  49.698931  53.460308  4.284 -100.00 -100.00 -100.00
 144   115.074 56082.50310260  3.70  49.719109  53.446355  8.541  256.58  259.08  258.67
 144   115.309 56082.50310319  3.03  49.721990  53.444362  7.990  256.58  259.08  258.67
 144   120.848 56082.50310378  1.83  49.724872  53.442368  6.456  256.58  259.08  258.67
 145    29.210 56092.41875029 47.19  49.718006  53.446244   -100  280.13  283.68  280.80
 145    29.212 56092.41875088 47.37  49.720887  53.444251   -100  280.13  283.68  280.80
 145    28.934 56092.41875147 49.41  49.723768  53.442257  3.543  280.13  283.68  280.80
 146    29.921 56102.33439582 29.98  49.718638  53.446829   -100  272.24  273.77  273.16
 146    29.720 56102.33439641 28.52  49.721519  53.444835   -100  272.24  273.77  273.16
 146    29.425 56102.33439700 26.68  49.724400  53.442842 28.190  272.24  273.77  273.16
 147   126.172 56112.25002151  1.07  49.691599  53.465604  4.144 -100.00 -100.00 -100.00
 147   124.713 56112.25002269  0.47  49.697367  53.461619  4.796 -100.00 -100.00 -100.00
 148    28.603 56122.16566627 35.52  49.717855  53.446407   -100  274.06  276.35  273.93
 148    28.690 56122.16566686 33.75  49.720736  53.444413   -100  274.06  276.35  273.93
 148    28.695 56122.16566745 27.08  49.723617  53.442420 12.700  274.06  276.35  273.93
 149    28.827 56132.08130139 45.23  49.715469  53.446643   -100  266.14  268.40  266.40
 149    28.721 56132.08130198 47.57  49.718351  53.444650   -100  266.14  268.40  266.40
 149    28.887 56132.08130257 41.48  49.721232  53.442657 29.125  266.14  268.40  266.40
 150    29.113 56141.99693765 48.89  49.714889  53.446464   -100  271.27  274.26  271.25
 150    28.823 56141.99693824 51.89  49.717771  53.444471  1.131  271.27  274.26  271.25
 150    28.934 56141.99693883 49.98  49.720652  53.442478   -100  271.27  274.26  271.25
 151    28.652 56151.91258816 51.96  49.713065  53.446756   -100  267.20  269.48  267.97
 151    28.769 56151.91258875 52.00  49.715947  53.444762 12.780  267.20  269.48  267.97
 151    28.860 56151.91258934 51.77  49.718828  53.442769   -100  267.20  269.48  267.97
 151    28.942 56151.91258993 50.62  49.721709  53.440776   -100  267.20  269.48  267.97
 152   102.454 56161.82823168  6.39  49.687936  53.465767  4.839 -100.00 -100.00 -100.00
 152   124.643 56161.82823227  6.16  49.690820  53.463775  3.696 -100.00 -100.00 -100.00
 152   123.218 56161.82823286  5.71  49.693704  53.461782  4.239 -100.00 -100.00 -100.00
 152    98.783 56161.82823345  5.57  49.696588  53.459789  4.655 -100.00 -100.00 -100.00
 152    91.923 56161.82823758 15.07  49.716766  53.445836 11.195  258.34  262.42  261.21
 152    91.950 56161.82823817 10.55  49.719647  53.443843  9.344  258.34  262.42  261.21
 152    98.867 56161.82823876  3.96  49.722529  53.441849  4.078  258.34  262.42  261.21
 153   125.514 56171.74387893  5.19  49.690248  53.465725  3.530 -100.00 -100.00 -100.00
 153   124.938 56171.74387952  5.62  49.693133  53.463732  3.922 -100.00 -100.00 -100.00
 153   124.000 56171.74388012  5.61  49.696017  53.461739  3.972 -100.00 -100.00 -100.00
 153   122.972 56171.74388071  5.53  49.698900  53.459746  4.383 -100.00 -100.00 -100.00
 153   101.789 56171.74388425  3.68  49.716197  53.447786  4.349 -100.00 -100.00 -100.00
 153    98.164 56171.74388484  2.98  49.719078  53.445793  3.725 -100.00 -100.00 -100.00
 153    97.673 56171.74388543  4.55  49.721960  53.443799  5.811 -100.00 -100.00 -100.00
 153    98.904 56171.74388602  3.13  49.724841  53.441805  4.187  256.41  259.69  259.23
 154   125.893 56181.65952141  1.90  49.689773  53.465647  3.427 -100.00 -100.00 -100.00
 154   125.478 56181.65952200  1.91  49.692657  53.463654  3.423 -100.00 -100.00 -100.00
 154   123.915 56181.65952259  2.81  49.695541  53.461661  5.358 -100.00 -100.00 -100.00
 154   123.212 56181.65952318  2.08  49.698425  53.459668  4.213 -100.00 -100.00 -100.00
 158   125.876 56221.32206395  1.25  49.700458  53.464345  4.486  260.93  264.74  264.76
 158   125.427 56221.32206454  0.37  49.703343  53.462352  3.311  260.93  264.74  264.76
 158   114.195 56221.32206926  1.39  49.726407  53.446405  7.161  260.93  264.74  264.76
 158    99.509 56221.32207045  2.35  49.732170  53.442417  9.956  260.93  264.74  264.76
 159   126.867 56231.23771646  3.76  49.699840  53.465869  4.992  253.20  258.25  257.03
 159   126.223 56231.23771705  3.58  49.702724  53.463876  5.460  253.20  258.25  257.03
 159   135.548 56231.23771764  1.19  49.705608  53.461883  4.321  253.20  258.25  257.03
 160   127.191 56241.15336929  1.72  49.697639  53.465505  3.746 -100.00 -100.00 -100.00
 160   125.879 56241.15336988  1.89  49.700523  53.463512  4.223 -100.00 -100.00 -100.00
 160   125.308 56241.15337047  1.21  49.703407  53.461519  3.946  251.89  254.22  255.43
 160   127.572 56241.15337106  0.31  49.706290  53.459525  3.324  251.89  254.22  255.43
 161   125.829 56251.06901787  1.89  49.693866  53.464862  4.087 -100.00 -100.00 -100.00
 161   132.302 56251.06901846  1.63  49.696750  53.462869  4.064 -100.00 -100.00 -100.00
 161   131.706 56251.06901905  0.49  49.699634  53.460876  3.714 -100.00 -100.00 -100.00
 161   131.131 56251.06901964  0.49  49.702517  53.458883  3.959 -100.00 -100.00 -100.00
 162    92.268 56260.98466133  6.11  49.689434  53.465709  9.166 -100.00 -100.00 -100.00
 162    81.421 56260.98466192  8.63  49.692318  53.463716 14.151 -100.00 -100.00 -100.00
 162    80.531 56260.98466252  8.20  49.695202  53.461723 11.994 -100.00 -100.00 -100.00
 162    86.899 56260.98466311  4.97  49.698086  53.459730  7.709 -100.00 -100.00 -100.00
 162    69.745 56260.98466665  5.38  49.715382  53.447771 12.324 -100.00 -100.00 -100.00
 162    82.428 56260.98466724  2.72  49.718263  53.445777  6.916 -100.00 -100.00 -100.00
 162    65.044 56260.98466783  4.92  49.721145  53.443784 10.470 -100.00 -100.00 -100.00
 162    63.207 56260.98466842  4.94  49.724026  53.441790 11.696 -100.00 -100.00 -100.00
 163    29.746 56270.90030947 21.73  49.721605  53.443703 16.257  250.70  251.35  253.03
 163    29.665 56270.90031007 21.68  49.724486  53.441709 15.826  250.70  251.35  253.03
 164    32.137 56280.81594329 33.71  49.693070  53.465015 20.853 -100.00 -100.00 -100.00
 164    31.616 56280.81594388 31.67  49.695954  53.463022 16.400 -100.00 -100.00 -100.00
 164    31.872 56280.81594447 31.95  49.698838  53.461029 18.436 -100.00 -100.00 -100.00
 164    29.755 56280.81594506 34.02  49.701722  53.459036 24.913 -100.00 -100.00 -100.00
 164    29.966 56280.81594860 33.21  49.719017  53.447076 19.951 -100.00 -100.00 -100.00
 164    29.863 56280.81594919 32.90  49.721898  53.445082 20.334 -100.00 -100.00 -100.00
 164    29.859 56280.81594978 32.44  49.724780  53.443089 18.682 -100.00 -100.00 -100.00
 164    29.799 56280.81595037 32.37  49.727661  53.441095 18.822 -100.00 -100.00 -100.00
 165    93.432 56290.73159553  6.33  49.692327  53.464283  7.337 -100.00 -100.00 -100.00
 165    91.254 56290.73159612  5.79  49.695211  53.462290  6.731 -100.00 -100.00 -100.00
 165    89.433 56290.73159671  5.93  49.698094  53.460297  7.259 -100.00 -100.00 -100.00
 165    85.293 56290.73159730  5.81  49.700978  53.458304  7.427 -100.00 -100.00 -100.00
 166    82.510 56300.64724269  8.10  49.687147  53.465132  9.666 -100.00 -100.00 -100.00
 166    92.032 56300.64724328  6.37  49.690031  53.463139  6.520 -100.00 -100.00 -100.00
 166    89.033 56300.64724387  6.45  49.692915  53.461146  6.591 -100.00 -100.00 -100.00
 166    77.810 56300.64724446  7.76  49.695799  53.459153  9.982 -100.00 -100.00 -100.00
 167   100.076 56310.56288595  6.20  49.682422  53.465186  5.640 -100.00 -100.00 -100.00
 167    96.575 56310.56288654  6.12  49.685306  53.463193  6.133 -100.00 -100.00 -100.00
 167    94.124 56310.56288713  6.14  49.688191  53.461200  5.858 -100.00 -100.00 -100.00
 167    92.164 56310.56288772  5.73  49.691075  53.459207  5.787  251.72  251.17  249.54
 167    94.405 56310.56288831  5.10  49.693959  53.457214  5.638  251.72  251.17  249.54
 167   108.665 56310.56289185  0.09  49.711256  53.445254  2.971  251.72  251.17  249.54
 168    77.528 56320.47852785 14.58  49.682849  53.463382 17.095 -100.00 -100.00 -100.00
 168    78.634 56320.47852844 15.32  49.685733  53.461389 15.896 -100.00 -100.00 -100.00
 168    83.461 56320.47852903 17.88  49.688617  53.459397 19.866 -100.00 -100.00 -100.00
 168    84.692 56320.47852962 16.42  49.691501  53.457404 16.278 -100.00 -100.00 -100.00
 168    99.472 56320.47853316 16.48  49.708799  53.445444  8.547 -100.00 -100.00 -100.00
 168    96.912 56320.47853375 20.47  49.711681  53.443451 14.218 -100.00 -100.00 -100.00
 168    96.765 56320.47853434 20.88  49.714563  53.441457   -100 -100.00 -100.00 -100.00
 169   123.819 56330.39416889  7.47  49.684338  53.463967  7.366 -100.00 -100.00 -100.00
 169   106.754 56330.39416948  6.26  49.687222  53.461974  5.680 -100.00 -100.00 -100.00
 169   122.791 56330.39417007  4.19  49.690106  53.459981  3.647 -100.00 -100.00 -100.00
 169   121.901 56330.39417066  3.98  49.692990  53.457988  3.170 -100.00 -100.00 -100.00
 169   125.407 56330.39417420  0.87  49.710287  53.446029  2.538 -100.00 -100.00 -100.00
 169   126.385 56330.39417479  0.38  49.713169  53.444035  2.585 -100.00 -100.00 -100.00
 170   102.016 56340.30980930  6.73  49.687151  53.465734  4.545 -100.00 -100.00 -100.00
 170   101.217 56340.30980989  5.89  49.690035  53.463741  3.664 -100.00 -100.00 -100.00
 170    99.843 56340.30981048  5.75  49.692919  53.461748  3.867 -100.00 -100.00 -100.00
 170    99.573 56340.30981107  5.34  49.695803  53.459755  3.708  247.67  246.03  241.43
 170   116.913 56340.30981520  1.82  49.715982  53.445802  3.400  247.67  246.03  241.43
 170   117.231 56340.30981579  1.10  49.718863  53.443809  3.239  247.67  246.03  241.43
 171   101.550 56350.22544842  5.21  49.694405  53.464440  4.246 -100.00 -100.00 -100.00
 171    75.077 56350.22544901 13.86  49.697289  53.462447 19.954 -100.00 -100.00 -100.00
 171    79.369 56350.22544960 13.38  49.700173  53.460454 17.370 -100.00 -100.00 -100.00
 171    96.054 56350.22545374 10.84  49.720350  53.446502 10.448  249.26  246.66  240.51
 171    96.896 56350.22545433 14.85  49.723232  53.444508 18.104  249.26  246.66  240.51
 171    95.154 56350.22545492 16.28  49.726113  53.442515 16.293  249.26  246.66  240.51
 172   101.881 56360.14108612  5.10  49.695228  53.464558  4.227 -100.00 -100.00 -100.00
 172   100.873 56360.14108671  4.65  49.698112  53.462566  4.343 -100.00 -100.00 -100.00
 172   101.762 56360.14108730  4.19  49.700995  53.460573  4.137 -100.00 -100.00 -100.00
 172   112.882 56360.14109143  7.99  49.721173  53.446622 11.339 -100.00 -100.00 -100.00
 172   113.739 56360.14109202 11.56  49.724054  53.444628 14.994  246.29  242.73  233.59
 172   111.068 56360.14109261 12.34  49.726935  53.442635 14.557  246.29  242.73  233.59
 173    99.295 56370.05673544 13.17  49.687215  53.465396  3.954  246.03  249.85  250.12
 173    95.433 56370.05673603 13.68  49.690099  53.463403  5.899  246.03  249.85  250.12
 173    92.972 56370.05673662 13.35  49.692983  53.461410  5.974  246.03  249.85  250.12
 173    91.845 56370.05673721 12.35  49.695867  53.459418  4.300  246.03  249.85  250.12
 173    87.739 56370.05674135  8.68  49.716043  53.445467  3.239  246.03  249.85  250.12
 173    85.529 56370.05674194  8.17  49.718925  53.443474  2.984  246.03  249.85  250.12
 173    83.737 56370.05674253  7.55  49.721806  53.441481  3.553  246.03  249.85  250.12
 176    31.433 56399.80367678 46.89  49.716840  53.446183   -100  253.13  253.57  254.82
 176    31.447 56399.80367737 48.92  49.719721  53.444189   -100  253.13  253.57  254.82
 176    31.436 56399.80367797 48.80  49.722601  53.442196   -100  253.13  253.57  254.82
 177    34.402 56409.71931769 33.92  49.721706  53.446395   -100  254.88  258.49  258.72
 177    34.485 56409.71931828 30.37  49.724587  53.444402 28.171  254.88  258.49  258.72
 177    34.444 56409.71931887 30.26  49.727468  53.442408 24.639  254.88  258.49  258.72
 180    32.620 56439.46624169 49.01  49.717858  53.446777   -100  273.01  275.88  274.16
 180    32.772 56439.46624228 50.03  49.720739  53.444783   -100  273.01  275.88  274.16
 180    32.904 56439.46624287 50.86  49.723620  53.442790   -100  273.01  275.88  274.16
 181    32.293 56449.38189226 32.21  49.713858  53.447222   -100  264.60  266.60  266.25
 181    32.297 56449.38189285 28.27  49.716739  53.445228 32.651  264.60  266.60  266.25
 181    31.943 56449.38189344 26.89  49.719621  53.443235   -100  264.60  266.60  266.25
 181    31.820 56449.38189403 25.15  49.722502  53.441241 30.027  264.60  266.60  266.25
 182    29.727 56459.29754122 31.05  49.714090  53.446763   -100  274.40  274.95  274.80
 182    29.766 56459.29754181 28.99  49.716972  53.444770 28.388  274.40  274.95  274.80
 182    29.613 56459.29754240 27.58  49.719853  53.442776 19.269  274.40  274.95  274.80
 182    29.295 56459.29754300 26.90  49.722734  53.440782 21.515  274.40  274.95  274.80
 183    29.661 56469.21318709 48.24  49.714963  53.445407  4.825  275.26  276.46  274.86
 183    29.885 56469.21318769 45.07  49.717844  53.443414   -100  275.26  276.46  274.86
 183    29.694 56469.21318828 43.05  49.720725  53.441420   -100  275.26  276.46  274.86
 184    28.771 56479.12882845 42.81  49.713056  53.445954   -100  271.24  273.13  270.56
 184    28.803 56479.12882904 41.60  49.715938  53.443961   -100  271.24  273.13  270.56
 184    28.793 56479.12882963 37.11  49.718819  53.441968 27.326  271.24  273.13  270.56
 185    28.914 56489.04446616 33.96  49.713059  53.445384   -100  264.25  265.74  263.99
 185    28.770 56489.04446675 33.86  49.715940  53.443390   -100  264.25  265.74  263.99
 185    28.692 56489.04446734 30.62  49.718821  53.441397   -100  264.25  265.74  263.99
 186    29.261 56498.96010192 49.34  49.717838  53.443312   -100  260.17  262.76  261.06
 186    29.078 56498.96010251 53.67  49.720719  53.441318   -100  260.17  262.76  261.06
 188    29.049 56518.79137525 47.86  49.722220  53.446511   -100  267.76  270.23  268.06
 188    28.968 56518.79137584 45.82  49.725102  53.444517   -100  267.76  270.23  268.06
 188    28.898 56518.79137643 44.70  49.727983  53.442524   -100  267.76  270.23  268.06
 189    29.143 56528.70702863 43.14  49.719962  53.447161 11.946  270.16  272.62  270.78
 189    29.257 56528.70702922 40.43  49.722843  53.445168   -100  270.16  272.62  270.78
 189    29.072 56528.70702981 36.22  49.725725  53.443174   -100  270.16  272.62  270.78
 189    29.066 56528.70703040 35.79  49.728606  53.441180   -100  270.16  272.62  270.78
 190    28.989 56538.62267813 36.34  49.718662  53.446653   -100  263.66  266.66  265.20
 190    29.262 56538.62267872 35.44  49.721544  53.444659   -100  263.66  266.66  265.20
 190    29.276 56538.62267931 33.22  49.724425  53.442665 27.171  263.66  266.66  265.20
 191   132.371 56548.53831762  1.73  49.687445  53.465793  3.967 -100.00 -100.00 -100.00
 191   132.117 56548.53831821  0.91  49.690330  53.463800  3.543 -100.00 -100.00 -100.00
 191   131.682 56548.53831880  1.25  49.693214  53.461807  4.115 -100.00 -100.00 -100.00
 191   130.797 56548.53831939  1.30  49.696098  53.459814  3.888 -100.00 -100.00 -100.00
 192   150.561 56558.45396141  0.05  49.689657  53.462837  4.118 -100.00 -100.00 -100.00
 192   153.493 56558.45396200  0.31  49.692542  53.460844  4.566 -100.00 -100.00 -100.00
 193   135.747 56568.36960361  1.29  49.689824  53.463771  4.015  251.53  253.47  255.85
 193   135.611 56568.36960420  1.44  49.692708  53.461778  4.170  251.53  253.47  255.85
 193   136.496 56568.36960479  1.19  49.695592  53.459784  4.318  251.53  253.47  255.85
 194    29.004 56578.28525028 32.98  49.719685  53.446559   -100  256.29  257.96  259.12
 194    28.949 56578.28525087 31.56  49.722567  53.444565   -100  256.29  257.96  259.12
 194    28.926 56578.28525146 31.03  49.725448  53.442571   -100  256.29  257.96  259.12
 196   127.015 56598.11652544  2.01  49.699036  53.465437  4.897 -100.00 -100.00 -100.00
 196   126.084 56598.11652603  1.83  49.701920  53.463444  4.375 -100.00 -100.00 -100.00
 196   132.642 56598.11652662  1.40  49.704804  53.461451  5.234 -100.00 -100.00 -100.00
 197   128.753 56608.03217605  0.66  49.692013  53.466378  4.288 -100.00 -100.00 -100.00
 197   132.391 56608.03217664  1.14  49.694897  53.464385  4.426 -100.00 -100.00 -100.00
 197   132.623 56608.03217723  0.48  49.697781  53.462392  3.860 -100.00 -100.00 -100.00
 197   133.097 56608.03217782  0.04  49.700665  53.460399  3.830 -100.00 -100.00 -100.00
 198   132.772 56617.94782234  0.46  49.689701  53.465552  3.643  251.81  251.55  253.44
 198   132.284 56617.94782293  0.84  49.692585  53.463559  4.005  251.81  251.55  253.44
 198   116.167 56617.94782352  1.56  49.695469  53.461566  5.709  251.81  251.55  253.44
 198   131.818 56617.94782411  0.39  49.698353  53.459573  5.457  251.81  251.55  253.44
 199    83.111 56627.86346516  8.54  49.688815  53.465786 12.283 -100.00 -100.00 -100.00
 199    92.638 56627.86346575  5.96  49.691699  53.463793  6.994 -100.00 -100.00 -100.00
 199    87.831 56627.86346634  6.53  49.694583  53.461800  8.120 -100.00 -100.00 -100.00
 199    97.458 56627.86346693  4.81  49.697467  53.459807  7.198 -100.00 -100.00 -100.00
 199    91.724 56627.86347107  1.58  49.717644  53.445854  6.367  252.76  252.61  253.96
 199    92.753 56627.86347166  2.07  49.720526  53.443860  7.161  252.76  252.61  253.96
 202   134.528 56657.61039941  0.44  49.687415  53.464660  3.712 -100.00 -100.00 -100.00
 202   134.676 56657.61040000  1.73  49.690299  53.462667  4.190 -100.00 -100.00 -100.00
 202   135.781 56657.61040059  1.10  49.693183  53.460674  3.893 -100.00 -100.00 -100.00
 202   136.908 56657.61040118  0.02  49.696067  53.458681  3.143 -100.00 -100.00 -100.00
 203   130.879 56667.52604664  0.09  49.684066  53.464477  4.698 -100.00 -100.00 -100.00
 203    98.649 56667.52604723  6.14  49.686951  53.462484 10.159 -100.00 -100.00 -100.00
 203   105.037 56667.52604782  2.55  49.689835  53.460491  6.723 -100.00 -100.00 -100.00
 203   119.798 56667.52604841  4.35  49.692719  53.458498  6.532 -100.00 -100.00 -100.00
 204   125.341 56677.44169178  2.62  49.684133  53.464405  4.232 -100.00 -100.00 -100.00
 204   115.798 56677.44169237  6.14  49.687017  53.462412  7.707 -100.00 -100.00 -100.00
 204   127.823 56677.44169296  0.51  49.689901  53.460420  3.481 -100.00 -100.00 -100.00
 204   127.811 56677.44169355  1.73  49.692785  53.458426  4.789 -100.00 -100.00 -100.00
 205   125.363 56687.35733585  2.70  49.685797  53.464938  3.213 -100.00 -100.00 -100.00
 205   124.610 56687.35733644  2.22  49.688682  53.462945  3.288 -100.00 -100.00 -100.00
 205    98.112 56687.35733703  7.11  49.691566  53.460952 11.136 -100.00 -100.00 -100.00
 205    98.646 56687.35733762  6.19  49.694450  53.458959 10.563 -100.00 -100.00 -100.00
 206   124.918 56697.27297823  3.70  49.689612  53.464398  3.831 -100.00 -100.00 -100.00
 206   124.245 56697.27297882  2.70  49.692496  53.462405  3.986 -100.00 -100.00 -100.00
 206   110.579 56697.27297941  8.89  49.695380  53.460412 12.684 -100.00 -100.00 -100.00
 206   122.637 56697.27298000  1.44  49.698263  53.458419  2.460 -100.00 -100.00 -100.00
 207   125.771 56707.18861565  6.12  49.691541  53.465021  3.907 -100.00 -100.00 -100.00
 207   124.195 56707.18861624  5.37  49.694425  53.463028  3.578 -100.00 -100.00 -100.00
 207   111.897 56707.18861683  5.06  49.697309  53.461035  3.043 -100.00 -100.00 -100.00
 207   122.434 56707.18861743  4.96  49.700193  53.459042  3.370 -100.00 -100.00 -100.00
 207   114.899 56707.18862097  2.84  49.717488  53.447084  3.593 -100.00 -100.00 -100.00
 207   113.776 56707.18862156  2.65  49.720369  53.445090  3.507 -100.00 -100.00 -100.00
 207   112.580 56707.18862215  2.32  49.723250  53.443097  3.159  250.30  247.60  240.55
 207   111.212 56707.18862274  1.97  49.726131  53.441103  3.317  250.30  247.60  240.55
 208   102.726 56717.10425122  6.81  49.691718  53.465730  3.767 -100.00 -100.00 -100.00
 208   103.272 56717.10425181  6.64  49.694603  53.463737  3.716 -100.00 -100.00 -100.00
 208   101.387 56717.10425240  6.05  49.697487  53.461745  3.281 -100.00 -100.00 -100.00
 208    99.400 56717.10425299  6.09  49.700370  53.459752  4.700 -100.00 -100.00 -100.00
 208    93.164 56717.10425653  5.97  49.717666  53.447794  4.086  244.78  241.42  232.98
 208    95.002 56717.10425712  5.02  49.720547  53.445801  3.868  244.78  241.42  232.98
 208    95.343 56717.10425771  5.34  49.723429  53.443807  3.822  244.78  241.42  232.98
 208    96.621 56717.10425830  4.76  49.726310  53.441814  3.090  244.78  241.42  232.98
 209    30.108 56727.01990411 17.05  49.687819  53.465006 11.262 -100.00 -100.00 -100.00
 209    30.049 56727.01990470 17.54  49.690703  53.463013 12.050 -100.00 -100.00 -100.00
 209    29.711 56727.01990529 20.08  49.693587  53.461020 19.483 -100.00 -100.00 -100.00
 209    29.747 56727.01990588 19.93  49.696470  53.459028 18.185 -100.00 -100.00 -100.00
 209    30.100 56727.01990942 17.04  49.713765  53.447070 11.714  247.32  244.19  232.42
 209    30.034 56727.01991001 17.06  49.716646  53.445077 11.280  247.32  244.19  232.42
 209    29.966 56727.01991060 16.92  49.719527  53.443083 10.706  247.32  244.19  232.42
 209    29.892 56727.01991119 16.40  49.722408  53.441090  9.786  247.32  244.19  232.42
 210    97.252 56736.93555327  5.40  49.687568  53.463946  9.561 -100.00 -100.00 -100.00
 210   126.780 56736.93555386  0.24  49.690451  53.461953  2.883 -100.00 -100.00 -100.00
 210   111.473 56736.93555446  5.70  49.693335  53.459960 10.577 -100.00 -100.00 -100.00
 210   113.079 56736.93555505  8.24  49.696218  53.457967 14.037 -100.00 -100.00 -100.00
 212   117.033 56756.76683970  5.60  49.690923  53.465762 10.108 -100.00 -100.00 -100.00
 212   105.950 56756.76684029  4.87  49.693807  53.463769  8.563 -100.00 -100.00 -100.00
 212   109.802 56756.76684088  2.80  49.696690  53.461776  6.842 -100.00 -100.00 -100.00
 212    95.873 56756.76684147  8.97  49.699573  53.459783 16.397 -100.00 -100.00 -100.00
 213    29.282 56766.68248138 52.28  49.725097  53.445185  1.606  253.67  254.66  256.27
 213    29.227 56766.68248197 52.31  49.727978  53.443191  5.355  253.67  254.66  256.27
 214    33.187 56776.59812286 35.64  49.721443  53.447196   -100  259.34  261.17  262.19
 214    32.936 56776.59812345 33.16  49.724325  53.445203   -100  259.34  261.17  262.19
 214    33.105 56776.59812404 28.53  49.727206  53.443209 23.951  259.34  261.17  262.19
 215    32.716 56786.51377897 48.70  49.717075  53.446165   -100  265.60  267.50  268.35
 215    32.716 56786.51377956 49.64  49.719956  53.444171   -100  265.60  267.50  268.35
 215    32.781 56786.51378015 49.91  49.722838  53.442177   -100  265.60  267.50  268.35
 216    31.187 56796.42943212 52.64  49.716125  53.443789   -100  271.26  272.13  272.57
 216    31.295 56796.42943271 51.56  49.719006  53.441795   -100  271.26  272.13  272.57
 220    30.986 56836.09198916 31.23  49.685986  53.464536 25.708 -100.00 -100.00 -100.00
 220    30.947 56836.09198975 28.06  49.688870  53.462543 21.655 -100.00 -100.00 -100.00
 220    29.574 56836.09199034 26.80  49.691754  53.460551 16.916 -100.00 -100.00 -100.00
 220    28.740 56836.09199093 32.95  49.694637  53.458558   -100 -100.00 -100.00 -100.00
 220    28.796 56836.09199447 32.53  49.711933  53.446600   -100  264.31  266.33  264.44
 220    28.759 56836.09199506 32.67  49.714814  53.444607   -100  264.31  266.33  264.44
 220    28.770 56836.09199565 31.89  49.717695  53.442614   -100  264.31  266.33  264.44
 220    28.774 56836.09199624 32.06  49.720576  53.440620   -100  264.31  266.33  264.44
 221    29.441 56846.00762749 46.96  49.721235  53.442769   -100  264.65  266.37  263.98
 221    29.405 56846.00762808 46.09  49.724116  53.440776   -100  264.65  266.37  263.98
 225    28.707 56885.67022971 30.19  49.717477  53.442847 31.788  273.94  277.22  274.31
 225    28.666 56885.67023030 28.31  49.720358  53.440853 25.687  273.94  277.22  274.31
 226   102.989 56895.58586912  6.79  49.682843  53.465063  5.099 -100.00 -100.00 -100.00
 226   124.393 56895.58586971  5.80  49.685727  53.463070  4.145 -100.00 -100.00 -100.00
 226   103.108 56895.58587030  5.81  49.688612  53.461077  4.790 -100.00 -100.00 -100.00
 226   102.116 56895.58587089  5.42  49.691496  53.459084  4.011 -100.00 -100.00 -100.00
 226   100.642 56895.58587148  5.35  49.694379  53.457091  5.651 -100.00 -100.00 -100.00
 226   114.859 56895.58587502  3.03  49.711675  53.445131  4.202  264.06  268.44  263.84
 226   115.333 56895.58587561  3.39  49.714557  53.443137  5.363  264.06  268.44  263.84
 226   115.397 56895.58587620  4.44  49.717438  53.441143  7.909  264.06  268.44  263.84
 228    29.570 56915.41715979 25.09  49.714209  53.444510 12.827  266.90  270.12  268.76
 228    29.567 56915.41716038 23.47  49.717091  53.442516  8.890  266.90  270.12  268.76
 228    29.427 56915.41716097 23.90  49.719972  53.440522 10.471  266.90  270.12  268.76
 233   125.679 56964.99536158  1.17  49.689915  53.464829  3.275  247.79  249.82  251.17
 233   126.338 56964.99536217  1.39  49.692799  53.462836  4.245  247.79  249.82  251.17
 233   124.840 56964.99536276  1.25  49.695683  53.460843  3.987  247.79  249.82  251.17
 233   124.583 56964.99536335  0.98  49.698566  53.458850  4.058  247.79  249.82  251.17
 234   125.137 56974.91100672  1.50  49.690477  53.463904  3.371  248.59  250.62  251.75
 234   129.631 56974.91100731  0.78  49.693361  53.461911  3.061  248.59  250.62  251.75
 234   123.676 56974.91100791  0.75  49.696244  53.459918  3.397  248.59  250.62  251.75
 234   129.603 56974.91100850  0.72  49.699128  53.457925  3.502  248.59  250.62  251.75
 235    32.283 56984.82664707 25.20  49.691464  53.464934 12.934 -100.00 -100.00 -100.00
 235    32.030 56984.82664766 26.59  49.694348  53.462941 12.553 -100.00 -100.00 -100.00
 235    29.302 56984.82664825 27.55  49.697232  53.460948 17.461 -100.00 -100.00 -100.00
 235    28.868 56984.82664884 28.40  49.700115  53.458955 19.441 -100.00 -100.00 -100.00
 235    28.660 56984.82665238 35.10  49.717410  53.446994   -100 -100.00 -100.00 -100.00
 235    28.675 56984.82665297 33.94  49.720291  53.445001   -100 -100.00 -100.00 -100.00
 235    28.263 56984.82665356 37.40  49.723172  53.443007 10.080 -100.00 -100.00 -100.00
 235    28.331 56984.82665415 32.90  49.726053  53.441013   -100  246.51  245.46  247.10
 236    29.556 56994.74228245 26.81  49.694272  53.465181 17.617 -100.00 -100.00 -100.00
 236    29.292 56994.74228304 26.55  49.697156  53.463188 18.664 -100.00 -100.00 -100.00
 236    29.282 56994.74228363 27.85  49.700040  53.461195 19.401  250.63  249.79  250.33
 236    28.656 56994.74228422 30.34  49.702924  53.459202 26.630  250.63  249.79  250.33
 236    28.949 56994.74228777 27.40  49.720219  53.447242 20.321  250.63  249.79  250.33
 236    28.725 56994.74228836 27.84  49.723101  53.445248 21.709  250.63  249.79  250.33
 236    28.285 56994.74228895 31.35  49.725982  53.443254   -100  250.63  249.79  250.33
 236    28.325 56994.74228954 29.31  49.728863  53.441260 28.283  250.63  249.79  250.33
 237    77.567 57004.65792228  9.18  49.693178  53.465290 13.135  248.89  250.93  250.98
 237    75.998 57004.65792287  7.45  49.696063  53.463297  9.938  248.89  250.93  250.98
 237    74.935 57004.65792346  6.50  49.698947  53.461304  8.737  248.89  250.93  250.98
 237    72.369 57004.65792405  7.91  49.701831  53.459311 13.406  248.89  250.93  250.98
 238   124.574 57014.57357754  2.19  49.687975  53.463775  3.481 -100.00 -100.00 -100.00
 238   112.169 57014.57357813  2.22  49.690860  53.461783  4.576 -100.00 -100.00 -100.00
 238   123.148 57014.57357872  1.17  49.693744  53.459790  3.256  243.98  243.28  240.70
 238   123.539 57014.57357931  0.83  49.696628  53.457797  3.039  243.98  243.28  240.70
 239   124.229 57024.48922802  1.73  49.684052  53.464181  3.452  247.52  247.29  244.33
 239   126.266 57024.48922861  1.35  49.686937  53.462188  4.616  247.52  247.29  244.33
 239   128.024 57024.48922920  0.43  49.689821  53.460195  3.096  247.52  247.29  244.33
 239   128.134 57024.48922979  0.33  49.692705  53.458202  3.658  247.52  247.29  244.33
 241   130.807 57044.32052311  2.40  49.687739  53.465810  3.831 -100.00 -100.00 -100.00
 241   130.754 57044.32052370  0.87  49.690623  53.463817  2.623  241.24  237.48  232.61
 241   130.926 57044.32052429  0.00  49.693507  53.461824  2.424  241.24  237.48  232.61
 242   125.749 57054.23616685  3.95  49.689587  53.465848  3.504 -100.00 -100.00 -100.00
 242   127.893 57054.23616744  2.84  49.692471  53.463855  2.919 -100.00 -100.00 -100.00
 242   128.236 57054.23616803  2.37  49.695355  53.461863  2.788  242.91  241.33  235.78
 242   128.720 57054.23616862  1.82  49.698239  53.459870  2.891  242.91  241.33  235.78
 242   131.411 57054.23617217  0.04  49.715534  53.447910  3.075  242.91  241.33  235.78
 243   150.820 57064.15180583  0.99  49.689806  53.465179  2.181 -100.00 -100.00 -100.00
 243   153.575 57064.15180642  0.81  49.692690  53.463187  2.015 -100.00 -100.00 -100.00
 243   156.948 57064.15180701  0.74  49.695574  53.461194  1.916  236.96  235.26  231.66
 243   160.384 57064.15180760  0.56  49.698457  53.459201  1.822  236.96  235.26  231.66
 243   178.970 57064.15181115  0.15  49.715752  53.447242  1.962  236.96  235.26  231.66
 243   181.423 57064.15181174  0.29  49.718634  53.445249  2.094  236.96  235.26  231.66
 244   151.187 57074.06744005  0.28  49.691479  53.464111  1.884  240.93  241.45  238.42
 244   157.249 57074.06744123  0.17  49.697247  53.460126  1.950  240.93  241.45  238.42
 245   130.885 57083.98307006  3.06  49.692540  53.466371  2.730 -100.00 -100.00 -100.00
 245   131.336 57083.98307065  3.74  49.695424  53.464378  2.781 -100.00 -100.00 -100.00
 245   132.097 57083.98307124  3.08  49.698308  53.462386  3.105  238.03  235.46  229.65
 245   132.298 57083.98307183  3.15  49.701192  53.460393  3.551  238.03  235.46  229.65
 247   125.738 57103.81437842  5.56  49.695876  53.464819  3.607 -100.00 -100.00 -100.00
 247   124.791 57103.81437901  5.43  49.698760  53.462826  4.058 -100.00 -100.00 -100.00
 247   103.790 57103.81437960  5.27  49.701643  53.460833  3.996 -100.00 -100.00 -100.00
 247   101.676 57103.81438020  4.96  49.704526  53.458840  4.128 -100.00 -100.00 -100.00
 247   118.254 57103.81438374  2.44  49.721817  53.446880  3.919  251.54  253.16  255.21
 247   118.437 57103.81438433  1.64  49.724698  53.444886  4.133  251.54  253.16  255.21
 248    95.634 57113.73003044  8.61  49.692572  53.466488  6.166 -100.00 -100.00 -100.00
 248    98.649 57113.73003103  7.02  49.695456  53.464495  5.112 -100.00 -100.00 -100.00
 248   104.426 57113.73003162  5.73  49.698339  53.462502  4.166 -100.00 -100.00 -100.00
 248    96.758 57113.73003221  6.35  49.701222  53.460509  5.592 -100.00 -100.00 -100.00
 248   104.914 57113.73003634  4.71  49.721397  53.446555  5.279 -100.00 -100.00 -100.00
 248    98.260 57113.73003693  2.13  49.724277  53.444562  4.024 -100.00 -100.00 -100.00
 248    78.360 57113.73003752  4.15  49.727158  53.442568  7.813 -100.00 -100.00 -100.00
 249   126.196 57123.64567684  2.63  49.690671  53.465928  3.119 -100.00 -100.00 -100.00
 249   125.490 57123.64567743  2.36  49.693555  53.463935  3.327 -100.00 -100.00 -100.00
 249   126.057 57123.64567802  1.61  49.696439  53.461942  2.993 -100.00 -100.00 -100.00
 249   125.062 57123.64567861  1.31  49.699322  53.459949  3.073 -100.00 -100.00 -100.00
 250   101.257 57133.56131834  3.58  49.690531  53.463873  7.550  248.41  251.48  253.83
 250   118.827 57133.56131893  2.95  49.693415  53.461881  6.281  248.41  251.48  253.83
 250   121.138 57133.56131952  3.59  49.696299  53.459888  6.894  248.41  251.48  253.83
 251   128.423 57143.47695469  0.42  49.689051  53.465149  2.875 -100.00 -100.00 -100.00
 251   127.813 57143.47695528  0.49  49.691935  53.463157  3.164 -100.00 -100.00 -100.00
 252    31.259 57153.39259470 34.17  49.720552  53.446261 16.956  267.66  269.36  269.94
 252    31.044 57153.39259529 33.24  49.723434  53.444267 13.594  267.66  269.36  269.94
 252    30.625 57153.39259588 32.72  49.726315  53.442273 13.865  267.66  269.36  269.94
 254    30.417 57173.22388677 22.65  49.721917  53.445926 17.621  273.75  275.75  273.62
 254    30.224 57173.22388736 22.93  49.724798  53.443932 20.145  273.75  275.75  273.62
 254    30.004 57173.22388795 22.54  49.727679  53.441938 19.556  273.75  275.75  273.62
 255    29.934 57183.13954108 54.38  49.720190  53.443154   -100  265.35  265.38  264.45
 255    29.893 57183.13954167 54.39  49.723071  53.441161   -100  265.35  265.38  264.45
 256    29.137 57193.05519079 24.89  49.715365  53.442630 24.505  271.31  273.50  270.95
 256    28.765 57193.05519138 24.14  49.718245  53.440637 23.801  271.31  273.50  270.95
 259    29.877 57222.80211507 44.41  49.715680  53.446672   -100  260.89  262.50  261.75
 259    29.988 57222.80211566 40.67  49.718561  53.444679   -100  260.89  262.50  261.75
 259    29.862 57222.80211625 41.16  49.721442  53.442685   -100  260.89  262.50  261.75
 260    29.580 57232.71775758 39.64  49.720131  53.445776   -100  271.27  274.14  271.88
 260    29.513 57232.71775817 35.07  49.723012  53.443782 29.885  271.27  274.14  271.88
 260    29.385 57232.71775876 34.59  49.725893  53.441789 31.303  271.27  274.14  271.88
 263    29.456 57262.46466924 26.95  49.723595  53.443961 10.882  274.60  276.60  275.32
 263    29.390 57262.46466984 24.82  49.726476  53.441967  7.160  274.60  276.60  275.32
 265    29.077 57282.29596237 39.46  49.728383  53.445302 13.554  270.46  271.61  271.50
 265    29.260 57282.29596296 39.09  49.731264  53.443308   -100  270.46  271.61  271.50
 266    28.949 57292.21161710 27.24  49.725800  53.445980 30.578  267.51  269.70  268.97
 266    28.883 57292.21161769 26.46  49.728681  53.443986 26.269  267.51  269.70  268.97
 266    28.819 57292.21161828 22.70  49.731562  53.441992 13.620  267.51  269.70  268.97
 267   126.312 57302.12726239  4.74  49.691274  53.466247  4.196 -100.00 -100.00 -100.00
 267   125.769 57302.12726298  6.01  49.694158  53.464254  4.962 -100.00 -100.00 -100.00
 267   124.472 57302.12726357  4.38  49.697042  53.462261  4.142 -100.00 -100.00 -100.00
 267   123.904 57302.12726416  3.25  49.699926  53.460268  3.398 -100.00 -100.00 -100.00
 268   125.297 57312.04291010  2.45  49.686819  53.465094  3.658 -100.00 -100.00 -100.00
 268   124.985 57312.04291069  2.49  49.689704  53.463101  3.518 -100.00 -100.00 -100.00
 268   124.132 57312.04291128  1.28  49.692588  53.461108  3.230 -100.00 -100.00 -100.00
 268   127.033 57312.04291187  0.95  49.695471  53.459115  3.524 -100.00 -100.00 -100.00
 269   131.143 57321.95855464  2.63  49.684762  53.463948  3.401 -100.00 -100.00 -100.00
 269   130.901 57321.95855523  2.48  49.687646  53.461956  3.428 -100.00 -100.00 -100.00
 269   129.858 57321.95855582  1.58  49.690530  53.459963  3.536 -100.00 -100.00 -100.00
 269   129.425 57321.95855641  1.36  49.693413  53.457970  3.471 -100.00 -100.00 -100.00
 270   125.136 57331.87419661  5.21  49.684308  53.465019  4.319 -100.00 -100.00 -100.00
 270   123.987 57331.87419720  5.35  49.687192  53.463026  4.372 -100.00 -100.00 -100.00
 270   123.251 57331.87419779  5.38  49.690076  53.461033  5.313 -100.00 -100.00 -100.00
 270   122.659 57331.87419838  4.12  49.692960  53.459040  4.436 -100.00 -100.00 -100.00
 271    28.881 57341.78984368 21.98  49.720888  53.442782 20.857  247.01  247.09  248.46
 271    28.783 57341.78984427 19.37  49.723769  53.440788 14.799  247.01  247.09  248.46
 272   125.482 57351.70548809  4.30  49.686483  53.465580  4.273 -100.00 -100.00 -100.00
 272   125.030 57351.70548868  4.30  49.689367  53.463587  4.425 -100.00 -100.00 -100.00
 272   123.929 57351.70548927  3.19  49.692251  53.461593  4.567 -100.00 -100.00 -100.00
 272   123.113 57351.70548986  2.15  49.695135  53.459600  3.288 -100.00 -100.00 -100.00
 272   127.321 57351.70549458  1.02  49.718195  53.443652  6.266  241.89  245.19  246.21
 273   126.883 57361.62113242  0.98  49.685073  53.465070  3.485 -100.00 -100.00 -100.00
 273   125.030 57361.62113301  1.49  49.687958  53.463077  4.495 -100.00 -100.00 -100.00
 273   123.255 57361.62113360  2.67  49.690842  53.461084  6.279 -100.00 -100.00 -100.00
 273   123.239 57361.62113419  1.27  49.693726  53.459091  3.843 -100.00 -100.00 -100.00
 275   131.535 57381.45241298  1.08  49.683590  53.464554  3.606 -100.00 -100.00 -100.00
 275   130.847 57381.45241357  0.65  49.686474  53.462561  3.819 -100.00 -100.00 -100.00
 275   130.134 57381.45241416  1.27  49.689359  53.460568  4.368 -100.00 -100.00 -100.00
 275   129.316 57381.45241475  2.77  49.692243  53.458575  7.981 -100.00 -100.00 -100.00
 278   125.661 57411.19933245  1.91  49.698885  53.465232  3.466 -100.00 -100.00 -100.00
 278   125.288 57411.19933304  0.84  49.701769  53.463239  2.515 -100.00 -100.00 -100.00
 279   136.341 57421.11498442  2.25  49.694717  53.464815  4.146 -100.00 -100.00 -100.00
 279   138.031 57421.11498501  1.38  49.697601  53.462822  3.508 -100.00 -100.00 -100.00
 279   139.339 57421.11498560  0.81  49.700485  53.460829  3.184 -100.00 -100.00 -100.00
 279   140.881 57421.11498619  0.64  49.703368  53.458836  2.965 -100.00 -100.00 -100.00
 280   128.486 57431.03063345  1.65  49.689062  53.465043  2.691 -100.00 -100.00 -100.00
 280   128.126 57431.03063404  2.60  49.691946  53.463050  3.256 -100.00 -100.00 -100.00
 280   128.876 57431.03063463  1.64  49.694829  53.461057  2.600 -100.00 -100.00 -100.00
 280   125.948 57431.03063522  1.80  49.697713  53.459064  4.869 -100.00 -100.00 -100.00
 281   136.576 57440.94628096  3.74  49.688110  53.464390  3.676 -100.00 -100.00 -100.00
 281   137.154 57440.94628155  3.22  49.690993  53.462397  3.847 -100.00 -100.00 -100.00
 281   137.990 57440.94628214  2.98  49.693877  53.460404  3.779 -100.00 -100.00 -100.00
 281   139.576 57440.94628273  1.24  49.696760  53.458411  2.865 -100.00 -100.00 -100.00
 282   103.186 57450.86192742  8.28  49.689355  53.465431  4.362 -100.00 -100.00 -100.00
 282   124.510 57450.86192801  7.52  49.692239  53.463438  3.779 -100.00 -100.00 -100.00
 282   102.664 57450.86192860  7.17  49.695123  53.461446  3.124 -100.00 -100.00 -100.00
 282   108.875 57450.86192919  6.80  49.698006  53.459453  3.283 -100.00 -100.00 -100.00
 282   115.714 57450.86193273  5.28  49.715299  53.447493  3.392  252.18  252.98  251.60
 282   114.553 57450.86193332  5.14  49.718180  53.445500  3.640  252.18  252.98  251.60
 282   113.125 57450.86193391  4.91  49.721061  53.443506  4.222  252.18  252.98  251.60
 282   114.387 57450.86193450  3.76  49.723942  53.441512  3.175  252.18  252.98  251.60
 283   106.036 57460.77757278 16.85  49.693414  53.465053 18.034 -100.00 -100.00 -100.00
 283   103.535 57460.77757337 20.09  49.696298  53.463060 18.370 -100.00 -100.00 -100.00
 283    98.406 57460.77757396 21.02  49.699181  53.461067 22.300 -100.00 -100.00 -100.00
 283    77.622 57460.77757455 19.68  49.702064  53.459074   -100 -100.00 -100.00 -100.00
 283   103.476 57460.77757809 15.13  49.719357  53.447114  7.112 -100.00 -100.00 -100.00
 283    71.460 57460.77757868 21.23  49.722238  53.445120 14.714 -100.00 -100.00 -100.00
 283   105.722 57460.77757928 25.54  49.725118  53.443126 12.775  247.94  240.63  228.86
 283    71.409 57460.77757987 29.69  49.727999  53.441133   -100  247.94  240.63  228.86
 284   103.512 57470.69321422  4.84  49.694214  53.466254  4.410 -100.00 -100.00 -100.00
 284   105.306 57470.69321481  4.50  49.697098  53.464261  4.034 -100.00 -100.00 -100.00
 284   101.396 57470.69321540  3.62  49.699982  53.462268  3.591 -100.00 -100.00 -100.00
 284    98.823 57470.69321599  4.49  49.702865  53.460275  5.037 -100.00 -100.00 -100.00
 284   117.150 57470.69322012  1.34  49.723040  53.446321  4.142 -100.00 -100.00 -100.00
 285   127.241 57480.60885163  5.08  49.693284  53.466697  3.193 -100.00 -100.00 -100.00
 285   126.149 57480.60885222  5.96  49.696168  53.464704  5.290 -100.00 -100.00 -100.00
 285   125.295 57480.60885281  3.96  49.699052  53.462711  3.645 -100.00 -100.00 -100.00
 285   124.263 57480.60885340  3.92  49.701935  53.460718  3.102 -100.00 -100.00 -100.00
 288    34.941 57510.35577107 33.89  49.721945  53.446356   -100  258.43  261.65  262.86
 288    34.856 57510.35577166 31.46  49.724826  53.444362   -100  258.43  261.65  262.86
 288    35.039 57510.35577225 29.13  49.727708  53.442369 27.417  258.43  261.65  262.86
 290   125.283 57530.18707448  1.74  49.691641  53.464473  4.007 -100.00 -100.00 -100.00
 290   128.798 57530.18707507  0.68  49.694525  53.462480  3.762  258.11  261.11  260.15
 290   120.126 57530.18707566  1.32  49.697409  53.460487  3.955  258.11  261.11  260.15
 290   127.928 57530.18707625  0.92  49.700292  53.458494  3.410  258.11  261.11  260.15
 297   125.868 57599.59658951  2.99  49.691521  53.465449  4.220 -100.00 -100.00 -100.00
 297    99.850 57599.59659010  4.54  49.694405  53.463456  7.583 -100.00 -100.00 -100.00
 297    99.064 57599.59659069  3.00  49.697289  53.461463  4.665 -100.00 -100.00 -100.00
 297   123.437 57599.59659128  1.63  49.700173  53.459470  4.044 -100.00 -100.00 -100.00
