-261135.418   -15.030     0.00    0.00
-260846.368   -15.030     0.00    0.00
-260557.295   -15.030     0.00    0.00
-260268.198   -15.030     0.00    0.00
-259979.079   -15.030     0.00    0.00
-259689.937   -15.030     0.00    0.00
-259400.771   -15.030     0.00    0.00
-259111.583   -15.030     0.00    0.00
-258822.371   -15.030     0.00    0.00
-258533.137   -15.030     0.00    0.00
-258243.879   -15.030     0.00    0.00
-257954.598   -15.030     0.00    0.00
-257665.294   -15.030     0.00    0.00
-257375.967   -15.030     0.00    0.00
-257086.617   -15.030     0.00    0.00
-256797.244   -15.030     0.00    0.00
-256507.848   -15.030     0.00    0.00
-256218.429   -15.030     0.00    0.00
-255928.986   -15.030     0.00    0.00
-255639.520   -15.030     0.00    0.00
-255350.032   -15.030     0.00    0.00
-255060.520   -15.030     0.00    0.00
-254770.985   -15.030     0.00    0.00
-254481.427   -15.030     0.00    0.00
-254191.845   -15.030     0.00    0.00
-253906.966   -15.030     0.00    0.00
-253622.220   -15.030     0.00    0.00
-253337.452   -15.030     0.00    0.00
-253052.661   -15.030     0.00    0.00
-252767.848   -15.030     0.00    0.00
-252483.014   -15.030     0.00    0.00
-252198.157   -14.904     0.44    0.72
-251913.279   -14.460     1.56    1.61
-251628.378   -13.830     2.21    2.16
-251343.455   -13.148     2.39    2.55
-251058.510   -12.707     1.55    2.66
-250773.543   -12.320     1.36    2.65
-250488.554   -11.717     2.11    2.77
-250203.543   -10.927     2.77    2.90
-249918.510   -10.381     1.91    2.97
-249633.455    -9.834     1.92    3.06
-249348.378    -9.600     0.82    3.00
-249063.278    -8.672     3.25    4.80
-248778.157    -6.061     9.16    8.71
-248493.013    -3.225     9.94   11.63
-248207.847    -0.094    10.98   13.90
-247922.659     3.460    12.46   15.15
-247637.449     7.572    14.42   15.47
-247352.217    11.514    13.82   14.92
-247066.963    14.557    10.67   13.36
-246781.686    17.148     9.08   11.62
-246496.388    19.392     7.87    8.95
-246211.067    21.514     7.43    4.51
-245925.724    22.124     2.14    1.58
-245640.359    22.133     0.03    1.82
-245354.972    22.003    -0.45    2.01
-245069.562    21.837    -0.58    2.20
-244784.131    21.329    -1.78    2.37
-244498.677    20.872    -1.60    2.48
-244213.201    20.179    -2.43    2.45
-243927.703    19.326    -2.99    2.43
-243642.182    18.437    -3.11    2.29
-243356.640    17.438    -3.50    2.33
-243071.075    16.611    -2.89    2.56
-242785.488    15.883    -2.55    2.95
-242499.879    15.443    -1.54    3.53
-242214.247    15.523     0.28    3.70
-241928.593    16.160     2.23    3.58
-241642.917    16.741     2.03    3.50
-241357.219    17.672     3.26    3.03
-241071.499    18.680     3.53    2.59
-240785.756    19.818     3.98    2.52
-240499.991    21.189     4.80    2.92
-240214.204    22.599     4.93    3.57
-239928.394    24.098     5.24    3.70
-239642.562    25.562     5.12    3.80
-239356.708    27.307     6.11    3.57
-239070.832    28.675     4.79    3.19
-238784.933    29.793     3.91    2.96
-238499.012    30.981     4.15    2.75
-238213.069    32.153     4.10    2.57
-237927.103    33.321     4.08    2.38
-237641.115    34.293     3.40    1.94
-237355.105    34.927     2.22    1.64
-237069.072    35.190     0.92    1.54
-236783.017    35.215     0.09    1.46
-236496.940    35.203    -0.04    1.54
-236210.840    34.698    -1.77    1.83
-235924.718    34.133    -1.98    2.28
-235638.574    33.405    -2.54    2.62
-235352.407    32.248    -4.04    2.93
-235066.218    31.048    -4.19    3.43
-234780.007    29.379    -5.83    3.69
-234493.773    27.459    -6.70    3.80
-234207.517    25.619    -6.43    3.77
-233921.238    23.815    -6.30    3.99
-233634.937    21.717    -7.32    4.05
-233348.613    19.201    -8.79    4.84
-233062.268    16.615    -9.03    5.21
-232775.899    13.785    -9.88    5.49
-232489.509    11.557    -7.78    4.86
-232203.096     9.886    -5.83    3.81
-231916.660    10.139     0.88    5.35
-231630.202    13.056    10.18   10.32
-231343.722    18.583    19.29   15.17
-231057.219    24.481    20.58   16.71
-230770.694    29.626    17.95   15.97
-230484.146    34.220    16.03   13.87
-230197.576    38.391    14.55   10.58
-229910.983    41.688    11.50    7.67
-229624.368    43.400     5.97    6.69
-229337.730    44.417     3.55    5.52
-229051.070    45.595     4.11    4.53
-228764.387    47.065     5.13    3.25
-228477.682    48.433     4.77    3.16
-228190.954    49.648     4.24    3.27
-227904.204    50.686     3.62    3.42
-227617.432    51.460     2.70    3.53
-227330.637    52.615     4.03    3.05
-227043.819    53.669     3.67    2.86
-226756.979    54.798     3.94    2.78
-226470.116    55.637     2.92    2.72
-226183.230    56.633     3.47    2.60
-225896.323    57.417     2.73    2.34
-225609.392    58.259     2.93    2.08
-225322.439    58.881     2.17    1.72
-225035.464    59.514     2.20    1.73
-224748.466    60.003     1.70    1.64
-224461.445    60.351     1.21    1.55
-224174.402    60.759     1.42    1.55
-223887.336    60.905     0.51    1.48
-223600.247    60.744    -0.56    1.73
-223313.136    60.340    -1.41    1.97
-223026.003    59.603    -2.56    2.62
-222738.846    59.026    -2.01    2.99
-222451.667    59.046     0.07    3.07
-222164.466    59.209     0.57    3.20
-221877.242    60.110     3.14    3.12
-221589.995    60.781     2.34    2.99
-221302.726    61.870     3.79    2.51
-221015.434    62.669     2.78    2.28
-220728.119    63.121     1.57    2.12
-220440.782    63.396     0.96    1.98
-220153.422    63.734     1.18    2.22
-219866.039    63.959     0.79    2.22
-219578.633    64.239     0.97    2.24
-219291.205    64.408     0.59    2.16
-219003.755    64.400    -0.03    2.17
-218716.281    64.630     0.80    1.82
-218428.785    64.481    -0.52    1.87
-218141.266    63.887    -2.07    1.84
-217853.725    63.449    -1.52    1.86
-217566.161    62.970    -1.67    1.88
-217278.574    62.411    -1.94    1.91
-216990.964    61.843    -1.98    1.71
-216703.332    61.314    -1.84    1.41
-216415.677    60.919    -1.37    1.38
-216127.999    60.491    -1.48    1.28
-215840.298    60.228    -0.91    1.21
-215552.575    60.108    -0.42    1.21
-215264.829    60.199     0.32    1.53
-214977.060    60.149    -0.17    1.71
-214689.268    59.992    -0.55    1.84
-214401.454    59.566    -1.48    2.13
-214113.617    59.099    -1.62    2.38
-213825.757    58.602    -1.73    2.33
-213537.874    57.886    -2.49    1.88
-213249.968    57.271    -2.13    1.47
-212962.040    57.045    -0.79    1.35
-212674.089    57.088     0.15    1.35
-212386.115    57.025    -0.22    1.32
-212098.118    57.014    -0.04    1.31
-211810.098    57.215     0.70    1.36
-211522.056    57.318     0.36    1.46
-211233.990    57.383     0.23    1.45
-210945.902    57.217    -0.58    1.46
-210657.791    57.070    -0.51    1.48
-210369.657    56.970    -0.35    1.52
-210081.501    56.698    -0.94    1.60
-209793.321    56.253    -1.55    1.65
-209505.119    55.590    -2.30    2.00
-209216.893    54.759    -2.88    2.54
-208928.645    53.892    -3.01    2.81
-208640.374    52.744    -3.98    3.02
-208352.080    51.264    -5.14    2.94
-208063.763    49.992    -4.41    2.31
-207775.423    48.992    -3.47    2.13
-207487.061    48.209    -2.72    1.96
-207198.675    47.525    -2.37    1.69
-206910.266    46.949    -2.00    1.44
-206621.835    46.637    -1.08    1.24
-206333.380    46.403    -0.81    1.09
-206044.903    46.257    -0.51    1.06
-205756.403    46.198    -0.20    1.10
-205467.880    46.075    -0.43    1.10
-205179.333    46.067    -0.03    1.06
-204890.764    46.012    -0.19    1.08
-204602.172    45.938    -0.26    1.12
-204313.557    45.781    -0.54    1.11
-204024.919    45.623    -0.55    1.10
-203736.258    45.465    -0.55    1.06
-203447.574    45.422    -0.15    1.08
-203158.867    45.470     0.17    1.16
-202870.136    45.475     0.02    1.17
-202581.383    45.619     0.50    1.26
-202292.607    45.916     1.03    1.35
-202003.808    46.202     0.99    1.45
-201714.986    46.408     0.71    1.39
-201426.141    46.608     0.70    1.50
-201137.272    47.055     1.55    1.73
-200848.381    47.768     2.47    2.51
-200559.467    48.574     2.79    2.76
-200270.529    49.238     2.30    2.77
-199981.569    49.949     2.46    2.56
-199692.585    50.481     1.84    2.20
-199403.579    50.907     1.47    1.87
-199114.549    51.043     0.47    1.42
-198825.496    51.160     0.40    1.39
-198536.421    51.423     0.91    1.77
-198247.322    51.768     1.19    1.82
-197958.200    52.339     1.97    1.91
-197669.054    52.741     1.39    1.85
-197379.886    53.067     1.13    1.75
-197090.695    53.250     0.63    1.53
-196801.480    53.449     0.69    1.35
-196512.243    53.875     1.47    1.51
-196222.982    54.303     1.48    1.61
-195933.698    54.832     1.83    1.51
-195644.391    55.357     1.82    1.54
-195355.061    55.928     1.97    1.56
-195065.707    56.551     2.15    1.63
-194776.331    57.236     2.37    1.84
-194486.931    58.102     2.99    2.21
-194197.508    59.231     3.90    2.70
-193908.062    60.520     4.45    3.14
-193618.593    62.166     5.69    3.74
-193329.100    64.234     7.14    4.33
-193039.584    66.503     7.84    4.87
-192750.045    68.755     7.78    5.17
-192460.483    71.622     9.90    5.35
-192171.865    73.775     7.46    5.14
-191887.157    76.115     8.22    4.65
-191602.427    77.807     5.94    3.89
-191317.674    79.390     5.56    3.24
-191032.900    80.551     4.08    3.24
-190748.103    81.597     3.67    3.13
-190463.285    82.481     3.11    2.87
-190178.444    83.185     2.47    2.40
-189893.581    83.894     2.49    2.06
-189608.696    84.202     1.08    1.82
-189323.789    83.852    -1.23    2.44
-189038.860    83.140    -2.50    3.11
-188753.909    82.137    -3.52    3.61
-188468.935    81.116    -3.58    3.68
-188183.940    80.140    -3.42    3.55
-187898.922    79.438    -2.46    3.41
-187613.883    79.215    -0.78    3.83
-187328.821    79.595     1.33    4.46
-187043.737    80.381     2.76    4.89
-186758.631    81.809     5.01    5.03
-186473.502    83.244     5.03    5.18
-186188.352    84.545     4.56    5.10
-185903.179    85.368     2.89    4.69
-185617.984    86.185     2.86    4.50
-185332.767    86.415     0.80    4.00
-185047.528    86.024    -1.37    3.94
-184762.267    85.905    -0.42    4.06
-184476.983    85.633    -0.95    4.13
-184191.678    84.926    -2.48    4.30
-183906.350    84.557    -1.29    4.49
-183621.000    84.260    -1.04    4.57
-183335.627    84.131    -0.45    4.49
-183050.233    84.333     0.71    4.48
-182764.816    84.415     0.29    4.29
-182479.377    85.099     2.40    4.08
-182193.915    85.895     2.79    3.72
-181908.432    85.991     0.34    3.26
-181622.926    86.002     0.04    2.91
-181337.398    85.353    -2.27    3.02
-181051.848    84.293    -3.71    3.58
-180766.275    82.595    -5.94    3.95
-180480.680    80.268    -8.15    4.71
-180195.063    77.496    -9.70    5.74
-179909.424    73.908   -12.56    7.30
-179623.762    70.168   -13.09    8.97
-179338.078    65.704   -15.62    9.65
-179052.372    60.876   -16.90    9.60
-178766.643    56.545   -15.16    8.59
-178480.892    52.814   -13.05    7.05
-178195.119    50.228    -9.05    5.67
-177909.324    48.045    -7.64    4.44
-177623.506    46.579    -5.13    3.51
-177337.666    45.562    -3.56    2.66
-177051.803    44.698    -3.02    1.88
-176765.918    44.253    -1.56    1.61
-176480.011    43.792    -1.61    1.31
-176194.082    43.318    -1.66    1.82
-175908.130    42.372    -3.31    3.02
-175622.155    41.492    -3.08    3.43
-175336.159    38.459   -10.60    8.13
-175050.140    34.514   -13.79   10.72
-174764.098    29.938   -15.99   11.77
-174478.035    25.275   -16.30   11.10
-174191.948    21.895   -11.81    8.98
-173905.840    19.481    -8.44    6.36
-173619.709    18.715    -2.68    4.14
-173333.556    20.533     6.35    5.80
-173047.380    23.602    10.72    7.97
-172761.181    27.321    12.99    9.54
-172474.961    31.119    13.27    9.58
-172188.718    34.731    12.62    9.12
-171902.452    38.022    11.50    7.83
-171616.164    40.970    10.30    5.99
-171329.854    43.223     7.87    4.86
-171043.521    44.501     4.46    5.13
-170757.166    45.981     5.16    5.35
-170470.788    47.523     5.39    4.97
-170184.388    48.864     4.68    4.66
-169897.965    50.332     5.12    4.10
-169611.520    51.534     4.20    3.59
-169325.052    52.191     2.29    3.33
-169038.562    52.893     2.45    2.87
-168752.049    53.443     1.92    2.41
-168465.514    53.742     1.04    2.07
-168178.956    53.830     0.31    1.80
-167892.376    53.366    -1.62    1.86
-167605.773    52.981    -1.34    1.99
-167319.148    52.655    -1.14    2.05
-167032.500    52.311    -1.20    2.29
-166745.830    51.666    -2.25    2.55
-166459.137    50.926    -2.58    2.66
-166172.422    50.002    -3.22    2.70
-165885.684    49.079    -3.22    2.77
-165598.923    48.443    -2.22    2.71
-165312.140    47.608    -2.91    2.84
-165025.334    47.191    -1.45    2.97
-164738.506    46.390    -2.79    3.00
-164451.655    45.508    -3.07    3.50
-164164.782    44.970    -1.87    3.57
-163877.886    44.438    -1.85    3.74
-163590.967    44.512     0.26    3.23
-163304.026    44.522     0.04    3.05
-163017.062    44.725     0.71    2.69
-162730.076    45.130     1.41    2.16
-162443.067    45.012    -0.41    2.02
-162156.035    44.689    -1.12    2.09
-161868.981    44.241    -1.56    2.16
-161581.904    43.296    -3.29    2.49
-161294.804    42.438    -2.99    2.41
-161007.682    41.637    -2.79    2.43
-160720.537    40.707    -3.24    2.78
-160433.369    40.254    -1.58    3.13
-160146.179    39.423    -2.90    3.44
-159858.966    38.863    -1.95    3.31
-159571.730    38.981     0.41    3.32
-159284.472    39.111     0.45    3.40
-158997.191    39.581     1.64    3.88
-158709.888    40.164     2.03    4.37
-158422.561    41.228     3.70    5.06
-158135.212    42.546     4.59    5.25
-157847.840    43.959     4.92    5.46
-157560.446    44.948     3.44    5.41
-157273.029    46.353     4.89    5.27
-156985.589    47.514     4.04    5.00
-156698.126    48.826     4.56    4.32
-156410.641    50.144     4.59    3.31
-156123.132    51.209     3.70    2.77
-155835.601    52.204     3.46    2.18
-155548.048    52.915     2.47    2.20
-155260.471    53.264     1.21    2.19
-154972.872    53.540     0.96    2.20
-154685.250    53.873     1.16    2.07
-154397.605    54.023     0.52    1.98
-154109.938    53.960    -0.22    1.76
-153822.247    53.728    -0.80    1.66
-153534.534    53.626    -0.35    1.72
-153246.798    53.507    -0.41    1.82
-152959.039    53.212    -1.02    1.89
-152671.258    52.749    -1.61    2.22
-152383.453    52.145    -2.10    2.55
-152095.626    51.647    -1.73    2.62
-151807.776    51.289    -1.24    2.63
-151519.903    50.585    -2.45    2.91
-151232.007    49.803    -2.71    2.86
-150944.089    49.033    -2.68    2.77
-150656.147    48.570    -1.61    2.71
-150368.183    48.160    -1.43    2.60
-150080.196    47.370    -2.74    2.35
-149792.186    46.885    -1.68    2.17
-149504.153    46.591    -1.02    2.21
-149216.097    45.981    -2.12    2.19
-148928.018    45.438    -1.88    2.27
-148639.917    44.905    -1.85    2.56
-148351.792    44.239    -2.31    2.97
-148063.645    43.270    -3.36    3.57
-147775.474    42.626    -2.23    4.05
-147487.281    42.023    -2.09    4.40
-147199.065    41.329    -2.41    4.67
-146910.826    40.370    -3.33    4.88
-146622.564    39.688    -2.37    4.78
-146334.279    38.917    -2.67    4.53
-146045.971    38.307    -2.12    4.27
-145757.640    37.326    -3.40    3.99
-145469.286    35.895    -4.96    3.90
-145180.909    34.832    -3.69    3.91
-144892.510    33.768    -3.69    4.16
-144604.087    32.564    -4.18    4.15
-144315.641    31.454    -3.85    4.11
-144027.172    30.612    -2.92    4.12
-143738.681    30.066    -1.89    3.85
-143450.166    29.886    -0.62    3.66
-143161.628    29.823    -0.22    3.39
-142873.067    30.023     0.69    2.79
-142584.484    29.564    -1.59    2.74
-142295.877    29.023    -1.87    2.74
-142007.247    28.075    -3.28    2.87
-141718.594    26.731    -4.66    3.41
-141429.918    25.533    -4.15    3.72
-141141.219    24.130    -4.86    3.73
-140852.497    22.619    -5.23    3.76
-140563.752    21.574    -3.62    3.69
-140274.984    20.389    -4.11    3.70
-139986.193    19.539    -2.94    3.51
-139697.379    19.033    -1.75    3.54
-139408.542    19.002    -0.11    3.52
-139119.681    19.085     0.29    3.57
-138830.798    19.223     0.48    3.42
-138541.891    19.630     1.41    3.39
-138252.961    20.044     1.43    2.92
-137964.009    20.199     0.54    2.70
-137675.033    20.181    -0.06    2.43
-137386.034    19.843    -1.17    2.34
-137097.011    19.423    -1.45    2.37
-136807.966    18.704    -2.49    2.66
-136518.898    17.577    -3.90    2.86
-136229.806    16.300    -4.42    2.93
-135940.691    14.959    -4.64    2.88
-135651.553    13.809    -3.98    2.76
-135362.392    12.562    -4.31    2.67
-135073.208    11.190    -4.74    2.43
-134784.000     9.691    -5.18    2.74
-134494.770     8.594    -3.79    2.77
-134205.516     7.747    -2.93    2.63
-133916.239     7.307    -1.52    2.63
-133626.939     6.872    -1.50    2.77
-133337.615     6.572    -1.04    2.88
-133048.269     6.598     0.09    2.99
-132758.899     7.045     1.55    2.93
-132469.506     7.047     0.01    2.81
-132180.090     7.035    -0.04    2.64
-131890.650     7.279     0.84    2.60
-131601.187     7.916     2.20    2.93
-131311.702     8.981     3.68    3.16
-131022.192    10.357     4.75    2.88
-130732.660    11.683     4.58    2.80
-130443.104    12.833     3.97    3.06
-130155.555    14.035     4.18    3.19
-129870.846    15.183     4.03    3.28
-129586.115    16.470     4.52    3.61
-129301.362    17.981     5.30    3.70
-129016.587    19.528     5.43    3.68
-128731.790    21.147     5.68    3.55
-128446.970    22.033     3.11    3.12
-128162.129    22.366     1.17    2.76
-127877.265    22.094    -0.96    3.13
-127592.379    21.002    -3.83    3.51
-127307.471    19.449    -5.45    4.10
-127022.541    17.623    -6.41    4.33
-126737.589    16.256    -4.80    3.64
-126452.615    15.476    -2.74    2.94
-126167.618    15.428    -0.17    2.67
-125882.600    16.198     2.70    3.16
-125597.559    17.644     5.07    3.85
-125312.496    19.307     5.83    3.96
-125027.411    20.938     5.72    4.11
-124742.303    22.704     6.19    4.29
-124457.174    24.737     7.13    4.51
-124172.022    27.077     8.20    4.63
-123886.848    29.215     7.50    4.75
-123601.652    31.741     8.86    4.82
-123316.434    34.307     9.00    4.92
-123031.193    36.762     8.61    4.79
-122745.930    39.126     8.29    4.73
-122460.645    41.283     7.56    4.82
-122175.338    43.939     9.31    5.09
-121890.008    46.553     9.16    5.30
-121604.657    49.314     9.67    5.56
-121319.283    52.283    10.40    6.25
-121033.886    55.747    12.14    8.37
-120748.468    59.949    14.72   10.03
-120463.027    65.802    20.50   12.51
-120177.564    72.959    25.07   16.38
-119892.079    81.481    29.85   18.77
-119606.571    90.108    30.21   20.38
-119321.041    96.749    23.26   19.44
-119035.489   101.503    16.65   17.32
-118749.914   102.651     4.02   16.04
-118464.317    99.873    -9.73   16.22
-118178.698    95.577   -15.04   16.07
-117893.057    91.196   -15.33   15.85
-117607.393    85.981   -18.25   16.37
-117321.707    81.370   -16.14   16.67
-117035.999    78.460   -10.19   16.43
-116750.268    76.433    -7.09   16.45
-116464.515    76.001    -1.51   15.39
-116178.739    76.022     0.07   13.63
-115892.941    74.720    -4.56   11.92
-115607.121    72.491    -7.80   11.77
-115321.279    69.012   -12.17   13.73
-115035.414    62.970   -21.13   17.02
-114749.526    55.699   -25.43   18.86
-114463.617    48.054   -26.74   18.67
-114177.684    40.734   -25.60   16.46
-113891.730    33.675   -24.68   12.95
-113605.753    27.908   -20.17    8.95
-113319.754    24.411   -12.22    5.65
-113033.732    21.892    -8.80    4.17
-112747.688    19.832    -7.20    3.48
-112461.621    18.065    -6.18    3.77
-112175.532    17.068    -3.48    3.80
-111889.421    16.992    -0.27    3.79
-111603.287    16.970    -0.08    4.06
-111317.131    17.518     1.91    4.29
-111030.952    17.981     1.62    4.38
-110744.751    18.015     0.12    5.68
-110458.527    16.591    -4.97    8.56
-110172.281    13.938    -9.27   10.72
-109886.012     9.824   -14.37   11.94
-109599.721     5.960   -13.50   11.72
-109313.408     2.918   -10.62   10.38
-109027.072    -0.113   -10.59    7.71
-108740.713    -1.914    -6.29    4.58
-108454.332    -2.655    -2.59    1.19
-108167.928    -2.597     0.20    1.24
-107881.502    -2.509     0.31    1.41
-107595.054    -2.447     0.22    1.56
-107308.583    -2.419     0.09    1.60
-107022.089    -2.440    -0.07    1.65
-106735.573    -2.767    -1.14    1.65
-106449.034    -2.966    -0.70    1.54
-106162.473    -2.682     0.99    1.52
-105875.889    -2.455     0.79    1.56
-105589.282    -2.137     1.11    1.63
-105302.653    -1.783     1.24    1.72
-105016.002    -1.610     0.60    1.70
-104729.328    -1.328     0.99    1.56
-104442.631    -1.105     0.78    1.56
-104155.912    -0.965     0.49    1.58
-103869.170    -1.139    -0.61    1.70
-103582.406    -1.285    -0.51    1.91
-103295.618    -1.445    -0.56    2.23
-103008.809    -1.338     0.37    2.56
-102721.977    -1.072     0.93    3.37
-102435.122    -1.019     0.18    3.31
-102148.244    -0.648     1.29    3.64
-101861.344    -0.349     1.04    3.98
-101574.421    -0.020     1.15    3.86
-101287.476    -0.092    -0.25    3.44
-101000.508    -0.676    -2.03    2.59
-100713.517    -1.072    -1.38    2.66
-100426.503    -1.442    -1.29    2.42
-100139.467    -1.686    -0.85    2.27
 -99852.409    -2.288    -2.10    2.04
 -99565.327    -2.634    -1.21    2.11
 -99278.223    -2.842    -0.73    1.99
 -98991.096    -2.987    -0.50    1.85
 -98703.947    -3.306    -1.11    2.00
 -98416.775    -3.601    -1.03    1.98
 -98129.580    -3.775    -0.60    2.04
 -97842.362    -3.817    -0.15    2.19
 -97555.122    -3.933    -0.40    2.39
 -97267.859    -4.288    -1.24    2.73
 -96980.573    -4.349    -0.21    2.78
 -96693.264    -4.923    -2.00    3.24
 -96405.933    -5.858    -3.25    3.47
 -96118.579    -7.052    -4.15    3.27
 -95831.202    -7.509    -1.59    3.06
 -95543.803    -8.041    -1.85    3.01
 -95256.381    -8.105    -0.22    3.06
 -94968.935    -8.251    -0.51    3.05
 -94681.468    -7.988     0.92    3.06
 -94393.977    -7.728     0.90    3.04
 -94106.464    -7.384     1.20    2.90
 -93818.928    -6.717     2.32    2.91
 -93531.369    -5.926     2.75    3.12
 -93243.787    -5.143     2.72    3.10
 -92956.182    -4.356     2.74    2.98
 -92668.555    -4.457    -0.35    2.81
 -92380.905    -4.374     0.29    2.74
 -92093.232    -4.332     0.14    2.78
 -91805.536    -4.040     1.01    2.71
 -91517.817    -4.112    -0.25    2.69
 -91230.075    -4.217    -0.36    2.54
 -90942.311    -4.592    -1.30    2.14
 -90654.524    -4.934    -1.19    2.12
 -90366.714    -5.072    -0.48    2.13
 -90078.881    -5.546    -1.65    2.22
 -89791.025    -6.171    -2.17    2.32
 -89503.146    -6.519    -1.21    2.46
 -89215.245    -6.840    -1.12    2.55
 -88927.320    -7.008    -0.58    2.48
 -88639.373    -6.509     1.74    2.67
 -88351.402    -5.889     2.15    3.10
 -88063.409    -5.640     0.86    3.37
 -87775.393    -5.477     0.57    3.38
 -87487.354    -4.952     1.82    3.17
 -87199.292    -4.492     1.60    2.97
 -86911.207    -4.428     0.22    2.89
 -86623.099    -4.419     0.03    2.68
 -86334.969    -4.809    -1.35    2.95
 -86046.815    -6.318    -5.24    3.57
 -85758.638    -7.707    -4.82    4.05
 -85470.439    -9.249    -5.35    4.16
 -85182.216   -10.651    -4.87    3.94
 -84893.970   -11.926    -4.42    2.93
 -84605.702   -12.442    -1.79    2.24
 -84317.410   -11.030     4.90    4.41
 -84029.096    -9.488     5.35    5.18
 -83740.758    -8.322     4.05    5.31
 -83452.398    -7.665     2.28    5.21
 -83164.014    -7.112     1.92    5.06
 -82875.608    -6.597     1.79    5.08
 -82587.178    -6.988    -1.36    4.81
 -82298.726    -6.530     1.59    5.48
 -82010.250    -4.935     5.53    6.38
 -81721.752    -3.514     4.93    6.94
 -81433.230    -1.134     8.25    6.89
 -81144.685     0.820     6.77    5.84
 -80856.117     1.807     3.42    4.78
 -80567.527     2.174     1.27    4.62
 -80278.913     1.236    -3.25    5.54
 -79990.276    -0.729    -6.81    6.45
 -79701.616    -2.617    -6.54    6.52
 -79412.933    -3.860    -4.30    6.17
 -79124.227    -4.557    -2.41    6.06
 -78835.497    -3.480     3.73    6.45
 -78546.745    -1.828     5.72    6.69
 -78257.969    -0.398     4.95    6.91
 -77969.171     0.734     3.92    6.81
 -77680.349     2.069     4.62    7.84
 -77391.504     3.321     4.33    9.55
 -77102.636     3.391     0.24    9.17
 -76813.745     4.460     3.70    9.87
 -76524.831     5.075     2.13    9.84
 -76235.894     5.053    -0.08    8.60
 -75946.933     6.168     3.86    8.97
 -75657.949     6.939     2.67    9.50
 -75368.943     6.465    -1.64    9.20
 -75079.913     6.199    -0.92    8.76
 -74790.859     5.950    -0.86    8.32
 -74501.783     5.052    -3.11    6.80
 -74212.683     4.272    -2.70    4.89
 -73923.561     4.616     1.19    4.25
 -73634.415     5.878     4.37    5.92
 -73345.246     8.455     8.91    8.77
 -73056.053    12.314    13.34   11.55
 -72766.838    16.856    15.70   14.70
 -72477.599    20.491    12.57   16.88
 -72188.337    24.585    14.15   18.73
 -71899.051    28.616    13.93   19.38
 -71609.743    31.324     9.36   20.12
 -71320.411    33.220     6.55   19.93
 -71031.056    34.314     3.78   19.52
 -70741.678    34.672     1.24   18.89
 -70452.276    35.502     2.87   18.15
 -70162.852    35.673     0.59   17.21
 -69873.404    35.691     0.06   16.37
 -69583.932    35.949     0.89   15.98
 -69294.438    35.883    -0.23   14.99
 -69004.920    34.766    -3.86   14.15
 -68715.378    35.244     1.65   14.16
 -68425.814    36.271     3.55   13.61
 -68139.349    38.057     6.23   13.73
 -67854.652    39.250     4.19   13.84
 -67569.933    41.053     6.33   15.39
 -67285.191    43.501     8.60   16.38
 -67000.428    44.835     4.68   18.04
 -66715.643    43.249    -5.57   19.75
 -66430.835    40.053   -11.22   21.05
 -66146.005    33.887   -21.65   20.96
 -65861.153    26.772   -24.98   18.65
 -65576.279    20.460   -22.16   14.04
 -65291.383    16.867   -12.61    8.72
 -65006.465    16.296    -2.00    7.11
 -64721.524    19.612    11.64   11.15
 -64436.562    24.992    18.88   15.36
 -64151.577    33.422    29.58   18.77
 -63866.570    43.706    36.08   20.24
 -63581.541    53.777    35.33   19.60
 -63296.489    62.126    29.29   17.39
 -63011.416    70.153    28.15   14.47
 -62726.320    77.198    24.71   11.69
 -62441.202    82.444    18.40    9.32
 -62156.061    85.678    11.34    7.25
 -61870.899    87.528     6.49    5.82
 -61585.714    89.762     7.83    6.07
 -61300.507    93.491    13.07    8.80
 -61015.278    98.552    17.74   12.46
 -60730.027   104.805    21.92   14.36
 -60444.753   109.805    17.53   15.00
 -60159.457   112.647     9.96   14.48
 -59874.139   112.512    -0.47   14.38
 -59588.798   109.366   -11.02   14.57
 -59303.436   105.077   -15.03   14.51
 -59018.051    99.960   -17.93   13.98
 -58732.643    96.135   -13.40   11.35
 -58447.214    93.460    -9.37   11.59
 -58161.762    91.731    -6.06   12.49
 -57876.288    90.014    -6.01   14.58
 -57590.791    85.777   -14.84   17.04
 -57305.272    79.196   -23.05   18.26
 -57019.731    75.496   -12.96   17.48
 -56734.168    74.067    -5.01   17.50
 -56448.582    71.633    -8.52   17.22
 -56162.974    68.821    -9.85   17.67
 -55877.343    66.786    -7.12   17.77
 -55591.691    66.021    -2.68   16.78
 -55306.015    65.743    -0.97   14.93
 -55020.318    66.084     1.19   13.99
 -54734.598    69.042    10.36   14.99
 -54448.856    74.213    18.09   16.12
 -54163.091    77.991    13.22   14.94
 -53877.304    78.517     1.84   16.19
 -53591.495    76.960    -5.45   19.22
 -53305.663    72.265   -16.42   22.42
 -53019.809    66.349   -20.69   23.43
 -52733.932    60.927   -18.97   21.30
 -52448.034    56.546   -15.32   16.53
 -52162.112    54.747    -6.29   12.44
 -51876.168    55.619     3.05   11.50
 -51590.202    59.615    13.97   13.45
 -51304.214    66.470    23.97   15.78
 -51018.202    73.465    24.46   16.35
 -50732.169    80.502    24.60   15.50
 -50446.113    87.241    23.56   14.13
 -50160.035    93.746    22.74   13.60
 -49873.934    99.116    18.77   12.50
 -49587.810   104.556    19.01   11.42
 -49301.665   109.991    18.99   11.29
 -49015.496   115.603    19.61   11.48
 -48729.306   120.475    17.02   11.37
 -48443.092   125.537    17.68   10.80
 -48156.857   130.269    16.53   11.73
 -47870.598   135.751    19.15   14.39
 -47584.318   143.991    28.78   18.75
 -47298.014   156.370    43.24   25.72
 -47011.689   168.612    42.75   32.44
 -46725.340   188.770    70.39   44.87
 -46438.970   206.557    62.11   48.73
 -46152.576   222.680    56.29   47.48
 -45866.161   233.824    38.91   46.33
 -45579.722   246.002    42.51   45.69
 -45293.261   254.633    30.13   43.04
 -45006.778   256.781     7.50   44.29
 -44720.272   263.268    22.64   42.41
 -44433.743   267.918    16.23   40.25
 -44147.192   270.814    10.11   36.88
 -43860.618   269.001    -6.32   37.46
 -43574.022   267.878    -3.92   36.90
 -43287.403   272.231    15.18   38.80
 -43000.761   274.991     9.63   39.27
 -42714.097   277.166     7.59   39.98
 -42427.411   285.640    29.56   38.56
 -42140.701   294.021    29.23   31.08
 -41853.969   298.741    16.46   28.79
 -41567.215   302.836    14.28   28.87
 -41280.438   307.751    17.14   30.29
 -40993.638   310.043     7.99   30.54
 -40706.815   311.875     6.39   30.39
 -40419.970   318.400    22.75   25.82
 -40133.102   323.321    17.15   19.69
 -39846.212   320.981    -8.16   23.28
 -39559.299   318.715    -7.90   25.77
 -39272.363   315.508   -11.18   28.66
 -38985.405   311.800   -12.92   30.15
 -38698.424   306.023   -20.13   33.62
 -38411.420   305.519    -1.76   34.72
 -38124.394   299.465   -21.09   42.01
 -37837.344   290.725   -30.44   48.10
 -37550.273   281.848   -30.92   51.63
 -37263.178   270.331   -40.11   53.40
 -36976.061   259.022   -39.39   52.34
 -36688.921   252.418   -23.00   51.62
 -36401.758   246.574   -20.35   50.64
 -36114.573   241.327   -18.27   49.80
 -35827.364   241.293    -0.12   48.28
 -35540.134   244.434    10.94   47.48
 -35252.880   242.723    -5.96   45.59
 -34965.603   244.480     6.12   41.25
 -34678.304   245.114     2.21   40.39
 -34390.982   237.715   -25.75   41.62
 -34103.638   220.691   -59.25   43.84
 -33816.270   203.612   -59.43   42.72
 -33528.880   184.800   -65.46   37.90
 -33241.467   169.608   -52.85   33.39
 -32954.031   156.779   -44.63   29.59
 -32666.573   146.564   -35.53   27.15
 -32379.091   137.250   -32.40   23.22
 -32091.587   129.529   -26.85   20.76
 -31804.060   125.960   -12.41   20.42
 -31516.510   121.577   -15.24   17.21
 -31228.937   119.106    -8.59   14.90
 -30941.342   116.705    -8.35   12.06
 -30653.723   115.465    -4.31   10.84
 -30366.082   112.764    -9.39   12.59
 -30078.418   108.240   -15.73   16.81
 -29790.731   102.678   -19.33   21.21
 -29503.021    96.603   -21.12   24.97
 -29215.289    88.858   -26.92   27.99
 -28927.533    80.449   -29.22   29.43
 -28639.755    69.658   -37.50   29.07
 -28351.954    60.269   -32.62   26.72
 -28064.129    51.408   -30.79   23.85
 -27776.282    41.991   -32.71   22.95
 -27488.412    33.768   -28.57   23.55
 -27200.519    25.476   -28.80   23.38
 -26912.604    19.570   -20.51   22.65
 -26624.665    13.821   -19.97   20.22
 -26336.703     7.884   -20.62   14.54
 -26048.719     2.648   -18.18    6.31
 -25760.711     0.970    -5.82    2.95
 -25472.681     0.130    -2.92    0.92
 -25184.627    -0.030    -0.55    0.00
 -24896.551    -0.030     0.00    0.00
 -24608.452    -0.030     0.00    0.00
 -24320.330    -0.030     0.00    0.00
 -24032.184    -0.030     0.00    0.00
 -23744.016    -0.030     0.00    0.00
 -23455.825    -0.030     0.00    0.00
 -23167.611    -0.030     0.00    0.00
 -22879.374    -0.030     0.00    0.00
 -22591.113    -0.030     0.00    0.00
 -22302.830    -0.030     0.00    0.00
 -22014.524    -0.030     0.00    0.00
 -21726.195    -0.030     0.00    0.00
 -21437.843    -0.030     0.00    0.00
 -21149.467    -0.030     0.00    0.00
 -20861.069    -0.030     0.00    0.00
 -20572.648    -0.030     0.00    0.00
 -20284.203    -0.030     0.00    0.00
 -19995.736    -0.030     0.00    0.00
 -19707.245    -0.030     0.00    0.00
 -19418.732    -0.030     0.00    0.00
 -19130.195    -0.030     0.00    0.00
 -18841.635    -0.030     0.00    0.00
 -18553.053    -0.030     0.00    0.00
 -18264.447    -0.030     0.00    0.00
 -17975.818    -0.030     0.00    0.00
 -17687.166    -0.030     0.00    0.00
 -17398.490    -0.030     0.00    0.00
 -17109.792    -0.030     0.00    0.00
 -16821.071    -0.030     0.00    0.00
 -16532.326    -0.030     0.00    0.00
 -16243.559    -0.030     0.00    0.00
 -15954.768    -0.030     0.00    0.00
 -15665.954    -0.030     0.00    0.00
 -15377.117    -0.030     0.00    0.00
 -15088.256    -0.030     0.00    0.00
 -14799.373    -0.030     0.00    0.00
 -14510.466    -0.030     0.00    0.00
 -14221.537    -0.030     0.00    0.00
 -13932.584    -0.009     0.07    0.20
 -13643.608     0.286     1.02    1.06
 -13354.608     0.682     1.37    1.51
 -13065.586     1.259     2.00    2.14
 -12776.540     1.754     1.71    2.28
 -12487.471     2.310     1.93    2.54
 -12198.379     2.823     1.77    2.58
 -11909.264     3.412     2.04    2.62
 -11620.125     3.766     1.22    2.47
 -11330.964     4.130     1.26    2.24
 -11041.779     4.033    -0.34    2.04
 -10752.570     3.863    -0.59    1.41
 -10463.339     3.811    -0.18    1.54
 -10174.084     3.518    -1.01    1.74
  -9884.806     3.433    -0.29    2.05
  -9595.505     3.368    -0.23    2.25
  -9306.180     3.428     0.21    2.29
  -9016.833     3.718     1.00    2.22
  -8727.461     3.779     0.21    2.21
  -8438.067     3.802     0.08    2.15
  -8148.649     3.598    -0.70    2.25
  -7859.208     2.909    -2.38    2.32
  -7569.744     2.154    -2.61    2.30
  -7280.257     1.547    -2.09    2.28
  -6990.746     1.424    -0.43    3.17
  -6701.211     2.021     2.06    4.42
  -6411.654     2.582     1.94    5.11
  -6126.233     2.741     0.56    5.16
  -5841.545     2.540    -0.71    5.10
  -5556.835     2.658     0.41    5.17
  -5272.102     2.286    -1.31    4.91
  -4987.347     1.770    -1.81    4.31
  -4702.570     0.992    -2.73    3.02
  -4417.771     0.454    -1.89    1.24
  -4132.950     0.381    -0.26    1.06
  -3848.107     0.406     0.09    1.09
  -3563.241     0.385    -0.07    1.09
  -3278.354     0.279    -0.37    0.96
  -2993.444     0.098    -0.64    0.64
  -2708.512    -0.030    -0.45    0.00
  -2423.558    -0.030     0.00    0.00
  -2138.581    -0.030     0.00    0.00
  -1853.583    -0.030     0.00    0.00
  -1568.562    -0.030     0.00    0.00
  -1283.519    -0.030     0.00    0.00
   -998.454    -0.030     0.00    0.00
   -713.366    -0.030     0.00    0.00
   -428.257    -0.030     0.00    0.00
   -143.125    -0.030     0.00    0.00
    142.029    -0.030     0.00    0.00
    427.206    -0.030     0.00    0.00
    712.404    -0.030     0.00    0.00
    997.625    -0.030     0.00    0.00
   1282.868    -0.030     0.00    0.00
   1568.133     0.033     0.22    0.62
   1853.421     0.433     1.40    1.80
   2138.731     1.104     2.35    2.66
   2424.063     1.637     1.87    3.00
   2709.417     2.225     2.06    3.11
   2994.794     3.000     2.72    3.09
   3280.193     3.460     1.61    2.86
   3565.614     3.657     0.69    2.46
   3851.058     4.031     1.31    2.00
   4136.524     4.455     1.49    1.54
   4422.012     4.824     1.29    1.51
   4707.523     5.743     3.22    2.80
   4993.056     7.033     4.52    3.63
   5278.611     8.783     6.13    4.25
   5564.189    11.207     8.49    4.75
   5849.788    13.626     8.47    5.08
   6135.411    16.574    10.32    5.95
   6421.055    19.486    10.19    6.65
   6706.722    22.640    11.04    7.32
   6992.412    25.620    10.43    7.50
   7278.123    28.654    10.62    6.67
   7563.857    31.215     8.96    5.57
   7849.614    33.032     6.36    4.24
   8135.393    34.011     3.43    3.65
   8421.194    34.276     0.93    3.84
   8707.018    34.434     0.55    3.76
   8992.864    34.783     1.22    3.63
   9278.732    34.876     0.33    3.54
   9564.623    35.223     1.21    3.35
   9850.536    35.613     1.36    3.45
  10136.472    36.236     2.18    3.56
  10422.430    36.637     1.40    3.58
  10708.411    37.106     1.64    3.61
  10994.414    37.747     2.24    3.45
  11280.439    38.066     1.12    3.21
  11566.487    38.349     0.99    2.86
  11852.558    38.699     1.22    2.49
  12138.651    38.817     0.41    2.12
  12424.766    38.807    -0.04    1.84
  12710.904    38.793    -0.05    1.75
  12997.064    38.460    -1.16    1.87
  13283.247    37.766    -2.43    2.14
  13569.452    37.197    -1.99    2.19
  13855.680    36.647    -1.92    2.21
  14141.930    36.091    -1.94    2.17
  14428.203    35.506    -2.04    1.96
  14714.499    35.074    -1.51    1.70
  15000.816    34.795    -0.98    1.57
  15287.157    34.528    -0.93    1.48
  15573.520    34.360    -0.59    1.33
  15859.905    34.275    -0.29    1.14
  16146.313    34.162    -0.40    1.20
  16432.744    34.303     0.50    1.23
  16719.197    34.454     0.53    1.36
  17005.673    34.648     0.68    1.56
  17292.171    34.705     0.20    1.67
  17578.692    34.826     0.42    1.84
  17865.235    34.786    -0.14    1.98
  18151.801    34.439    -1.21    2.13
  18438.390    33.991    -1.56    2.35
  18725.001    33.273    -2.50    2.53
  19011.635    32.552    -2.52    2.35
  19298.291    32.022    -1.85    2.11
  19584.970    31.419    -2.10    1.48
  19871.672    31.094    -1.13    1.21
  20158.396    31.022    -0.25    1.02
  20445.143    31.002    -0.07    0.93
  20731.912    30.960    -0.15    0.86
  21018.705    30.887    -0.25    0.91
  21305.519    30.779    -0.38    0.93
  21592.357    30.669    -0.38    0.98
  21879.217    30.481    -0.66    1.08
  22166.100    30.296    -0.64    1.14
  22453.005    29.906    -1.36    1.14
  22739.933    29.609    -1.04    1.09
  23026.884    29.491    -0.41    1.07
  23313.858    29.207    -0.99    1.08
  23600.854    29.145    -0.22    1.04
  23887.873    29.145     0.00    1.06
  24174.914    29.178     0.11    1.04
  24461.979    29.283     0.37    1.02
  24749.066    29.512     0.80    1.25
  25036.176    29.660     0.52    1.26
  25323.308    29.908     0.86    1.16
  25610.463    29.877    -0.11    1.15
  25897.641    29.843    -0.12    1.25
  26184.842    29.691    -0.53    1.35
  26472.065    29.397    -1.02    1.36
  26759.312    29.086    -1.08    1.17
  27046.581    28.689    -1.38    1.06
  27333.872    28.345    -1.20    0.93
  27621.187    28.170    -0.61    0.86
  27908.524    28.194     0.08    0.93
  28195.884    28.170    -0.08    0.93
  28483.267    28.166    -0.01    0.93
  28770.673    28.164    -0.01    0.96
  29058.101    28.184     0.07    0.97
  29345.553    28.147    -0.13    1.03
  29633.027    27.970    -0.62    1.04
  29920.524    27.817    -0.53    1.05
  30208.043    27.803    -0.05    1.01
  30495.586    27.690    -0.39    0.95
  30783.152    27.530    -0.56    0.94
  31070.740    27.496    -0.12    0.86
  31358.351    27.481    -0.05    0.89
  31645.985    27.518     0.13    0.95
  31933.642    27.585     0.23    0.99
  32221.321    27.633     0.17    1.04
  32509.024    27.739     0.37    1.11
  32796.749    27.866     0.44    1.07
  33084.498    27.886     0.07    1.03
  33372.269    27.821    -0.22    0.99
  33660.063    27.739    -0.29    1.02
  33947.880    27.623    -0.40    0.94
  34235.720    27.578    -0.15    0.90
  34523.583    27.527    -0.18    0.91
  34811.469    27.517    -0.04    0.91
  35099.377    27.470    -0.16    0.98
  35387.309    27.380    -0.31    1.01
  35675.264    27.256    -0.43    0.97
  35963.241    27.174    -0.28    0.98
  36251.242    27.100    -0.26    0.99
  36539.265    27.106     0.02    0.98
  36827.311    27.273     0.58    1.11
  37115.381    27.399     0.44    1.29
  37403.473    27.712     1.09    1.41
  37691.588    28.012     1.04    1.44
  37979.726    28.128     0.40    1.39
  38267.888    28.290     0.56    1.42
  38556.072    28.339     0.17    1.48
  38844.279    28.220    -0.41    1.54
  39132.509    27.970    -0.87    1.62
  39420.763    27.845    -0.43    1.66
  39709.039    27.608    -0.82    1.61
  39997.338    27.507    -0.35    1.53
  40285.661    27.609     0.35    1.53
  40574.006    27.889     0.97    1.72
  40862.374    28.286     1.38    1.86
  41150.766    28.640     1.23    1.71
  41439.180    28.851     0.73    1.58
  41727.618    28.980     0.45    1.45
  42016.079    29.001     0.07    1.54
  42304.562    28.910    -0.32    1.61
  42593.069    28.600    -1.07    1.57
  42881.599    28.522    -0.27    1.57
  43170.152    28.378    -0.50    1.60
  43458.728    28.372    -0.02    1.40
  43747.327    28.368    -0.01    1.38
  44035.949    28.364    -0.02    1.30
  44324.595    28.502     0.48    1.24
  44613.263    28.564     0.21    1.15
  44901.955    28.549    -0.05    1.14
  45190.670    28.470    -0.27    1.16
  45479.408    28.231    -0.83    1.26
  45768.169    27.908    -1.12    1.41
  46056.953    27.374    -1.85    1.44
  46345.760    26.875    -1.73    1.54
  46634.591    26.387    -1.69    1.65
  46923.444    26.021    -1.27    1.67
  47212.321    25.848    -0.60    1.81
  47501.221    25.991     0.49    1.94
  47790.144    26.320     1.14    2.15
  48079.091    26.623     1.05    2.15
  48368.060    27.218     2.06    1.99
  48657.053    27.653     1.51    1.73
  48946.069    28.031     1.31    1.49
  49235.108    28.241     0.73    1.28
  49524.171    28.132    -0.38    1.28
  49813.256    28.001    -0.45    1.26
  50102.365    27.846    -0.53    1.24
  50391.497    27.581    -0.92    1.12
  50680.652    27.268    -1.08    1.08
  50969.831    27.074    -0.67    1.07
  51259.033    26.821    -0.88    1.09
  51548.258    26.449    -1.29    1.27
  51837.506    26.220    -0.79    1.26
  52126.778    26.140    -0.28    1.28
  52416.073    26.045    -0.33    1.36
  52705.391    25.835    -0.73    1.44
  52994.733    25.757    -0.27    1.42
  53284.097    25.718    -0.14    1.58
  53573.486    25.640    -0.27    1.66
  53862.897    25.613    -0.09    1.68
  54152.332    25.725     0.39    1.71
  54441.790    25.702    -0.08    1.66
  54731.271    26.021     1.10    1.61
  55020.776    26.300     0.97    1.66
  55310.304    26.654     1.22    1.56
  55599.609    27.081     1.48    1.47
  55884.268    27.346     0.93    1.43
  56168.948    27.562     0.76    1.28
  56453.651    27.599     0.13    1.29
  56738.376    27.585    -0.05    1.29
  57023.124    27.658     0.26    1.37
  57307.893    27.616    -0.15    1.41
  57592.684    27.481    -0.48    1.38
  57877.498    27.418    -0.22    1.23
  58162.334    27.402    -0.06    1.16
  58447.192    27.321    -0.28    1.02
  58732.072    27.266    -0.19    0.99
  59016.974    27.256    -0.04    0.95
  59301.898    27.233    -0.08    0.99
  59586.845    27.021    -0.74    1.07
  59871.814    26.817    -0.71    1.10
  60156.805    26.600    -0.76    1.11
  60441.818    26.429    -0.60    1.13
  60726.853    26.496     0.23    1.23
  61011.911    26.675     0.63    1.18
  61296.991    26.802     0.44    1.13
  61582.093    26.991     0.66    1.24
  61867.217    25.731    -4.42    5.06
  62152.364    23.760    -6.91    7.29
  62437.532    20.712   -10.69    9.06
  62722.723    17.564   -11.04    9.65
  63007.936    14.358   -11.24    8.94
  63293.172    11.960    -8.41    7.23
  63578.430    10.020    -6.80    4.29
  63863.710     9.225    -2.78    1.98
  64149.012     9.095    -0.46    2.26
  64434.336     8.901    -0.68    2.58
  64719.683     8.695    -0.72    2.96
  65005.052     8.460    -0.82    3.15
  65290.444     8.225    -0.82    3.23
  65575.857     8.718     1.72    3.96
  65861.293    10.022     4.57    4.39
  66146.752    10.949     3.25    4.23
  66432.232    11.321     1.30    3.85
  66717.735    11.475     0.54    3.45
  67003.260    11.339    -0.48    3.41
  67288.808    10.300    -3.64    3.60
  67574.378     8.867    -5.02    3.45
  67859.970     7.802    -3.73    3.15
  68145.585     6.582    -4.27    2.19
  68431.221     5.919    -2.32    1.70
  68716.881     5.693    -0.79    1.53
  69002.562     5.630    -0.22    1.38
  69288.266     5.705     0.26    1.33
  69573.993     5.654    -0.18    1.31
  69859.742     5.496    -0.55    1.25
  70145.513     5.335    -0.57    1.24
  70431.306     5.364     0.10    1.16
  70717.122     5.449     0.30    1.18
  71002.961     5.387    -0.22    1.17
  71288.821     5.279    -0.38    1.15
  71574.705     5.199    -0.28    1.17
  71860.610     5.197    -0.01    1.13
  72146.538     5.218     0.07    1.05
  72432.489     5.330     0.39    1.13
  72718.462     5.491     0.56    1.21
  73004.457     5.733     0.85    1.23
  73290.475     6.000     0.94    1.22
  73576.515     6.465     1.62    1.28
  73862.578     6.654     0.66    1.22
  74148.663     6.545    -0.38    1.24
  74434.770     6.356    -0.66    1.35
  74720.900     6.107    -0.87    1.37
  75007.053     5.928    -0.63    1.35
  75293.228     6.064     0.48    1.39
  75579.426     6.162     0.34    1.58
  75865.646     6.555     1.38    1.98
  76151.888     6.664     0.38    2.09
  76438.153     7.051     1.35    2.29
  76724.441     7.182     0.46    2.40
  77010.751     7.074    -0.38    2.42
  77297.084     7.030    -0.16    2.40
  77583.439     6.780    -0.87    2.35
  77869.817     6.424    -1.24    2.22
  78156.217     6.243    -0.63    2.03
  78442.640     5.908    -1.17    1.89
  78729.085     5.797    -0.39    1.82
  79015.553     5.739    -0.20    1.75
  79302.043     5.897     0.55    1.72
  79588.557     5.897     0.00    1.64
  79875.092     6.170     0.95    1.80
  80161.650     6.665     1.73    2.22
  80448.231     7.022     1.25    2.21
  80734.835     7.093     0.25    2.37
  81021.461     7.133     0.14    2.50
  81308.109     6.362    -2.69    3.30
  81594.780     5.356    -3.51    3.85
  81881.474     3.920    -5.01    3.99
  82168.191     2.572    -4.70    3.59
  82454.930     1.693    -3.07    3.14
  82741.692     0.889    -2.81    2.24
  83028.476     0.368    -1.81    1.17
  83315.283     0.517     0.52    1.26
  83602.113     0.623     0.37    1.36
  83888.965     0.517    -0.37    1.15
  84175.840     0.345    -0.60    0.93
  84462.738     0.220    -0.44    0.74
  84749.658     0.156    -0.22    0.65
  85036.601     0.095    -0.21    0.55
  85323.567     0.168     0.25    0.96
  85610.555     0.125    -0.15    0.92
  85897.566     2.202     7.24    7.42
  86184.600     7.774    19.41   15.45
  86471.656    14.576    23.70   19.87
  86758.736    22.525    27.69   21.41
  87045.838    30.889    29.13   21.43
  87332.962    40.394    33.11   18.99
  87620.110    50.819    36.31   17.04
  87907.280    62.197    39.62   21.72
  88194.473    72.686    36.52   24.43
  88481.688    82.054    32.62   22.73
  88768.927    89.116    24.59   18.22
  89056.188    92.412    11.48   14.28
  89343.472    91.166    -4.34   15.02
  89630.778    87.408   -13.08   16.69
  89918.108    82.760   -16.18   15.37
  90205.460    78.887   -13.48   13.13
  90492.835    75.900   -10.39   12.09
  90780.233    74.470    -4.98   11.04
  91067.654    73.230    -4.31   11.81
  91355.097    72.231    -3.48   12.05
  91642.563    71.780    -1.57   12.34
  91930.052    70.832    -3.30   14.00
  92217.564    68.805    -7.05   15.70
  92505.099    68.475    -1.15   16.78
  92792.657    70.889     8.39   16.24
  93080.237    74.000    10.82   16.86
  93367.840    78.781    16.62   17.84
  93655.466    84.223    18.92   17.97
  93943.115    89.356    17.85   17.92
  94230.787    95.022    19.70   15.97
  94518.482    97.475     8.53   13.80
  94806.200    95.341    -7.42   15.10
  95093.940    91.408   -13.67   16.41
  95381.703    86.866   -15.78   17.39
  95669.490    82.062   -16.69   17.15
  95957.299    78.819   -11.27   15.87
  96245.131    77.785    -3.59   15.42
  96532.986    78.405     2.15   15.15
  96820.864    81.643    11.25   12.91
  97108.764    84.695    10.60   12.05
  97396.688    87.324     9.13   11.04
  97684.635    89.859     8.81   11.39
  97972.604    93.082    11.19   12.31
  98260.597    97.397    14.98   12.43
  98548.613   101.149    13.03   12.43
  98836.651   106.074    17.10   13.98
  99124.712   112.672    22.91   16.92
  99412.797   120.644    27.67   17.69
  99700.904   129.064    29.23   17.24
  99989.035   136.318    25.18   16.91
 100277.188   143.402    24.59   16.24
 100565.364   147.470    14.12   17.56
 100853.564   151.869    15.26   17.91
 101141.786   156.172    14.93   17.85
 101430.031   160.218    14.04   17.58
 101718.300   164.406    14.53   18.55
 102006.591   172.506    28.10   18.87
 102294.906   179.827    25.40   20.13
 102583.243   187.388    26.22   20.55
 102871.604   196.164    30.44   18.33
 103159.987   202.695    22.65   15.50
 103448.394   207.243    15.77   13.90
 103736.823   210.220    10.32   13.19
 104025.276   212.086     6.47   14.37
 104313.752   211.835    -0.87   16.38
 104602.251   210.585    -4.33   19.10
 104890.773   209.522    -3.68   21.14
 105179.318   206.501   -10.47   22.43
 105467.886   204.125    -8.24   22.65
 105756.477   201.223   -10.06   21.62
 106045.091   199.104    -7.34   21.87
 106333.729   199.480     1.30   21.96
 106622.390   199.584     0.36   23.18
 106911.073   200.410     2.86   24.28
 107199.780   201.517     3.83   25.36
 107488.510   199.218    -7.96   27.22
 107777.263   189.130   -34.94   31.48
 108066.039   180.568   -29.65   32.35
 108354.839   165.980   -50.52   39.63
 108643.661   146.858   -66.21   46.72
 108932.507   131.805   -52.12   45.91
 109221.376   127.073   -16.38   43.65
 109510.268   127.321     0.86   47.50
 109799.183   133.259    20.55   53.09
 110088.122   143.845    36.64   57.03
 110377.083   165.210    73.94   55.07
 110666.068   190.803    88.57   46.36
 110955.076   212.491    75.05   37.11
 111244.107   221.766    32.09   31.03
 111533.162   223.053     4.45   31.98
 111822.240   218.849   -14.55   39.38
 112111.340   208.368   -36.26   46.95
 112400.465   196.980   -39.39   54.83
 112689.612   181.624   -53.11   59.42
 112978.783   168.848   -44.19   62.12
 113267.977   153.891   -51.72   67.49
 113557.194   129.760   -83.44   71.93
 113846.434   102.133   -95.52   70.34
 114135.698    79.596   -77.92   64.78
 114424.985    59.042   -71.06   52.35
 114714.295    41.599   -60.30   39.04
 115003.629    30.210   -39.37   29.15
 115292.986    21.341   -30.65   16.92
 115582.366    17.606   -12.91    8.76
 115871.769    16.145    -5.05    9.54
 116161.196    14.699    -5.00    9.96
 116450.646    13.741    -3.31   10.19
 116740.119    12.866    -3.02   10.50
 117029.616    11.889    -3.38   10.50
 117319.136    10.715    -4.05   10.35
 117607.463     9.246    -5.10    9.84
 117892.123     8.062    -4.16    9.34
 118176.804     8.514     1.59    9.88
 118461.508     8.419    -0.33    9.22
 118746.234     9.125     2.48    8.74
 119030.982    10.394     4.46    8.36
 119315.753    12.154     6.18    7.93
 119600.545    14.960     9.85    7.37
 119885.359    18.096    11.01    7.54
 120170.196    20.783     9.43    8.29
 120455.055    23.408     9.22    8.09
 120739.936    27.564    14.59    8.10
 121024.839    33.746    21.70   12.24
 121309.764    40.667    24.29   17.45
 121594.711    50.178    33.38   23.76
 121879.681    62.805    44.31   29.48
 122164.673    75.990    46.27   32.38
 122449.687    90.770    51.86   29.98
 122734.723   104.460    48.03   22.84
 123019.781   114.112    33.86   18.16
 123304.861   121.531    26.03   13.74
 123589.964   126.720    18.20    8.23
 123875.089   129.803    10.81    5.09
 124160.236   130.960     4.06    4.23
 124445.405   131.022     0.22    4.54
 124730.597   130.460    -1.97    5.01
 125015.811   128.360    -7.36    6.44
 125301.047   125.780    -9.05    7.88
 125586.305   121.700   -14.30   10.70
 125871.586   116.205   -19.26   12.67
 126156.888   110.109   -21.37   13.11
 126442.214   104.071   -21.16   11.78
 126727.561    98.552   -19.34    9.35
 127012.930    94.768   -13.26    6.57
 127298.322    92.331    -8.54    4.22
 127583.736    91.043    -4.51    2.99
 127869.173    89.950    -3.83    2.50
 128154.632    89.085    -3.03    2.46
 128440.113    87.981    -3.87    2.71
 128725.616    86.689    -4.52    3.36
 129011.142    84.899    -6.27    4.17
 129296.689    83.178    -6.03    4.59
 129582.260    81.580    -5.60    4.30
 129867.852    79.850    -6.06    3.79
 130153.467    77.686    -7.58    4.15
 130439.105    75.317    -8.29    5.20
 130724.764    73.307    -7.04    5.70
 131010.446    72.321    -3.45    5.93
 131296.150    71.383    -3.28    6.16
 131581.877    70.501    -3.08    5.98
 131867.626    70.817     1.10    6.12
 132153.398    71.960     4.00    5.83
 132439.191    72.950     3.46    5.63
 132725.007    73.949     3.50    5.59
 133010.846    74.475     1.84    5.88
 133296.707    74.784     1.08    6.58
 133582.590    75.300     1.81    6.71
 133868.496    75.510     0.73    6.51
 134154.424    75.539     0.10    6.02
 134440.375    75.542     0.01    5.47
 134726.348    75.715     0.61    5.37
 135012.343    76.082     1.28    5.05
 135298.361    76.940     3.00    5.12
 135584.401    77.444     1.77    5.25
 135870.464    78.510     3.73    5.34
 136156.549    78.928     1.46    5.52
 136442.657    79.896     3.38    5.04
 136728.787    80.233     1.18    5.34
 137014.940    81.225     3.47    5.47
 137301.115    81.320     0.33    6.13
 137587.312    81.816     1.73    6.16
 137873.532    82.334     1.81    6.03
 138159.775    83.247     3.19    5.93
 138446.040    83.929     2.38    6.08
 138732.328    84.200     0.95    6.77
 139018.638    84.372     0.60    7.85
 139304.970    84.133    -0.83    8.57
 139591.325    84.314     0.63    9.03
 139877.703    84.001    -1.09    9.06
 140164.103    84.393     1.37    9.70
 140450.525    85.147     2.63    9.98
 140736.971    86.184     3.62   10.38
 141023.438    86.940     2.64   10.61
 141309.929    88.920     6.91   11.12
 141596.441    90.909     6.94   10.79
 141882.977    92.822     6.68   10.72
 142169.535    94.505     5.87   10.92
 142456.115    96.207     5.94   10.81
 142742.719    98.570     8.25   10.81
 143029.344   101.568    10.46   10.85
 143315.993   104.865    11.50   11.46
 143602.664   109.665    16.75   11.93
 143889.357   114.564    17.09   12.32
 144176.073   120.061    19.17   12.45
 144462.812   125.857    20.21   12.55
 144749.573   131.919    21.14   11.62
 145036.357   136.256    15.12   11.15
 145323.164   139.378    10.89   11.10
 145609.993   141.399     7.04   10.27
 145896.845   142.407     3.52   10.24
 146183.720   143.780     4.79   10.24
 146470.617   144.920     3.97   10.42
 146757.537   146.029     3.87    9.69
 147044.479   147.556     5.32    8.56
 147331.444   148.960     4.89    7.14
 147618.432   150.397     5.01    5.59
 147905.443   151.537     3.97    4.00
 148192.476   152.424     3.09    2.74
 148479.532   152.754     1.15    2.39
 148766.611   152.702    -0.18    3.44
 149053.712   153.314     2.13    4.00
 149340.836   153.720     1.42    5.03
 149627.983   154.590     3.03    4.86
 149915.153   155.138     1.91    4.74
 150202.345   155.506     1.28    4.03
 150489.560   155.287    -0.76    4.39
 150776.798   155.069    -0.76    4.57
 151064.058   153.929    -3.97    5.79
 151351.341   152.000    -6.71    8.91
 151638.647   151.202    -2.78    9.52
 151925.976   151.139    -0.22   10.63
 152213.327   151.939     2.79   11.08
 152500.702   152.553     2.14   11.00
 152788.099   153.684     3.94    9.82
 153075.519   155.001     4.58    7.95
 153362.961   156.249     4.34    6.83
 153650.427   156.393     0.50    7.44
 153937.915   153.042   -11.66   11.02
 154225.426   153.172     0.45   11.24
 154512.960   153.725     1.92   11.71
 154800.517   154.756     3.59   11.66
 155088.096   156.336     5.50   10.93
 155375.699   158.170     6.38   10.71
 155663.324   161.213    10.58    9.37
 155950.972   164.600    11.78    8.07
 156238.643   167.042     8.49    8.78
 156526.337   169.042     6.95    8.95
 156814.053   172.042    10.43    8.83
 157101.793   174.678     9.16    7.50
 157389.555   175.797     3.89    6.09
 157677.341   175.702    -0.33    5.26
 157965.149   173.470    -7.76    6.43
 158252.980   169.570   -13.55    9.04
 158540.834   164.819   -16.51   10.27
 158828.711   159.839   -17.30   11.02
 159116.610   155.174   -16.20   10.37
 159404.533   150.510   -16.20    8.54
 159692.479   147.356   -10.95    5.95
 159980.447   146.317    -3.61    6.06
 160268.439   146.132    -0.64    7.41
 160556.453   147.152     3.54    8.95
 160844.490   148.816     5.78    9.63
 161132.551   149.661     2.94    9.18
 161420.634   151.362     5.91    7.90
 161708.740   152.408     3.63    6.87
 161996.869   153.011     2.09    6.34
 162285.022   153.970     3.33    6.27
 162573.197   154.859     3.08    6.81
 162861.395   156.500     5.70    6.81
 163149.616   157.687     4.12    6.77
 163437.860   158.495     2.80    6.04
 163726.127   158.407    -0.31    5.74
 164014.417   157.700    -2.45    5.55
 164302.731   156.247    -5.04    5.69
 164591.067   154.396    -6.42    5.72
 164879.426   152.330    -7.16    5.68
 165167.808   150.041    -7.94    6.60
 165456.213   148.661    -4.79    6.65
 165744.642   147.888    -2.68    6.86
 166033.093   148.084     0.68    6.91
 166321.568   148.522     1.52    6.70
 166610.065   149.154     2.19    5.54
 166898.586   149.960     2.79    3.31
 167187.129   150.061     0.35    2.43
 167475.696   149.645    -1.44    2.80
 167764.286   148.854    -2.74    3.27
 168052.899   147.602    -4.34    3.88
