-177621.372   190.434     0.00    8.27
-177336.049   187.259   -11.13    8.37
-177050.749   184.665    -9.09    8.90
-176765.470   181.745   -10.24    8.66
-176480.214   178.958    -9.77    7.70
-176194.980   177.773    -4.16    6.58
-175909.769   177.660    -0.39    5.81
-175624.579   178.575     3.21    5.65
-175339.412   179.924     4.73    6.12
-175054.267   182.028     7.38    6.11
-174769.144   184.503     8.68    5.28
-174484.044   186.221     6.02    4.72
-174198.966   186.738     1.81    4.59
-173913.910   186.034    -2.47    5.32
-173628.876   184.956    -3.78    5.62
-173343.864   183.897    -3.71    5.80
-173058.875   182.982    -3.21    5.40
-172773.908   182.480    -1.76    5.00
-172488.963   183.143     2.33    5.56
-172204.040   184.817     5.87    6.38
-171919.139   187.241     8.51    6.66
-171634.260   189.996     9.67    6.78
-171349.404   192.894    10.18    6.66
-171064.570   195.807    10.23    7.05
-170779.758   199.100    11.57    8.19
-170494.968   202.901    13.35    9.24
-170210.200   206.533    12.76    9.27
-169925.454   210.018    12.24    8.74
-169640.731   213.104    10.84    7.69
-169356.029   215.727     9.22    6.88
-169071.350   217.822     7.36    5.93
-168782.366   219.176     4.69    5.50
-168492.815   220.554     4.76    5.20
-168203.287   221.134     2.00    4.95
-167913.782   221.511     1.30    4.66
-167624.301   221.448    -0.22    4.38
-167334.843   221.200    -0.86    4.11
-167045.408   221.203     0.01    3.85
-166755.997   221.767     1.95    3.66
-166466.609   222.252     1.68    3.42
-166177.244   223.362     3.84    3.37
-165887.902   224.682     4.56    3.37
-165598.584   226.224     5.33    3.72
-165309.289   227.670     5.00    4.14
-165020.017   228.819     3.97    4.32
-164730.769   229.146     1.13    4.86
-164441.544   228.033    -3.85    6.47
-164152.342   225.987    -7.08    8.59
-163863.163   223.142    -9.84    9.31
-163574.008   220.636    -8.67    8.78
-163284.876   219.372    -4.37    8.66
-162995.767   218.998    -1.29    9.48
-162706.681   218.814    -0.64    9.66
-162417.619   220.614     6.23    9.54
-162128.579   223.738    10.81    8.99
-161839.563   226.389     9.17    8.84
-161550.571   228.575     7.56    9.50
-161261.601   230.969     8.29   10.33
-160972.654   232.819     6.40   10.79
-160683.731   233.830     3.50   10.55
-160394.831   233.799    -0.11   11.18
-160105.954   232.189    -5.57   12.14
-159817.100   229.128   -10.60   12.71
-159528.270   226.139   -10.35   12.04
-159239.462   223.116   -10.47   10.14
-158950.678   221.533    -5.48    7.76
-158661.917   221.459    -0.26    6.33
-158373.179   223.407     6.75    7.09
-158084.464   227.100    12.80    9.90
-157795.772   231.533    15.36   10.72
-157507.103   236.166    16.05   10.39
-157218.458   239.956    13.13    8.93
-156929.835   242.964    10.42    6.49
-156641.236   245.726     9.57    4.07
-156352.660   247.156     4.96    3.01
-156064.107   247.564     1.41    2.65
-155775.577   247.334    -0.80    2.31
-155487.070   246.418    -3.17    3.14
-155198.586   244.956    -5.07    4.41
-154910.125   242.866    -7.24    5.29
-154621.687   240.574    -7.95    5.73
-154333.272   237.256   -11.51    5.81
-154044.881   232.745   -15.64    7.43
-153756.512   229.835   -10.09    7.06
-153468.166   228.049    -6.20    6.86
-153179.844   226.418    -5.65    7.35
-152891.544   225.364    -3.66    7.90
-152603.268   224.333    -3.58    8.40
-152315.014   223.270    -3.69    8.59
-152026.784   222.224    -3.63    8.30
-151738.576   221.399    -2.86    8.10
-151450.392   220.214    -4.11    8.20
-151162.230   219.268    -3.28    8.39
-150874.092   219.252    -0.06    8.22
-150585.976   219.794     1.88    8.12
-150297.884   221.372     5.48    7.13
-150009.814   221.880     1.76    6.63
-149721.767   222.665     2.72    6.63
-149433.744   224.164     5.20    6.58
-149145.743   224.595     1.50    6.13
-148857.765   224.023    -1.99    6.67
-148569.810   222.115    -6.63    7.16
-148281.878   219.710    -8.35    7.30
-147993.969   217.133    -8.95    7.16
-147706.083   213.894   -11.25    6.68
-147418.220   211.628    -7.87    6.29
-147130.380   210.064    -5.43    5.46
-146842.562   208.692    -4.77    5.18
-146554.768   206.809    -6.54    5.19
-146266.996   204.043    -9.61    6.17
-145979.248   201.522    -8.77    6.93
-145691.522   199.288    -7.76    6.36
-145403.819   198.317    -3.38    5.41
-145116.139   198.523     0.72    5.16
-144828.482   198.840     1.10    4.98
-144540.847   199.348     1.77    4.84
-144253.236   199.564     0.75    4.69
-143965.647   199.079    -1.69    5.21
-143678.081   197.738    -4.67    5.65
-143390.538   196.231    -5.24    5.28
-143103.018   195.332    -3.13    4.78
-142815.521   194.870    -1.61    4.47
-142528.047   194.901     0.11    4.40
-142240.595   195.807     3.15    4.21
-141953.166   196.909     3.84    4.03
-141665.760   198.137     4.27    4.43
-141378.377   200.086     6.78    5.50
-141091.016   202.952     9.97    6.98
-140803.678   207.033    14.21    8.45
-140516.363   211.259    14.71    9.05
-140229.071   215.139    13.51    8.58
-139941.802   218.312    11.05    7.31
-139654.555   220.335     7.04    5.79
-139367.331   221.748     4.92    4.33
-139080.130   222.615     3.02    3.66
-138792.952   222.762     0.51    3.51
-138505.796   222.994     0.81    3.35
-138218.663   223.554     1.95    2.94
-137931.553   224.197     2.24    2.84
-137644.465   225.049     2.97    2.79
-137357.400   225.594     1.90    2.61
-137070.358   225.657     0.22    2.79
-136783.339   225.166    -1.71    3.65
-136496.342   224.584    -2.03    4.16
-136209.368   224.182    -1.40    4.38
-135922.417   223.971    -0.74    4.75
-135635.488   223.952    -0.07    4.90
-135348.582   224.979     3.58    5.42
-135061.699   226.221     4.33    5.59
-134774.838   227.256     3.61    5.01
-134488.000   228.022     2.67    3.95
-134201.185   227.977    -0.16    2.93
-133914.392   227.912    -0.23    2.42
-133627.622   227.380    -1.85    2.28
-133340.875   226.401    -3.42    2.41
-133054.150   225.337    -3.71    2.49
-132767.448   224.605    -2.56    2.53
-132480.768   224.166    -1.53    2.67
-132194.111   223.822    -1.20    2.92
-131907.477   223.344    -1.67    3.03
-131620.865   223.442     0.34    2.92
-131334.276   223.564     0.43    2.75
-131047.709   223.904     1.19    2.49
-130761.165   224.501     2.08    2.46
-130474.644   224.912     1.43    2.75
-130188.145   225.764     2.98    2.97
-129901.669   227.007     4.34    3.24
-129615.215   228.192     4.14    3.50
-129328.784   229.241     3.66    3.72
-129042.375   230.467     4.28    3.63
-128755.989   231.661     4.17    3.43
-128469.626   232.738     3.76    2.77
-128183.285   233.575     2.92    2.19
-127896.966   233.825     0.87    2.29
-127610.670   233.418    -1.42    2.83
-127324.397   232.111    -4.57    3.90
-127038.146   230.412    -5.93    4.71
-126751.917   228.245    -7.57    4.96
-126465.712   225.981    -7.91    4.98
-126179.528   223.524    -8.59    5.02
-125893.367   220.901    -9.17    4.68
-125607.229   218.564    -8.17    4.50
-125321.113   216.437    -7.44    5.06
-125035.019   213.651    -9.74    5.93
-124748.948   210.752   -10.13    6.68
-124462.899   206.937   -13.34    8.15
-124176.873   201.722   -18.23   10.72
-123890.869   196.459   -18.40   10.91
-123604.888   193.407   -10.68    9.72
-123318.929   191.618    -6.26    8.32
-123032.993   191.502    -0.41    7.53
-122747.079   193.175     5.85    7.95
-122461.187   196.189    10.54    8.42
-122175.318   200.726    15.87    7.43
-121889.471   204.637    13.69    6.89
-121603.647   207.656    10.56    7.00
-121317.845   210.707    10.68    6.59
-121032.065   213.410     9.46    5.68
-120746.308   215.513     7.36    5.06
-120460.573   216.238     2.54    4.56
-120174.861   216.231    -0.02    4.73
-119889.171   215.627    -2.11    5.28
-119603.503   214.830    -2.79    5.20
-119317.858   213.887    -3.30    4.80
-119032.235   213.491    -1.39    4.37
-118746.634   213.522     0.11    3.45
-118461.056   214.210     2.41    3.19
-118175.500   215.354     4.01    3.15
-117889.966   216.012     2.31    2.82
-117604.455   216.513     1.75    2.66
-117318.966   216.584     0.25    2.89
-117033.499   216.418    -0.58    2.97
-116748.055   215.784    -2.22    3.43
-116462.633   214.085    -5.95    4.03
-116177.233   212.627    -5.11    4.59
-115891.855   211.595    -3.62    4.97
-115606.500   210.657    -3.29    4.82
-115321.167   210.370    -1.01    4.35
-115035.857   210.668     1.05    4.39
-114750.568   211.758     3.82    4.96
-114465.302   213.299     5.40    5.17
-114180.058   215.471     7.62    5.09
-113894.836   218.337    10.05    4.22
-113609.637   220.543     7.74    3.28
-113324.460   222.471     6.76    3.75
-113039.305   224.596     7.46    4.88
-112754.172   226.348     6.14    5.27
-112469.062   228.860     8.81    5.70
-112183.974   230.918     7.22    5.59
-111898.908   233.362     8.57    5.40
-111613.864   235.523     7.58    4.48
-111328.842   236.729     4.23    3.73
-111043.843   237.337     2.13    3.58
-110758.865   238.080     2.60    3.31
-110473.910   237.360    -2.53    3.70
-110188.977   236.429    -3.27    3.97
-109904.067   234.973    -5.11    4.23
-109619.178   232.894    -7.30    4.70
-109334.312   230.616    -8.00    5.72
-109049.468   227.184   -12.05    6.82
-108764.646   223.145   -14.18    8.17
-108479.846   219.617   -12.39    7.86
-108195.068   216.979    -9.26    6.68
-107910.312   215.255    -6.06    5.49
-107625.579   213.870    -4.86    4.71
-107340.867   212.887    -3.45    4.97
-107055.813   212.130    -2.66    5.71
-106766.245   211.362    -2.65    5.53
-106476.699   210.574    -2.72    5.01
-106187.177   209.636    -3.24    4.30
-105897.679   209.003    -2.19    3.81
-105608.204   209.106     0.36    3.89
-105318.751   210.054     3.28    3.76
-105029.323   210.911     2.96    3.72
-104739.917   211.997     3.75    3.92
-104450.535   213.807     6.25    5.17
-104161.176   216.460     9.17    6.11
-103871.841   219.682    11.13    6.39
-103582.528   222.901    11.13    6.54
-103293.239   226.312    11.79    6.18
-103003.973   228.919     9.02    5.13
-102714.731   230.735     6.28    3.93
-102425.512   232.262     5.28    3.52
-102136.316   233.962     5.88    3.61
-101847.143   235.382     4.91    3.96
-101557.993   236.418     3.59    4.02
-101268.867   237.277     2.97    4.37
-100979.763   237.059    -0.75    6.12
-100690.683   236.007    -3.64    7.76
-100401.627   234.480    -5.28    8.20
-100112.593   233.384    -3.79    7.87
 -99823.583   232.450    -3.23    6.58
 -99534.595   232.364    -0.30    5.75
 -99245.631   233.860     5.18    6.18
 -98956.691   236.162     7.97    7.14
 -98667.773   239.317    10.92    7.99
 -98378.878   242.085     9.58    8.24
 -98090.007   243.739     5.73    8.12
 -97801.159   244.891     3.99    8.09
 -97512.334   245.783     3.09    7.75
 -97223.532   247.197     4.90    7.76
 -96934.753   248.131     3.24    7.49
 -96645.997   248.822     2.39    7.33
 -96357.264   249.008     0.64    7.02
 -96068.555   248.168    -2.91    7.55
 -95779.869   245.922    -7.78    9.28
 -95491.205   242.689   -11.20    9.68
 -95202.565   238.780   -13.55    9.10
 -94913.948   235.597   -11.03    8.23
 -94625.354   233.341    -7.82    7.72
 -94336.783   230.964    -8.24    7.39
 -94048.235   228.253    -9.40    6.83
 -93759.711   225.108   -10.90    6.88
 -93471.209   221.648   -12.00    7.30
 -93182.730   218.096   -12.31    7.87
 -92894.275   213.554   -15.75    9.03
 -92605.842   209.680   -13.43    9.75
 -92317.432   205.682   -13.87    9.31
 -92029.046   203.164    -8.73    8.08
 -91740.683   201.168    -6.92    6.77
 -91452.342   200.273    -3.11    6.59
 -91164.025   200.950     2.35    8.37
 -90875.730   202.946     6.92   11.01
 -90587.459   204.960     6.99   12.61
 -90299.210   206.080     3.88   13.18
 -90010.985   206.948     3.01   13.84
 -89722.782   205.781    -4.05   13.92
 -89434.603   203.179    -9.03   13.68
 -89146.446   199.809   -11.70   12.32
 -88858.313   197.054    -9.56    9.93
 -88570.202   194.814    -7.77    6.61
 -88282.115   194.431    -1.33    4.84
 -87994.050   196.033     5.56    5.73
 -87706.008   198.458     8.42    6.42
 -87417.989   201.585    10.86    6.56
 -87129.994   204.393     9.75    6.26
 -86842.021   206.847     8.52    6.14
 -86554.071   208.638     6.22    5.83
 -86266.143   210.171     5.32    6.11
 -85978.239   211.394     4.25    6.53
 -85690.358   212.479     3.77    6.72
 -85402.500   213.710     4.28    6.74
 -85114.664   215.092     4.80    6.74
 -84826.851   216.629     5.34    6.28
 -84539.062   217.991     4.73    5.83
 -84251.295   220.179     7.60    5.40
 -83963.551   222.023     6.41    5.06
 -83675.830   223.544     5.29    4.47
 -83388.131   224.366     2.86    3.82
 -83100.456   224.278    -0.31    3.77
 -82812.803   223.028    -4.35    5.12
 -82525.174   220.116   -10.12    7.16
 -82237.567   216.729   -11.78    8.49
 -81949.983   211.993   -16.47    9.52
 -81662.421   206.697   -18.42   10.15
 -81374.883   201.533   -17.96   10.03
 -81087.367   197.183   -15.13    9.57
 -80799.875   192.680   -15.66    9.71
 -80512.404   189.023   -12.72    9.29
 -80224.957   185.901   -10.86    9.25
 -79937.533   183.347    -8.89    8.10
 -79650.131   181.394    -6.80    7.46
 -79362.752   179.439    -6.80    6.63
 -79075.396   177.597    -6.41    5.97
 -78788.063   175.905    -5.89    5.52
 -78500.752   174.640    -4.40    4.90
 -78213.464   173.207    -4.99    4.07
 -77926.199   171.823    -4.82    2.08
 -77638.957   171.288    -1.86    1.52
 -77351.737   170.935    -1.23    1.43
 -77064.540   170.647    -1.01    1.32
 -76777.366   170.533    -0.39    1.31
 -76490.215   170.585     0.18    1.26
 -76203.086   170.835     0.87    1.43
 -75915.980   171.054     0.76    1.61
 -75628.897   171.710     2.29    1.98
 -75341.836   172.348     2.22    2.18
 -75054.798   172.783     1.52    2.20
 -74767.783   173.187     1.41    2.17
 -74480.790   173.727     1.88    2.30
 -74193.821   174.512     2.74    2.73
 -73906.873   175.164     2.27    3.11
 -73619.949   176.107     3.29    3.60
 -73333.047   177.091     3.43    3.45
 -73046.168   177.905     2.84    3.38
 -72759.311   178.801     3.12    3.17
 -72472.477   179.629     2.89    3.05
 -72185.666   180.252     2.17    3.04
 -71898.877   181.070     2.85    2.87
 -71612.111   181.993     3.22    2.80
 -71325.367   183.416     4.96    2.97
 -71038.647   184.722     4.56    4.05
 -70751.948   186.207     5.18    4.59
 -70465.273   187.616     4.92    4.80
 -70178.620   188.721     3.85    4.29
 -69891.989   189.059     1.18    4.35
 -69605.381   188.368    -2.41    5.39
 -69318.796   186.717    -5.76    6.11
 -69032.233   185.309    -4.91    5.77
 -68745.693   184.193    -3.89    5.02
 -68459.175   183.325    -3.03    3.89
 -68172.680   183.231    -0.33    3.47
 -67886.208   184.293     3.71    3.69
 -67599.758   185.981     5.89    4.08
 -67313.330   188.154     7.59    4.45
 -67026.925   190.133     6.91    4.44
 -66740.543   192.288     7.53    4.97
 -66454.183   194.697     8.41    5.07
 -66167.846   197.532     9.90    5.47
 -65881.531   200.137     9.10    6.03
 -65595.239   202.640     8.74    6.01
 -65308.969   204.952     8.08    5.58
 -65022.722   206.880     6.74    4.68
 -64736.497   208.543     5.81    3.76
 -64450.294   209.543     3.49    3.13
 -64164.114   210.158     2.15    2.67
 -63877.957   210.616     1.60    2.43
 -63591.822   211.217     2.10    2.68
 -63305.710   212.090     3.05    2.80
 -63019.619   213.018     3.24    3.03
 -62733.552   213.911     3.12    3.37
 -62447.507   214.760     2.97    3.65
 -62161.484   215.727     3.38    3.86
 -61875.484   216.689     3.36    3.90
 -61589.506   217.616     3.24    4.06
 -61303.550   218.312     2.43    4.14
 -61017.617   219.491     4.12    3.94
 -60731.707   220.629     3.98    3.70
 -60445.818   221.799     4.09    3.66
 -60159.953   222.960     4.06    3.89
 -59874.109   224.124     4.07    4.15
 -59588.288   225.322     4.19    4.36
 -59302.489   226.350     3.59    4.40
 -59016.713   227.380     3.61    4.30
 -58730.959   228.196     2.86    4.20
 -58445.228   228.691     1.73    4.03
 -58159.518   229.375     2.39    4.06
 -57873.832   229.283    -0.32    4.93
 -57588.167   227.481    -6.31    8.24
 -57302.525   226.564    -3.21   11.14
 -57016.905   226.096    -1.64   13.56
 -56731.308   226.481     1.35   15.67
 -56445.732   227.731     4.38   17.12
 -56160.180   229.278     5.42   19.01
 -55874.649   232.835    12.46   18.09
 -55589.141   238.627    20.29   11.47
 -55303.655   238.283    -1.20   12.16
 -55018.191   236.092    -7.68   15.17
 -54732.750   230.489   -19.63   21.99
 -54447.331   221.343   -32.05   28.54
 -54161.934   206.425   -52.28   35.09
 -53876.559   188.445   -63.01   37.88
 -53591.207   172.436   -56.11   35.85
 -53305.877   160.038   -43.45   30.75
 -53020.570   149.812   -35.84   22.80
 -52735.284   144.135   -19.90   19.22
 -52450.021   139.429   -16.50   15.47
 -52164.780   137.481    -6.83   14.88
 -51879.561   135.228    -7.90   13.74
 -51594.365   135.739     1.79   14.77
 -51309.190   135.616    -0.43   16.40
 -51024.038   137.846     7.82   18.96
 -50738.908   140.791    10.33   20.76
 -50453.801   144.193    11.93   21.12
 -50168.715   143.679    -1.80   21.74
 -49883.652   141.189    -8.73   23.73
 -49598.611   135.417   -20.25   25.03
 -49313.592   129.838   -19.57   23.99
 -49028.595   122.870   -24.45   20.94
 -48743.621   118.956   -13.73   18.58
 -48458.669   122.070    10.93   21.61
 -48173.738   128.533    22.68   24.18
 -47888.830   135.855    25.70   25.15
 -47603.945   141.717    20.58   25.62
 -47319.081   146.984    18.49   25.20
 -47034.239   154.458    26.24   25.44
 -46749.420   162.322    27.61   27.14
 -46464.623   168.616    22.10   28.66
 -46179.847   175.069    22.66   30.08
 -45895.094   176.627     5.47   32.42
 -45610.363   175.348    -4.49   35.28
 -45325.655   174.596    -2.64   38.54
 -45039.669   168.884   -19.97   37.82
 -44750.087   160.471   -29.05   33.95
 -44460.528   153.354   -24.58   28.58
 -44170.992   145.249   -27.99   21.45
 -43881.480   137.252   -27.62   15.94
 -43591.991   130.966   -21.71   13.44
 -43302.525   126.796   -14.41   12.83
 -43013.082   125.929    -3.00   13.11
 -42723.663   127.964     7.03   15.47
 -42434.267   132.880    16.99   18.71
 -42144.894   138.665    19.99   20.21
 -41855.544   144.382    19.76   18.70
 -41566.218   149.985    19.37   14.99
 -41276.915   151.820     6.34   10.07
 -40987.635   151.895     0.26    8.98
 -40698.379   150.683    -4.19   10.30
 -40409.145   149.859    -2.85   12.49
 -40119.935   149.967     0.37   14.62
 -39830.748   151.823     6.42   16.05
 -39541.584   152.713     3.08   17.36
 -39252.444   154.941     7.70   16.59
 -38963.326   157.141     7.61   15.07
 -38674.232   157.522     1.32   13.52
 -38385.161   153.926   -12.44   14.48
 -38096.113   150.446   -12.04   14.75
 -37807.088   146.097   -15.05   16.27
 -37518.087   140.585   -19.07   17.17
 -37229.108   134.448   -21.24   17.29
 -36940.153   127.221   -25.01   17.38
 -36651.221   120.398   -23.61   16.40
 -36362.312   113.904   -22.48   16.24
 -36073.426   108.221   -19.68   16.04
 -35784.563   102.543   -19.65   15.89
 -35495.724    95.908   -22.97   14.94
 -35206.907    90.049   -20.29   13.71
 -34918.114    86.059   -13.82   12.55
 -34629.343    82.741   -11.49   11.42
 -34340.596    80.502    -7.76   12.53
 -34051.872    79.127    -4.76   14.92
 -33763.171    76.908    -7.69   15.66
 -33474.493    75.428    -5.13   17.47
 -33185.838    73.606    -6.31   16.44
 -32897.206    70.241   -11.66   13.31
 -32608.598    68.224    -6.99   11.93
 -32320.012    65.607    -9.07   10.14
 -32031.449    64.385    -4.23    9.47
 -31742.910    63.350    -3.59    9.74
 -31454.393    61.371    -6.86   10.65
 -31165.899    58.676    -9.34   11.67
 -30877.429    56.086    -8.98   12.17
 -30588.981    53.680    -8.34   12.64
 -30300.557    50.489   -11.07   11.23
 -30012.155    48.695    -6.22    9.51
 -29723.777    47.737    -3.32    8.70
 -29435.421    48.659     3.20   10.71
 -29147.089    51.575    10.11   14.02
 -28858.779    55.862    14.87   18.47
 -28570.493    63.022    24.84   23.53
 -28282.229    70.164    24.78   26.59
 -27993.988    78.299    28.22   29.17
 -27705.771    85.724    25.76   30.03
 -27417.576    92.356    23.01   28.16
 -27129.404    95.817    12.01   25.07
 -26841.255    99.122    11.47   20.38
 -26553.129    99.210     0.30   16.91
 -26265.026    98.929    -0.98   14.27
 -25976.946    97.377    -5.39   12.63
 -25688.889    94.667    -9.41   12.30
 -25400.855    91.807    -9.93   12.66
 -25112.844    89.003    -9.73   14.13
 -24824.855    86.286    -9.43   14.74
 -24536.890    83.450    -9.85   15.23
 -24248.947    80.637    -9.77   16.26
 -23961.028    77.314   -11.54   16.88
 -23673.131    73.960   -11.65   17.32
 -23385.257    71.075   -10.02   17.92
 -23097.406    67.762   -11.51   17.24
 -22809.577    63.511   -14.77   15.61
 -22521.772    60.213   -11.46   13.96
 -22233.989    56.476   -12.99   12.00
 -21946.230    53.405   -10.67   10.60
 -21658.493    50.007   -11.81   10.18
 -21370.779    46.221   -13.16    9.34
 -21083.088    43.576    -9.19    7.86
 -20795.419    41.651    -6.69    7.07
 -20507.774    40.975    -2.35    7.83
 -20220.151    41.414     1.53    9.30
 -19932.551    42.642     4.27   11.36
 -19644.974    44.841     7.65   13.34
 -19357.419    46.171     4.62   14.09
 -19069.888    46.328     0.55   15.06
 -18782.379    44.522    -6.28   15.84
 -18494.893    42.418    -7.32   16.50
 -18207.430    39.185   -11.25   15.77
 -17919.989    35.375   -13.26   13.94
 -17632.572    31.849   -12.27   11.51
 -17345.177    28.793   -10.63    9.10
 -17057.804    26.481    -8.05    7.53
 -16770.455    24.346    -7.43    6.01
 -16483.128    22.533    -6.31    4.71
 -16195.824    21.533    -3.48    4.07
 -15908.543    21.825     1.01    4.24
 -15621.284    22.658     2.90    4.82
 -15334.048    23.312     2.28    5.14
 -15046.835    24.481     4.07    5.02
 -14759.645    25.291     2.82    4.68
 -14472.477    26.175     3.08    4.35
 -14185.332    26.680     1.76    4.49
 -13898.210    26.309    -1.29    5.09
 -13611.110    26.745     1.52    5.39
 -13324.033    26.917     0.60    5.48
 -13036.978    27.371     1.58    6.12
 -12749.947    27.564     0.67    6.81
 -12462.938    27.457    -0.37    7.74
 -12175.951    27.268    -0.66    8.27
 -11888.987    26.815    -1.58    8.56
 -11602.046    26.175    -2.23    8.31
 -11315.128    25.916    -0.90    7.30
 -11028.232    25.059    -2.98    6.10
 -10741.359    25.065     0.02    4.78
 -10454.508    25.362     1.04    3.93
 -10167.680    25.741     1.32    3.31
  -9880.875    26.038     1.03    3.24
  -9594.092    27.002     3.36    3.85
  -9307.332    28.221     4.25    4.47
  -9020.594    29.481     4.40    4.67
  -8733.879    30.825     4.69    5.51
  -8447.186    32.362     5.36    6.01
  -8160.517    33.739     4.80    6.67
  -7873.869    34.564     2.88    6.81
  -7587.244    36.002     5.02    6.99
  -7300.642    37.196     4.17    6.93
  -7014.062    37.439     0.85    6.69
  -6727.505    38.116     2.36    6.74
  -6440.971    38.339     0.78    6.57
  -6154.459    38.288    -0.18    6.56
  -5867.969    38.076    -0.74    6.64
  -5581.502    37.490    -2.04    7.01
  -5295.058    36.543    -3.31    7.16
  -5008.636    35.445    -3.83    6.99
  -4722.236    33.859    -5.54    6.58
  -4435.859    32.152    -5.96    5.60
  -4149.505    30.698    -5.08    4.69
  -3863.173    29.371    -4.64    4.38
  -3576.863    27.522    -6.46    6.72
  -3290.576    24.726    -9.77    9.62
  -3004.311    21.367   -11.73   11.07
  -2718.069    18.491   -10.05   11.40
  -2431.850    15.362   -10.93   11.23
  -2145.652    12.228   -10.95   10.34
  -1859.478     8.731   -12.22    9.09
  -1573.325     5.658   -10.74    7.80
  -1287.195     3.054    -9.10    5.54
  -1001.088     1.721    -4.66    3.94
   -715.003     0.898    -2.88    3.38
   -428.940     0.148    -2.62    2.55
   -142.900    -0.446    -2.08    0.00
    143.118    -0.446     0.00    0.00
    429.113    -0.446     0.00    0.00
    715.086    -0.102     1.20    1.58
   1001.037     0.235     1.18    2.13
   1286.965     0.533     1.04    2.48
   1572.871     0.993     1.61    2.96
   1858.754     1.445     1.58    3.43
   2144.616     2.296     2.98    4.18
   2430.454     2.554     0.90    4.08
   2716.271     3.198     2.25    4.23
   3002.065     3.858     2.31    4.24
   3287.836     4.124     0.93    4.42
   3573.586     3.833    -1.02    4.28
   3859.313     3.609    -0.79    4.38
   4145.017     3.086    -1.83    4.17
   4430.700     2.405    -2.38    4.04
   4716.360     1.990    -1.45    3.86
   5001.998     1.817    -0.61    3.50
   5287.613     1.964     0.52    3.60
   5573.206     2.189     0.79    3.67
   5858.777     2.606     1.46    4.01
   6144.325     3.231     2.19    4.01
   6429.852     4.096     3.03    4.27
   6715.356     4.481     1.35    4.35
   7000.837     3.971    -1.79    4.37
   7286.297     4.479     1.78    4.81
   7571.734     5.091     2.14    4.67
   7857.149     5.354     0.92    4.45
   8142.541     5.426     0.25    4.33
   8427.912     5.790     1.28    3.97
   8713.260     5.609    -0.63    3.50
   8998.586     5.575    -0.12    2.99
   9283.890     5.150    -1.49    2.52
   9569.171     4.989    -0.56    2.54
   9854.430     4.851    -0.48    2.39
  10139.667     4.812    -0.14    2.44
  10424.882     4.640    -0.60    2.57
  10710.075     4.199    -1.55    2.53
  10995.245     3.631    -1.99    2.33
  11280.393     3.101    -1.86    1.82
  11565.519     3.012    -0.31    1.81
  11850.623     2.754    -0.91    1.57
  12135.705     3.002     0.87    1.83
  12420.765     3.387     1.35    2.28
  12705.802     3.877     1.72    2.46
  12990.817     4.043     0.58    2.49
  13275.810     4.270     0.79    2.55
  13560.781     4.217    -0.18    2.37
  13845.730     5.023     2.83    3.53
  14130.656     6.059     3.64    4.97
  14415.561     7.259     4.21    5.68
  14700.443     9.107     6.49    6.31
  14985.303    10.724     5.68    6.18
  15270.141    12.317     5.59    5.49
  15554.957    13.488     4.11    4.05
  15839.751    13.973     1.70    2.72
  16124.523    13.607    -1.29    2.68
  16409.273    13.156    -1.58    2.96
  16694.001    13.021    -0.47    3.05
  16980.999    13.169     0.52    3.19
  17270.576    13.096    -0.25    3.43
  17560.130    12.758    -1.17    3.39
  17849.661    12.769     0.04    3.12
  18139.169    12.510    -0.89    2.97
  18428.653    12.228    -0.98    2.84
  18718.114    12.107    -0.42    2.75
  19007.552    11.680    -1.47    2.65
  19296.967    11.941     0.90    2.76
  19586.358    12.085     0.50    2.82
  19875.727    12.064    -0.07    2.89
  20165.072    12.288     0.77    3.22
  20454.394    12.703     1.43    3.30
  20743.692    12.796     0.32    3.30
  21032.968    12.814     0.06    3.31
  21322.220    12.439    -1.30    3.09
  21611.449    12.325    -0.40    2.92
  21900.655    11.943    -1.32    2.88
  22189.838    12.337     1.36    2.92
  22478.997    12.846     1.76    3.08
  22768.134    14.346     5.19    4.01
  23057.247    16.322     6.84    4.87
  23346.338    18.306     6.86    5.46
  23635.405    20.356     7.09    5.89
  23924.449    22.554     7.60    5.83
  24213.469    25.054     8.65    5.66
  24502.467    27.710     9.19    5.33
  24791.442    29.293     5.48    4.77
  25080.393    30.028     2.54    4.77
  25369.322    30.065     0.13    5.55
  25658.227    30.398     1.15    5.97
  25947.109    29.916    -1.67    6.38
  26235.968    28.722    -4.13    6.70
  26524.804    27.620    -3.82    6.53
  26813.617    26.256    -4.72    6.31
  27102.407    25.087    -4.05    5.94
  27391.174    24.339    -2.59    4.86
  27679.918    24.221    -0.41    4.63
  27968.639    25.152     3.23    5.21
  28257.336    26.747     5.53    5.64
  28546.011    28.167     4.92    5.66
  28834.663    29.457     4.47    5.73
  29123.291    30.411     3.30    5.48
  29411.897    30.500     0.31    5.36
  29700.480    30.352    -0.51    5.07
  29989.039    30.130    -0.77    4.80
  30277.576    29.909    -0.76    4.40
  30566.089    29.511    -1.38    3.63
  30854.580    28.607    -3.13    4.18
  31143.048    27.160    -5.02    5.29
  31431.492    25.421    -6.03    6.16
  31719.914    22.995    -8.41    6.58
  32008.313    20.543    -8.50    5.96
  32296.689    19.091    -5.04    4.92
  32585.041    17.978    -3.86    3.77
  32873.371    18.543     1.96    3.96
  33161.678    18.543    -0.00    3.49
  33449.962    18.522    -0.07    3.32
  33738.223    18.754     0.80    3.13
  34026.461    19.796     3.62    3.84
  34314.677    20.877     3.75    4.36
  34602.869    22.585     5.93    5.11
  34891.038    24.480     6.58    5.63
  35179.185    26.849     8.22    5.48
  35467.308    29.070     7.71    5.23
  35755.409    31.523     8.52    6.37
  36043.487    34.210     9.33    8.05
  36331.542    37.607    11.79    9.97
  36619.574    41.148    12.29   10.70
  36907.583    44.158    10.45   10.13
  37195.570    44.658     1.74   10.69
  37483.533    44.459    -0.69   11.79
  37771.474    43.291    -4.06   12.88
  38059.392    40.231   -10.63   13.76
  38347.287    36.575   -12.70   13.15
  38635.159    33.356   -11.18   11.97
  38923.008    30.114   -11.26    9.58
  39210.835    29.373    -2.58    7.77
  39498.638    30.847     5.12    8.22
  39786.419    33.575     9.48    9.66
  40074.177    36.409     9.85   10.55
  40361.912    39.152     9.53   10.58
  40649.625    42.231    10.70    9.23
  40937.315    45.414    11.06    5.82
  41224.981    47.165     6.09    4.75
  41512.626    48.665     5.21    4.35
  41800.247    50.092     4.96    4.07
  42087.846    51.672     5.50    4.34
  42375.421    52.307     2.21    5.33
  42662.975    50.843    -5.09    9.24
  42950.505    48.038    -9.76   12.13
  43238.012    44.750   -11.44   13.50
  43525.497    42.145    -9.06   13.92
  43812.959    39.587    -8.90   13.43
  44100.399    38.722    -3.01   12.76
  44387.816    39.382     2.29   13.29
  44675.210    41.930     8.87   14.57
  44962.581    44.554     9.13   15.05
  45249.929    47.196     9.19   15.53
  45537.255    48.689     5.20   16.20
  45824.559    51.533     9.90   15.95
  46111.839    52.070     1.87   15.88
  46399.097    50.743    -4.62   16.19
  46686.332    48.245    -8.70   16.68
  46973.544    45.111   -10.91   16.26
  47260.734    41.835   -11.40   14.90
  47547.902    38.828   -10.47   12.24
  47835.046    37.043    -6.21    9.78
  48122.168    37.450     1.42    9.78
  48409.267    38.481     3.59   10.41
  48696.344    39.596     3.88   10.62
  48983.398    41.075     5.15   10.94
  49270.429    42.724     5.74   10.80
  49557.438    44.124     4.88   11.13
  49844.424    45.809     5.87   11.09
  50131.388    47.076     4.41   11.09
  50418.328    47.923     2.95   10.82
  50705.247    48.815     3.11   10.43
  50992.143    49.414     2.09   10.37
  51279.016    50.532     3.90    9.47
  51565.866    50.854     1.12    9.28
  51852.694    51.619     2.67    8.93
  52139.500    52.543     3.22    8.04
  52426.283    54.119     5.49    6.42
  52713.043    54.821     2.45    5.35
  52999.781    55.416     2.08    3.35
  53286.496    55.717     1.05    2.96
  53573.189    55.833     0.41    2.86
  53859.859    55.840     0.02    2.91
  54146.507    55.596    -0.85    3.36
  54433.132    55.750     0.53    3.30
  54719.734    55.701    -0.17    3.49
  55006.314    55.692    -0.03    3.00
  55292.872    56.065     1.30    2.30
  55579.407    56.322     0.90    2.22
  55865.920    56.616     1.03    2.16
  56152.410    56.783     0.58    2.13
  56438.878    57.150     1.28    1.92
  56725.323    57.394     0.85    1.74
  57011.745    57.127    -0.93    3.03
  57298.146    56.679    -1.56    3.83
  57584.523    56.054    -2.18    4.54
  57870.879    54.683    -4.79    6.03
  58157.212    53.352    -4.65    6.76
  58443.522    52.523    -2.90    7.00
  58729.810    51.762    -2.66    7.12
  59016.076    50.858    -3.16    7.35
  59302.319    49.661    -4.18    7.49
  59588.540    49.048    -2.14    7.25
  59874.738    49.414     1.28    7.40
  60160.914    50.763     4.71    7.11
  60447.067    51.721     3.35    6.89
  60733.198    52.217     1.73    6.90
  61019.307    52.952     2.57    6.81
  61305.393    53.913     3.36    6.19
  61591.457    54.265     1.23    6.07
  61877.499    54.027    -0.83    6.11
  62163.518    54.076     0.17    6.09
  62449.515    54.737     2.31    5.30
  62735.489    55.664     3.24    4.39
  63021.442    56.411     2.61    2.86
  63307.371    56.767     1.24    2.38
  63593.279    56.841     0.26    2.47
  63879.164    57.065     0.78    2.30
  64165.027    57.299     0.82    2.24
  64450.867    57.405     0.37    2.33
  64736.685    57.491     0.30    2.28
  65022.481    57.575     0.29    2.17
  65308.254    57.671     0.34    2.14
  65594.006    57.852     0.63    2.01
  65879.735    58.085     0.82    1.92
  66165.441    58.043    -0.15    1.91
  66451.125    58.312     0.94    1.64
  66736.788    58.384     0.25    1.55
  67022.427    58.512     0.45    1.44
  67308.045    58.543     0.11    1.17
  67593.640    58.446    -0.34    1.15
  67879.213    58.608     0.57    1.11
  68164.764    58.743     0.47    1.05
  68450.292    58.887     0.51    0.99
  68735.798    58.934     0.16    0.99
  69021.282    58.902    -0.11    0.99
  69306.744    58.971     0.24    1.08
  69592.184    58.987     0.06    1.07
  69877.601    58.812    -0.61    1.22
  70162.996    58.640    -0.60    1.42
  70448.369    58.521    -0.42    1.35
  70733.720    58.454    -0.24    1.36
  71019.048    58.425    -0.10    1.35
  71304.354    58.436     0.04    1.33
  71589.638    58.382    -0.19    1.47
  71874.900    58.586     0.71    1.42
  72160.140    58.638     0.18    1.45
  72445.358    58.585    -0.18    1.50
  72730.553    58.543    -0.15    1.53
  73015.726    58.480    -0.22    1.51
  73300.877    58.394    -0.30    1.43
  73586.006    58.405     0.04    1.37
  73871.113    58.585     0.63    1.43
  74156.198    58.762     0.62    1.51
  74441.260    59.054     1.02    1.46
  74726.301    59.532     1.68    1.37
  75011.319    59.887     1.24    1.19
  75296.315    60.139     0.88    1.30
  75581.289    60.459     1.12    1.36
  75866.241    60.697     0.83    1.35
  76151.171    60.993     1.04    1.33
  76436.079    61.206     0.75    1.37
  76720.964    61.576     1.30    1.37
  77005.828    61.847     0.95    1.25
  77290.669    62.232     1.35    1.16
  77575.489    62.423     0.67    1.11
  77860.286    62.565     0.50    1.12
  78145.061    62.866     1.06    1.09
  78429.815    63.232     1.29    1.11
  78714.546    63.698     1.64    1.23
  79002.553    64.113     1.44    1.36
  79292.140    64.675     1.94    1.51
  79581.703    65.171     1.71    1.45
  79871.243    65.708     1.85    1.38
  80160.760    66.011     1.05    1.33
  80450.254    66.521     1.76    1.30
  80739.724    66.913     1.35    1.34
  81029.172    67.343     1.49    1.44
  81318.596    68.016     2.32    1.70
  81607.997    68.823     2.79    1.93
  81897.375    69.752     3.21    2.23
  82186.729    70.930     4.07    2.65
  82476.061    72.596     5.76    3.20
  82765.369    74.199     5.54    3.22
  83054.655    75.964     6.10    3.52
  83343.917    77.710     6.03    3.50
  83633.156    79.403     5.85    3.32
  83922.372    80.745     4.64    3.21
  84211.564    82.113     4.73    2.92
  84500.734    83.116     3.47    2.25
  84789.881    83.710     2.05    1.78
  85079.004    84.235     1.81    1.54
  85368.104    84.501     0.92    1.63
  85657.182    84.745     0.85    1.75
  85946.236    85.028     0.98    1.82
  86235.267    85.450     1.46    2.09
  86524.275    86.070     2.15    2.52
  86813.260    86.984     3.16    2.61
  87102.222    87.752     2.66    2.35
  87391.161    87.950     0.68    2.22
  87680.077    87.937    -0.04    2.38
  87968.970    87.320    -2.14    2.82
  88257.840    86.139    -4.09    3.40
  88546.686    84.741    -4.84    3.55
  88835.510    83.293    -5.01    3.50
  89124.311    81.790    -5.20    3.50
  89413.089    80.382    -4.88    3.63
  89701.843    78.629    -6.07    3.52
  89990.575    76.825    -6.25    3.65
  90279.284    75.457    -4.74    3.91
  90567.970    73.554    -6.59    4.32
  90856.632    71.446    -7.30    5.43
  91145.272    69.080    -8.20    6.37
  91433.889    66.135   -10.21    6.93
  91722.483    63.203   -10.16    7.24
  92011.054    60.026   -11.01    7.10
  92299.602    57.298    -9.45    6.55
  92588.127    54.973    -8.06    5.69
  92876.629    53.268    -5.91    5.04
  93165.108    52.414    -2.96    4.82
  93453.564    51.609    -2.79    4.74
  93741.998    50.954    -2.27    4.96
  94030.408    50.597    -1.24    5.10
  94318.796    49.956    -2.22    5.02
  94607.160    49.065    -3.09    4.68
  94895.502    47.832    -4.28    3.91
  95183.821    46.804    -3.56    3.19
  95472.117    45.747    -3.66    1.73
  95760.390    45.206    -1.88    1.25
  96048.640    44.943    -0.91    0.93
  96336.867    45.076     0.46    1.10
  96625.072    45.532     1.58    1.58
  96913.253    46.434     3.13    2.26
  97201.412    47.608     4.07    2.78
  97489.548    48.943     4.63    3.02
  97777.661    50.509     5.44    3.12
  98065.751    52.210     5.90    3.72
  98353.818    54.510     7.99    4.45
  98641.863    56.704     7.62    4.83
  98929.884    58.807     7.30    4.85
  99217.883    60.257     5.04    4.40
  99505.859    61.081     2.86    4.38
  99793.813    61.844     2.65    4.59
 100081.743    62.352     1.76    5.38
 100369.651    62.640     1.00    5.57
 100657.536    63.043     1.40    5.57
 100945.398    63.458     1.44    5.32
 101233.237    64.762     4.53    4.83
 101521.054    65.973     4.21    4.49
 101808.848    66.823     2.95    4.08
 102096.619    68.038     4.22    3.72
 102384.367    69.606     5.45    3.78
 102672.093    71.304     5.90    3.71
 102959.796    72.543     4.31    3.38
 103247.476    73.565     3.55    3.06
 103535.133    74.437     3.03    2.43
 103822.768    74.915     1.66    2.00
 104110.380    74.605    -1.08    2.38
 104397.969    74.139    -1.62    2.63
 104685.536    73.855    -0.99    2.48
 104973.080    73.777    -0.27    2.33
 105260.601    73.752    -0.09    2.25
 105548.099    73.964     0.74    2.26
 105835.575    74.478     1.79    2.26
 106123.028    75.016     1.87    1.86
 106410.459    75.076     0.21    1.96
 106697.866    74.680    -1.38    2.32
 106985.252    73.989    -2.41    2.75
 107272.614    72.684    -4.54    3.01
 107559.954    71.136    -5.39    3.28
 107847.271    69.160    -6.88    3.97
 108134.566    67.554    -5.59    3.94
 108421.837    66.328    -4.27    3.53
 108709.087    66.021    -1.07    3.12
 108996.313    66.121     0.35    3.22
 109283.517    66.891     2.68    3.45
 109570.699    68.421     5.33    3.96
 109857.858    70.652     7.77    3.93
 110144.994    72.689     7.09    3.63
 110432.108    73.887     4.17    3.08
 110719.199    74.858     3.38    2.41
 111006.267    75.510     2.27    1.96
 111293.313    75.891     1.33    1.45
 111580.336    76.232     1.19    1.56
 111867.337    76.598     1.28    1.90
 112154.315    77.360     2.66    2.34
 112441.271    78.048     2.40    2.40
 112728.204    78.167     0.41    2.33
 113015.115    77.898    -0.94    2.36
 113302.003    77.323    -2.00    2.39
 113588.868    76.532    -2.76    2.54
 113875.711    75.769    -2.66    2.49
 114162.532    74.833    -3.26    2.46
 114449.330    74.038    -2.77    2.26
 114736.105    73.565    -1.65    2.18
 115022.858    73.469    -0.33    2.12
 115309.589    73.439    -0.10    2.33
 115596.297    73.468     0.10    2.27
 115882.982    73.737     0.94    2.23
 116169.645    74.076     1.18    2.19
 116456.286    74.460     1.34    2.02
 116742.904    74.710     0.87    2.00
 117029.499    75.096     1.35    1.93
 117316.072    75.070    -0.09    1.99
 117602.623    74.989    -0.28    2.11
 117889.151    74.480    -1.77    2.52
 118175.657    73.866    -2.14    2.83
 118462.141    73.081    -2.74    3.02
 118748.602    71.760    -4.61    2.87
 119035.040    70.586    -4.10    2.40
 119321.456    69.500    -3.79    2.18
 119607.850    68.777    -2.52    2.26
 119894.221    67.945    -2.91    2.29
 120180.570    66.923    -3.57    2.62
 120466.896    66.180    -2.60    2.56
 120753.201    65.304    -3.06    2.68
 121039.482    64.686    -2.16    2.57
 121325.742    64.642    -0.15    2.94
 121611.979    65.043     1.40    3.49
 121898.193    65.987     3.30    4.10
 122184.385    66.923     3.27    4.29
 122470.555    67.673     2.62    4.35
 122756.703    68.054     1.33    4.49
 123042.828    68.221     0.58    4.38
 123328.931    68.221     0.00    4.22
 123615.011    68.152    -0.24    3.88
 123901.069    67.787    -1.27    3.34
 124187.105    67.719    -0.24    2.82
 124473.119    67.509    -0.73    2.23
 124759.110    67.376    -0.47    1.96
 125045.079    66.962    -1.45    1.87
 125331.025    66.673    -1.01    1.78
 125616.950    66.221    -1.58    1.81
 125902.852    65.672    -1.92    2.05
 126188.731    65.016    -2.29    2.22
 126474.589    64.715    -1.05    2.15
 126760.424    64.398    -1.11    2.11
 127046.237    64.049    -1.22    2.09
 127332.028    63.923    -0.44    1.98
 127617.796    63.866    -0.20    1.93
 127903.542    63.862    -0.01    2.08
 128189.266    63.884     0.07    2.18
 128474.968    64.118     0.82    2.25
 128760.647    64.391     0.96    2.21
 129046.304    64.855     1.62    2.15
 129331.939    65.221     1.28    2.16
 129617.552    65.825     2.12    2.06
 129903.142    66.196     1.30    1.85
 130188.711    66.501     1.07    1.74
 130474.257    66.210    -1.02    2.22
 130759.781    64.969    -4.35    3.90
 131045.282    63.135    -6.42    5.46
 131330.762    60.391    -9.61    7.15
 131616.219    56.776   -12.66    7.93
 131901.654    53.676   -10.86    7.96
 132187.067    50.643   -10.63    7.46
 132472.458    47.239   -11.93    6.40
 132757.827    44.293   -10.32    5.27
 133043.173    41.873    -8.48    4.08
 133328.498    40.254    -5.67    3.18
 133613.800    38.809    -5.06    2.70
 133899.080    37.739    -3.75    1.90
 134184.338    37.081    -2.30    1.40
 134469.574    36.631    -1.58    1.10
 134754.788    36.276    -1.24    1.18
 135039.979    36.032    -0.86    1.42
 135325.149    36.000    -0.11    1.39
 135610.296    36.239     0.84    1.50
 135895.421    36.737     1.75    2.06
 136180.524    37.876     4.00    3.46
 136465.606    39.694     6.37    4.91
 136750.665    42.382     9.43    6.54
 137035.701    45.471    10.83    7.39
 137320.716    48.213     9.62    7.07
 137605.709    50.184     6.91    5.92
 137890.680    51.076     3.13    5.41
 138175.629    51.501     1.49    4.93
 138460.555    52.023     1.83    4.74
 138745.460    52.038     0.05    4.58
 139030.342    51.869    -0.59    4.70
 139315.203    52.147     0.98    4.94
 139600.041    52.941     2.79    5.25
 139884.858    53.458     1.82    5.38
 140169.652    53.847     1.37    5.30
 140454.424    53.862     0.05    5.09
 140739.175    54.059     0.69    4.58
 141028.242    54.620     1.94    4.17
 141317.815    55.315     2.40    3.84
 141607.365    55.917     2.08    3.75
 141896.891    57.021     3.82    3.75
 142186.395    58.136     3.85    3.90
 142475.875    59.498     4.70    4.13
 142765.333    61.380     6.50    3.64
 143054.767    62.887     5.21    2.74
 143344.178    63.967     3.73    1.85
 143633.566    64.621     2.26    1.31
 143922.931    65.132     1.77    1.04
 144212.273    65.169     0.13    1.07
 144501.591    65.180     0.04    1.07
 144790.887    65.152    -0.10    1.09
 145080.160    64.776    -1.30    1.30
 145369.409    64.487    -1.00    1.24
 145658.636    63.932    -1.92    1.36
 145947.839    63.152    -2.70    1.82
 146237.019    62.433    -2.49    2.15
 146526.177    61.887    -1.89    1.93
 146815.311    61.776    -0.38    1.91
 147104.422    61.854     0.27    1.72
 147393.510    62.130     0.95    1.71
 147682.576    62.832     2.43    1.82
 147971.618    63.413     2.01    1.69
 148260.637    63.891     1.65    1.59
 148549.633    64.043     0.53    1.50
 148838.606    64.043     0.00    1.59
 149127.557    64.070     0.09    1.75
 149416.484    63.902    -0.58    1.84
 149705.388    63.809    -0.32    1.95
 149994.269    63.835     0.09    2.07
 150283.128    63.854     0.07    2.00
 150571.963    63.809    -0.15    2.05
 150860.776    63.887     0.27    2.04
 151149.565    64.021     0.46    2.12
 151438.332    64.003    -0.06    2.03
 151727.075    63.998    -0.02    1.92
 152015.796    63.934    -0.22    1.84
 152304.493    63.898    -0.12    1.81
 152593.168    63.619    -0.97    1.68
 152881.820    63.329    -1.00    1.64
 153170.449    62.954    -1.30    1.56
 153459.055    62.620    -1.16    1.57
 153747.638    62.154    -1.61    1.15
 154036.199    61.869    -0.99    0.97
 154324.736    61.643    -0.78    1.10
 154613.251    61.509    -0.46    1.28
 154901.742    61.432    -0.27    1.54
 155190.211    61.260    -0.59    1.84
 155478.657    61.235    -0.09    1.96
 155767.080    61.543     1.07    1.88
 156055.480    61.898     1.23    1.79
 156343.858    61.998     0.35    1.70
 156632.212    62.087     0.31    1.52
 156920.544    62.116     0.10    1.60
 157208.853    61.913    -0.70    1.63
 157497.139    61.862    -0.18    1.55
 157785.402    61.708    -0.53    1.37
 158073.643    61.586    -0.42    1.20
 158361.860    61.608     0.08    1.18
 158650.055    61.478    -0.45    1.16
 158938.227    61.210    -0.93    1.29
 159226.376    61.049    -0.56    1.40
 159514.503    60.747    -1.04    1.54
 159802.607    60.478    -0.94    1.77
 160090.687    60.033    -1.54    1.84
 160378.746    59.414    -2.15    1.68
 160666.781    58.760    -2.27    1.49
 160954.794    58.167    -2.06    1.50
 161242.784    57.640    -1.83    1.59
 161530.751    56.954    -2.38    1.81
 161818.695    56.280    -2.34    1.95
 162106.617    55.532    -2.60    2.02
 162394.516    54.695    -2.91    2.13
 162682.392    53.880    -2.83    2.30
 162970.245    53.213    -2.32    2.14
 163258.076    52.773    -1.53    2.07
 163545.884    52.745    -0.09    2.13
 163833.670    52.576    -0.59    2.19
 164121.433    52.851     0.96    2.40
 164409.173    53.341     1.70    2.33
 164696.890    54.002     2.30    2.22
 164984.585    54.691     2.39    2.17
 165272.257    55.065     1.30    2.12
 165559.906    55.673     2.12    2.19
 165847.533    56.358     2.38    1.80
 166135.137    56.841     1.68    1.61
 166422.718    57.137     1.03    1.48
 166710.277    57.192     0.19    1.45
 166997.813    57.554     1.26    1.56
 167285.326    58.032     1.66    1.61
 167572.817    58.403     1.29    1.65
 167860.286    58.796     1.37    1.64
 168147.731    59.185     1.35    1.61
 168435.154    59.184    -0.00    1.71
 168722.555    58.941    -0.85    1.81
 169009.933    58.833    -0.37    1.79
 169297.288    58.826    -0.03    1.55
 169584.620    58.697    -0.45    1.50
 169871.931    58.436    -0.91    1.36
 170159.218    58.304    -0.46    1.40
 170446.483    58.257    -0.16    1.57
 170733.725    58.081    -0.61    1.85
 171020.945    57.776    -1.06    1.85
 171308.142    57.554    -0.77    1.79
 171595.317    57.444    -0.38    1.79
 171882.469    57.354    -0.31    1.81
 172169.599    57.209    -0.50    2.01
 172456.706    56.925    -0.99    2.22
 172743.791    56.543    -1.33    2.32
 173030.853    56.202    -1.19    2.44
 173317.892    56.127    -0.26    2.65
 173604.909    56.443     1.10    2.77
 173891.904    56.621     0.62    2.78
 174178.876    56.829     0.72    2.66
 174465.826    57.136     1.07    2.29
 174752.753    57.576     1.53    1.67
 175039.657    57.554    -0.08    1.42
 175326.539    57.475    -0.27    1.43
 175613.399    57.332    -0.50    1.48
 175900.236    56.949    -1.33    1.49
 176187.051    56.521    -1.49    1.69
 176473.843    56.003    -1.80    1.96
 176760.613    55.365    -2.23    2.14
 177047.361    54.565    -2.79    2.32
 177334.086    53.665    -3.14    2.30
 177620.788    52.854    -2.83    2.24
 177907.468    52.332    -1.82    2.04
 178194.126    52.136    -0.68    2.03
 178480.761    51.993    -0.50    1.89
 178767.374    51.934    -0.21    1.78
 179053.965    51.804    -0.46    1.50
 179340.533    51.565    -0.83    1.43
 179627.079    51.337    -0.80    1.46
 179913.602    50.855    -1.68    1.58
 180200.103    50.307    -1.91    1.64
 180486.581    49.695    -2.13    1.69
 180773.038    49.207    -1.71    1.69
 181059.472    48.722    -1.69    1.78
 181345.883    48.285    -1.53    1.91
 181632.272    47.760    -1.83    1.99
 181918.639    47.076    -2.39    2.11
 182204.983    46.480    -2.08    2.25
 182491.306    45.814    -2.33    2.50
 182777.605    45.128    -2.40    2.52
 183063.883    44.511    -2.16    2.44
 183350.138    43.829    -2.38    2.35
 183636.371    43.282    -1.91    2.10
 183922.581    42.884    -1.39    2.02
 184208.770    42.523    -1.26    1.91
 184494.936    41.926    -2.08    1.92
 184781.079    41.282    -2.25    1.98
 185067.201    40.706    -2.01    1.92
 185353.300    40.228    -1.67    1.99
 185639.376    39.809    -1.46    2.19
 185925.431    39.479    -1.15    2.32
 186211.463    39.108    -1.30    2.52
 186497.473    38.984    -0.43    2.59
 186783.461    38.823    -0.56    2.67
 187069.427    38.765    -0.20    2.69
 187355.370    38.663    -0.36    2.76
 187641.291    38.576    -0.30    2.68
 187927.190    38.374    -0.71    2.57
 188213.066    38.176    -0.69    2.61
 188498.921    37.798    -1.32    2.56
 188784.753    37.452    -1.21    2.51
 189070.563    37.060    -1.37    2.48
 189356.350    36.620    -1.54    2.49
 189642.116    36.039    -2.03    2.59
 189927.859    35.326    -2.49    2.88
