-233657.619    41.707     0.00    4.40
-233369.451    41.037    -2.32    4.58
-233081.261    39.970    -3.70    4.77
-232793.047    39.065    -3.14    4.95
-232504.811    37.980    -3.76    4.82
-232216.552    37.258    -2.50    4.66
-231928.269    36.816    -1.53    4.29
-231639.964    35.850    -3.35    4.15
-231351.636    34.311    -5.34    3.95
-231063.285    33.269    -3.61    4.02
-230774.911    32.423    -2.93    4.19
-230486.514    31.028    -4.84    4.14
-230198.094    29.879    -3.98    4.19
-229909.651    28.879    -3.47    4.09
-229621.185    28.371    -1.76    3.96
-229332.696    28.162    -0.73    3.76
-229044.184    27.919    -0.84    3.41
-228755.649    28.185     0.92    2.90
-228467.091    27.819    -1.27    2.79
-228178.510    27.361    -1.59    2.71
-227889.906    26.590    -2.67    2.78
-227601.279    25.374    -4.21    3.37
-227312.628    24.015    -4.71    3.49
-227023.955    22.475    -5.33    3.71
-226735.259    21.163    -4.55    3.73
-226446.540    19.896    -4.39    3.77
-226157.797    18.942    -3.30    3.54
-225869.032    17.792    -3.98    3.50
-225580.243    17.423    -1.28    3.38
-225291.432    17.111    -1.08    3.52
-225002.597    17.176     0.23    3.49
-224713.739    17.494     1.10    3.41
-224424.859    17.605     0.39    3.55
-224135.955    18.078     1.63    3.05
-223847.028    18.358     0.97    2.77
-223558.077    18.315    -0.15    2.47
-223269.104    18.004    -1.07    2.35
-222980.108    17.720    -0.99    2.30
-222691.088    17.100    -2.14    2.54
-222402.045    15.928    -4.05    2.82
-222112.980    14.605    -4.57    2.96
-221823.891    13.218    -4.80    2.91
-221534.779    12.100    -3.87    2.78
-221245.643    10.864    -4.28    2.77
-220956.485     9.573    -4.46    2.46
-220667.303     8.175    -4.83    2.72
-220378.098     6.847    -4.59    2.89
-220088.870     5.941    -3.13    2.68
-219799.619     5.558    -1.32    2.61
-219510.345     5.058    -1.73    2.68
-219221.047     4.552    -1.75    2.69
-218931.727     4.736     0.64    2.90
-218642.383     5.111     1.30    2.89
-218353.015     5.153     0.14    2.87
-218063.625     5.248     0.33    2.68
-217774.211     5.559     1.07    2.65
-217484.774     5.840     0.97    2.84
-217195.314     6.690     2.94    3.15
-216905.831     8.079     4.80    3.01
-216616.324     9.580     5.18    2.79
-216326.794    10.653     3.71    2.94
-216038.037    11.788     3.93    3.07
-215753.354    12.953     4.09    3.20
-215468.648    14.413     5.13    3.58
-215183.920    15.861     5.08    3.71
-214899.169    17.387     5.36    3.65
-214614.397    18.864     5.18    3.43
-214329.603    20.016     4.05    3.16
-214044.786    20.622     2.13    2.76
-213759.948    20.483    -0.49    2.88
-213475.087    19.555    -3.26    3.36
-213190.204    18.133    -4.99    3.80
-212905.299    16.185    -6.83    4.37
-212620.372    14.616    -5.51    3.80
-212335.423    13.700    -3.22    3.10
-212050.451    13.530    -0.59    2.70
-211765.458    14.313     2.75    3.12
-211480.442    15.469     4.05    3.72
-211195.404    17.027     5.46    4.12
-210910.344    18.819     6.29    4.10
-210625.262    20.298     5.19    4.22
-210340.157    22.090     6.28    4.49
-210055.030    24.413     8.15    4.89
-209769.882    26.858     8.57    4.88
-209484.711    29.183     8.15    4.89
-209199.517    31.465     8.00    4.85
-208914.302    34.058     9.09    4.86
-208629.064    36.542     8.71    4.74
-208343.804    39.142     9.11    4.68
-208058.522    41.330     7.67    5.01
-207773.217    43.839     8.79    5.08
-207487.891    46.530     9.43    5.13
-207202.542    49.345     9.86    5.50
-206917.171    52.595    11.39    6.53
-206631.777    56.788    14.69    8.84
-206346.362    62.013    18.30   11.19
-206060.924    69.664    26.80   15.61
-205775.463    78.498    30.94   18.67
-205489.981    86.375    27.59   19.59
-205204.476    94.068    26.94   19.72
-204918.949    98.324    14.90   18.25
-204633.400   100.309     6.95   15.92
-204347.828    98.753    -5.45   16.27
-204062.234    95.363   -11.87   17.02
-203776.618    91.173   -14.67   16.96
-203490.979    85.843   -18.66   16.94
-203205.318    80.944   -17.15   16.78
-202919.635    77.058   -13.60   16.57
-202633.929    75.153    -6.67   16.52
-202348.201    73.632    -5.32   15.98
-202062.451    74.195     1.97   14.22
-201776.678    73.475    -2.52   12.00
-201490.883    71.462    -7.04   11.37
-201205.065    68.258   -11.21   12.68
-200919.226    63.957   -15.05   15.18
-200633.364    56.487   -26.13   18.04
-200347.479    48.526   -27.84   18.70
-200061.572    40.079   -29.54   16.53
-199775.643    32.814   -25.40   13.43
-199489.691    27.013   -20.28    9.16
-199203.717    23.027   -13.94    6.00
-198917.720    20.294    -9.55    4.21
-198631.701    18.320    -6.90    3.42
-198345.660    16.509    -6.33    3.66
-198059.596    15.451    -3.70    3.79
-197773.510    15.246    -0.72    3.74
-197487.401    15.174    -0.25    3.95
-197201.270    15.517     1.20    4.28
-196915.117    15.944     1.49    4.32
-196628.941    16.049     0.37    5.20
-196342.742    14.819    -4.30    8.11
-196056.521    12.507    -8.08   10.50
-195770.278     9.267   -11.32   11.81
-195484.012     5.444   -13.35   11.89
-195197.724     2.267   -11.10   11.01
-194911.413    -1.212   -12.15    8.56
-194625.080    -3.708    -8.72    4.74
-194338.724    -4.594    -3.09    1.19
-194052.345    -4.450     0.51    1.28
-193765.944    -4.341     0.38    1.32
-193479.521    -4.219     0.43    1.48
-193193.075    -4.261    -0.15    1.61
-192906.607    -4.222     0.14    1.64
-192620.116    -4.596    -1.30    1.67
-192333.602    -4.868    -0.95    1.54
-192047.066    -4.574     1.03    1.52
-191760.508    -4.351     0.78    1.56
-191473.927    -4.049     1.05    1.63
-191187.323    -3.676     1.30    1.72
-190900.697    -3.485     0.67    1.71
-190614.048    -3.237     0.87    1.56
-190327.376    -3.068     0.59    1.54
-190040.682    -2.868     0.70    1.51
-189753.966    -2.910    -0.15    1.60
-189467.227    -3.087    -0.62    1.85
-189180.465    -3.254    -0.58    2.16
-188893.680    -3.198     0.19    2.53
-188606.873    -2.806     1.37    3.35
-188320.044    -2.754     0.18    3.56
-188033.192    -2.681     0.25    3.42
-187746.317    -2.275     1.42    3.99
-187459.419    -1.910     1.27    3.88
-187172.499    -1.910     0.00    3.42
-186885.556    -2.496    -2.04    2.60
-186598.591    -2.858    -1.26    2.71
-186311.603    -3.285    -1.49    2.48
-186024.592    -3.599    -1.09    2.31
-185737.559    -3.931    -1.16    1.85
-185450.502    -4.524    -2.06    2.09
-185163.424    -4.603    -0.28    2.02
-184876.322    -4.813    -0.73    1.92
-184589.198    -5.170    -1.24    1.94
-184302.051    -5.416    -0.86    2.03
-184014.882    -5.556    -0.49    2.12
-183727.689    -5.666    -0.38    2.19
-183440.474    -5.696    -0.10    2.36
-183153.237    -6.049    -1.23    2.59
-182865.976    -6.258    -0.73    2.77
-182578.693    -6.621    -1.27    2.98
-182291.387    -7.285    -2.31    3.48
-182004.058    -8.525    -4.31    3.29
-181716.707    -9.229    -2.45    3.11
-181429.333    -9.702    -1.64    3.09
-181141.936    -9.869    -0.58    3.12
-180854.516   -10.118    -0.87    3.07
-180567.074    -9.795     1.12    3.12
-180279.609    -9.618     0.62    3.05
-179992.121    -9.452     0.58    2.86
-179704.610    -8.752     2.43    3.00
-179417.076    -8.045     2.46    3.11
-179129.520    -7.089     3.32    3.13
-178841.941    -6.275     2.83    3.07
-178554.339    -6.476    -0.70    2.90
-178266.714    -6.240     0.82    2.74
-177979.066    -6.201     0.14    2.81
-177691.396    -6.027     0.60    2.75
-177403.703    -5.867     0.56    2.79
-177115.986    -5.975    -0.38    2.64
-176828.247    -6.379    -1.40    2.23
-176540.486    -6.672    -1.02    2.14
-176252.701    -6.813    -0.49    2.07
-175964.893    -7.287    -1.65    2.18
-175677.063    -8.089    -2.79    2.30
-175389.210    -8.448    -1.25    2.39
-175101.333    -8.672    -0.78    2.53
-174813.434    -8.889    -0.75    2.47
-174525.512    -8.379     1.77    2.66
-174237.568    -7.900     1.66    3.01
-173949.600    -7.452     1.56    3.31
-173661.609    -7.295     0.54    3.35
-173373.596    -7.014     0.98    3.28
-173085.559    -6.611     1.40    3.04
-172797.500    -6.343     0.93    2.78
-172509.417    -6.353    -0.04    2.64
-172221.312    -6.472    -0.41    2.65
-171933.184    -7.712    -4.30    3.47
-171645.032    -9.425    -5.94    4.04
-171356.858   -10.785    -4.72    4.16
-171068.661   -12.085    -4.51    4.07
-170780.441   -13.462    -4.78    3.22
-170492.198   -14.400    -3.25    1.75
-170203.932   -13.347     3.65    3.91
-169915.643   -11.794     5.38    5.06
-169627.331   -10.347     5.02    5.35
-169338.996    -9.437     3.16    5.21
-169050.638    -8.837     2.08    5.16
-168762.257    -8.389     1.55    5.05
-168473.853    -8.599    -0.73    4.81
-168185.426    -8.573     0.09    5.31
-167896.976    -7.502     3.71    6.08
-167608.503    -5.780     5.97    6.92
-167320.007    -3.552     7.72    6.96
-167031.487    -1.483     7.17    6.07
-166742.945    -0.368     3.86    4.93
-166454.380     0.331     2.42    4.63
-166165.791    -0.400    -2.53    5.43
-165877.180    -2.342    -6.73    6.40
-165588.546    -3.964    -5.62    6.58
-165299.888    -5.426    -5.07    6.34
-165011.207    -5.899    -1.64    6.32
-164722.504    -5.462     1.51    6.45
-164433.777    -3.921     5.34    6.85
-164145.027    -2.712     4.19    6.80
-163856.254    -1.472     4.29    6.91
-163567.458     0.153     5.63    7.92
-163278.638     1.080     3.21    8.96
-162989.796     1.392     1.08    9.17
-162700.930     2.448     3.65    9.89
-162412.042     3.430     3.40   10.06
-162123.130     3.580     0.52    9.07
-161834.195     3.830     0.87    8.80
-161545.237     5.059     4.25    9.48
-161256.256     4.977    -0.28    9.44
-160967.251     4.205    -2.67    8.71
-160678.224     4.058    -0.51    8.41
-160389.173     3.371    -2.38    7.43
-160100.099     2.664    -2.45    5.50
-159811.002     2.536    -0.44    3.95
-159521.881     2.928     1.35    4.15
-159232.738     5.003     7.18    6.52
-158943.571     8.836    13.25    9.85
-158654.381    12.845    13.86   12.97
-158365.168    17.048    14.53   15.41
-158075.931    21.730    16.19   17.58
-157786.672    25.767    13.95   19.08
-157497.389    28.994    11.15   19.69
-157208.083    31.473     8.57   20.05
-156918.753    33.165     5.85   19.98
-156629.401    33.324     0.55   18.97
-156340.025    34.595     4.39   18.57
-156050.626    34.451    -0.50   17.57
-155761.203    34.517     0.23   16.52
-155471.758    34.462    -0.19   16.07
-155182.289    33.795    -2.30   15.10
-154892.796    33.600    -0.67   14.74
-154603.281    33.090    -1.76   14.21
-154313.742    33.348     0.89   13.94
-154026.066    35.225     6.53   13.66
-153741.394    36.884     5.83   14.09
-153456.700    38.430     5.43   15.15
-153171.983    40.863     8.54   16.56
-152887.245    43.121     7.93   17.17
-152602.484    42.325    -2.80   18.86
-152317.702    38.417   -13.72   20.90
-152032.897    33.951   -15.68   21.44
-151748.070    27.174   -23.79   19.80
-151463.220    20.328   -24.03   15.67
-151178.349    16.026   -15.10   10.59
-150893.455    14.437    -5.58    7.02
-150608.540    16.692     7.91   10.10
-150323.602    22.229    19.43   14.63
-150038.642    29.837    26.70   18.16
-149753.660    39.600    34.25   20.29
-149468.655    49.459    34.59   19.64
-149183.629    58.542    31.87   17.70
-148898.580    65.903    25.82   15.44
-148613.509    73.361    26.16   12.68
-148328.416    79.451    21.36    9.67
-148043.300    83.307    13.52    7.27
-147758.163    85.204     6.65    6.20
-147473.003    87.121     6.72    5.57
-147187.821    90.822    12.98    8.56
-146902.617    95.913    17.85   12.04
-146617.390   100.874    17.39   14.02
-146332.141   106.858    20.98   15.06
-146046.870   109.907    10.68   14.91
-145761.577   111.079     4.11   14.86
-145476.261   109.132    -6.82   14.99
-145190.923   104.390   -16.62   14.40
-144905.563    99.239   -18.05   14.07
-144620.181    95.315   -13.75   11.94
-144334.776    92.372   -10.31   11.14
-144049.349    90.369    -7.02   12.27
-143763.900    89.121    -4.37   13.83
-143478.428    85.590   -12.37   16.23
-143192.934    78.871   -23.53   18.81
-142907.418    74.327   -15.91   17.74
-142621.880    73.038    -4.52   17.51
-142336.319    70.663    -8.32   16.77
-142050.735    67.705   -10.36   17.68
-141765.130    64.767   -10.28   17.73
-141479.502    64.812     0.16   17.54
-141193.852    63.936    -3.07   15.57
-140908.179    64.451     1.80   14.21
-140622.484    66.300     6.47   14.71
-140336.767    70.562    14.92   16.08
-140051.027    75.187    16.18   15.26
-139765.265    75.866     2.38   16.32
-139479.481    74.792    -3.76   19.06
-139193.674    71.590   -11.20   21.76
-138907.845    65.993   -19.58   23.28
-138621.993    60.361   -19.70   21.91
-138336.119    55.885   -15.65   18.21
-138050.223    52.415   -12.14   12.53
-137764.304    53.048     2.21   11.09
-137478.363    56.353    11.56   12.82
-137192.399    62.441    21.29   15.05
-136906.413    70.296    27.47   15.89
-136620.405    77.225    24.22   15.50
-136334.374    83.080    20.46   14.63
-136048.320    90.111    24.58   13.94
-135762.244    96.544    22.48   12.85
-135476.146   101.642    17.82   11.45
-135190.025   106.361    16.49   10.82
-134903.882   112.225    20.49   11.52
-134617.716   117.319    17.80   11.71
-134331.528   123.006    19.87   10.87
-134045.317   126.752    13.09   10.73
-133759.084   132.207    19.05   13.91
-133472.828   139.996    27.21   18.16
-133186.550   150.296    35.97   22.63
-132900.249   164.821    50.73   30.39
-132613.926   181.941    59.79   40.71
-132327.580   202.227    70.84   49.21
-132041.212   215.930    47.85   48.18
-131754.821   228.227    42.93   46.18
-131468.408   240.100    41.45   45.05
-131181.972   248.795    30.35   43.68
-130895.513   254.808    20.99   44.34
-130609.032   260.340    19.31   41.92
-130322.529   264.915    15.97   40.79
-130036.003   269.257    15.15   36.63
-129749.454   267.000    -7.88   36.76
-129462.883   265.819    -4.12   37.39
-129176.289   267.876     7.18   39.08
-128889.672   272.111    14.77   39.78
-128603.033   275.132    10.54   39.76
-128316.372   282.153    24.49   39.09
-128029.687   291.573    32.86   32.35
-127742.980   297.154    19.46   27.84
-127456.251   301.816    16.26   28.00
-127169.499   305.015    11.15   30.44
-126882.724   306.585     5.47   31.64
-126595.927   309.261     9.33   30.29
-126309.107   315.311    21.09   26.76
-126022.264   320.079    16.62   21.70
-125735.399   319.249    -2.89   23.28
-125448.511   316.513    -9.54   25.56
-125161.600   315.346    -4.07   27.16
-124874.667   311.183   -14.51   29.47
-124587.711   306.461   -16.45   32.66
-124300.732   303.528   -10.22   34.47
-124013.731   299.662   -13.47   38.81
-123726.707   291.767   -27.50   45.40
-123439.660   280.725   -38.46   52.68
-123152.591   272.595   -28.32   53.78
-122865.498   260.327   -42.73   52.99
-122578.384   250.662   -33.66   51.74
-122291.246   246.217   -15.48   51.18
-122004.086   241.679   -15.80   48.24
-121716.903   236.896   -16.65   47.09
-121429.697   242.111    18.16   47.56
-121142.468   240.749    -4.74   46.09
-120855.217   243.951    11.15   42.39
-120567.943   244.326     1.30   38.91
-120280.646   238.319   -20.91   41.81
-119993.327   223.304   -52.25   42.37
-119705.984   204.487   -65.48   42.26
-119418.619   187.290   -59.84   38.98
-119131.231   172.121   -52.78   35.24
-118843.821   158.413   -47.69   29.94
-118556.387   146.173   -42.58   26.58
-118268.931   137.236   -31.09   23.44
-117981.452   130.936   -21.91   21.31
-117693.950   124.131   -23.67   19.50
-117406.425   119.986   -14.42   17.34
-117118.878   118.423    -5.43   15.76
-116831.307   115.474   -10.25   12.78
-116543.714   113.325    -7.47   11.32
-116256.098   111.903    -4.95   11.56
-115968.459   108.038   -13.43   15.46
-115680.798   102.871   -17.96   19.69
-115393.113    96.955   -20.56   23.73
-115105.406    89.465   -26.03   27.23
-114817.675    81.480   -27.75   29.26
-114529.922    70.890   -36.80   29.22
-114242.146    59.806   -38.51   27.31
-113954.347    50.864   -31.07   23.27
-113666.525    41.752   -31.65   22.18
-113378.680    33.163   -29.84   23.37
-113090.813    25.302   -27.30   23.05
-112802.922    18.788   -22.62   23.03
-112515.009    13.227   -19.32   21.00
-112227.072     7.300   -20.58   16.84
-111939.113     1.973   -18.50    8.47
-111651.131    -0.868    -9.86    2.95
-111363.126    -1.681    -2.82    1.04
-111075.097    -1.889    -0.72    0.00
-110787.046    -1.889     0.00    0.00
-110498.972    -1.889     0.00    0.00
-110210.875    -1.889     0.00    0.00
-109922.755    -1.889     0.00    0.00
-109634.612    -1.889     0.00    0.00
-109346.446    -1.889     0.00    0.00
-109058.257    -1.889     0.00    0.00
-108770.045    -1.889     0.00    0.00
-108481.811    -1.889     0.00    0.00
-108193.553    -1.889     0.00    0.00
-107905.272    -1.889     0.00    0.00
-107616.968    -1.889     0.00    0.00
-107328.641    -1.889     0.00    0.00
-107040.291    -1.889     0.00    0.00
-106751.918    -1.889     0.00    0.00
-106463.522    -1.889     0.00    0.00
-106175.103    -1.889     0.00    0.00
-105886.660    -1.889     0.00    0.00
-105598.195    -1.889     0.00    0.00
-105309.707    -1.889     0.00    0.00
-105021.196    -1.889     0.00    0.00
-104732.661    -1.889     0.00    0.00
-104444.104    -1.889     0.00    0.00
-104155.523    -1.889     0.00    0.00
-103866.919    -1.889     0.00    0.00
-103578.293    -1.889     0.00    0.00
-103289.643    -1.889     0.00    0.00
-103000.970    -1.889     0.00    0.00
-102712.274    -1.889     0.00    0.00
-102423.555    -1.889     0.00    0.00
-102134.812    -1.889     0.00    0.00
-101846.047    -1.889     0.00    0.00
-101557.258    -1.889     0.00    0.00
-101268.446    -1.889     0.00    0.00
-100979.611    -1.889     0.00    0.00
-100690.753    -1.889     0.00    0.00
-100401.872    -1.889     0.00    0.00
-100112.968    -1.889     0.00    0.00
 -99824.040    -1.889     0.00    0.00
 -99535.090    -1.618     0.94    0.96
 -99246.116    -1.251     1.27    1.44
 -98957.118    -0.749     1.74    1.88
 -98668.098    -0.202     1.89    2.26
 -98379.055     0.207     1.41    2.34
 -98089.988     0.798     2.05    2.57
 -97800.898     1.398     2.07    2.68
 -97511.785     1.798     1.38    2.51
 -97222.648     2.186     1.34    2.32
 -96933.489     2.186     0.00    2.09
 -96644.306     2.029    -0.54    1.57
 -96355.100     1.965    -0.22    1.49
 -96065.871     1.682    -0.98    1.74
 -95776.618     1.468    -0.74    1.98
 -95487.342     1.461    -0.02    2.20
 -95198.043     1.519     0.20    2.28
 -94908.720     1.764     0.85    2.23
 -94619.375     1.913     0.51    2.19
 -94330.006     1.866    -0.16    2.15
 -94040.614     1.795    -0.25    2.24
 -93751.198     1.205    -2.04    2.31
 -93461.759     0.575    -2.18    2.33
 -93172.297    -0.042    -2.13    2.36
 -92882.811    -0.512    -1.62    2.90
 -92593.303    -0.064     1.54    4.07
 -92303.770     0.585     2.24    5.01
 -92017.142     0.911     1.14    5.17
 -91732.479     0.788    -0.43    5.18
 -91447.793     0.856     0.24    5.21
 -91163.085     0.595    -0.92    5.12
 -90878.354     0.007    -2.07    4.49
 -90593.602    -0.634    -2.25    3.46
 -90308.828    -1.244    -2.14    1.87
 -90024.031    -1.479    -0.82    1.06
 -89739.212    -1.466     0.04    1.08
 -89454.371    -1.491    -0.09    1.07
 -89169.508    -1.512    -0.07    1.06
 -88884.623    -1.660    -0.52    0.86
 -88599.716    -1.879    -0.77    0.10
 -88314.786    -1.889    -0.04    0.00
 -88029.834    -1.889     0.00    0.00
 -87744.860    -1.889     0.00    0.00
 -87459.864    -1.889     0.00    0.00
 -87174.846    -1.889     0.00    0.00
 -86889.805    -1.889     0.00    0.00
 -86604.743    -1.889     0.00    0.00
 -86319.658    -1.889     0.00    0.00
 -86034.550    -1.889     0.00    0.00
 -85749.421    -1.889     0.00    0.00
 -85464.269    -1.889     0.00    0.00
 -85179.095    -1.889     0.00    0.00
 -84893.899    -1.889     0.00    0.00
 -84608.681    -1.889     0.00    0.00
 -84323.440    -1.827     0.22    0.61
 -84038.177    -1.590     0.83    1.46
 -83752.892    -0.839     2.63    2.59
 -83467.584    -0.226     2.15    3.01
 -83182.254     0.278     1.76    3.14
 -82896.902     0.975     2.45    3.16
 -82611.528     1.517     1.90    2.93
 -82326.131     1.715     0.69    2.60
 -82040.713     2.090     1.31    2.13
 -81755.271     2.387     1.04    1.57
 -81469.808     2.871     1.69    1.40
 -81184.322     3.532     2.31    2.39
 -80898.814     4.866     4.67    3.47
 -80613.283     6.742     6.57    4.22
 -80327.730     9.007     7.93    4.74
 -80042.155    11.205     7.70    5.18
 -79756.557    14.028     9.89    5.63
 -79470.937    16.673     9.26    6.48
 -79185.295    19.727    10.69    7.35
 -78899.631    23.031    11.56    7.64
 -78613.944    26.049    10.56    7.05
 -78328.234    28.719     9.34    5.82
 -78042.502    30.668     6.82    4.55
 -77756.748    31.866     4.19    3.65
 -77470.972    32.317     1.58    3.91
 -77185.173    32.568     0.88    3.68
 -76899.352    32.696     0.45    3.63
 -76613.508    32.934     0.83    3.43
 -76327.642    33.339     1.42    3.30
 -76041.753    33.749     1.43    3.36
 -75755.842    34.392     2.25    3.54
 -75469.909    34.824     1.51    3.48
 -75183.953    35.258     1.52    3.63
 -74897.974    35.672     1.45    3.64
 -74611.974    36.039     1.28    3.30
 -74325.950    36.313     0.96    3.07
 -74039.905    36.641     1.15    2.64
 -73753.837    36.958     1.11    2.21
 -73467.746    37.030     0.25    1.95
 -73181.633    36.968    -0.22    1.80
 -72895.497    36.694    -0.96    1.84
 -72609.339    36.184    -1.78    2.01
 -72323.159    35.448    -2.57    2.22
 -72036.956    34.923    -1.83    2.24
 -71750.730    34.409    -1.80    2.21
 -71464.482    33.717    -2.42    2.07
 -71178.212    33.340    -1.32    1.80
 -70891.919    33.090    -0.87    1.68
 -70605.603    32.717    -1.30    1.54
 -70319.265    32.563    -0.54    1.37
 -70032.904    32.423    -0.49    1.17
 -69746.521    32.348    -0.26    1.22
 -69460.115    32.427     0.28    1.27
 -69173.687    32.569     0.50    1.36
 -68887.236    32.741     0.60    1.55
 -68600.763    32.717    -0.08    1.66
 -68314.267    32.936     0.76    1.80
 -68027.748    33.009     0.26    1.90
 -67741.207    32.687    -1.12    2.06
 -67454.643    32.182    -1.76    2.32
 -67168.057    31.600    -2.03    2.58
 -66881.448    30.884    -2.50    2.48
 -66594.816    30.290    -2.07    2.21
 -66308.162    29.711    -2.02    1.65
 -66021.485    29.302    -1.42    1.23
 -65734.786    29.175    -0.45    1.03
 -65448.064    29.163    -0.04    0.93
 -65161.319    29.111    -0.18    0.86
 -64874.552    29.046    -0.22    0.89
 -64587.762    28.931    -0.40    0.94
 -64300.949    28.843    -0.31    0.96
 -64014.114    28.662    -0.63    1.00
 -63727.256    28.544    -0.41    1.06
 -63440.375    28.192    -1.22    1.18
 -63153.472    27.808    -1.34    1.08
 -62866.546    27.698    -0.38    1.05
 -62579.597    27.410    -1.01    1.05
 -62292.626    27.293    -0.41    1.01
 -62005.632    27.295     0.01    1.07
 -61718.615    27.307     0.04    1.03
 -61431.576    27.374     0.23    1.02
 -61144.514    27.562     0.66    1.19
 -60857.429    27.757     0.68    1.26
 -60570.321    28.004     0.86    1.21
 -60283.191    28.046     0.15    1.15
 -59996.038    28.028    -0.07    1.20
 -59708.862    27.909    -0.41    1.32
 -59421.663    27.579    -1.15    1.35
 -59134.442    27.279    -1.04    1.21
 -58847.198    26.923    -1.24    1.17
 -58559.931    26.580    -1.19    0.99
 -58272.642    26.376    -0.71    0.87
 -57985.329    26.379     0.01    0.88
 -57697.994    26.353    -0.09    0.94
 -57410.636    26.325    -0.10    0.93
 -57123.255    26.317    -0.03    0.92
 -56835.852    26.321     0.01    0.97
 -56548.425    26.315    -0.02    1.03
 -56260.976    26.142    -0.60    1.05
 -55973.504    26.028    -0.40    1.02
 -55686.009    25.941    -0.30    1.02
 -55398.492    25.853    -0.30    0.97
 -55110.951    25.696    -0.55    0.97
 -54823.388    25.611    -0.30    0.84
 -54535.802    25.632     0.07    0.85
 -54248.193    25.675     0.15    0.96
 -53960.561    25.664    -0.04    0.98
 -53672.906    25.757     0.32    1.03
 -53385.228    25.909     0.53    1.10
 -53097.528    26.018     0.38    1.08
 -52809.805    25.988    -0.10    1.07
 -52522.058    25.948    -0.14    1.00
 -52234.289    25.921    -0.09    1.02
 -51946.497    25.764    -0.55    0.95
 -51658.682    25.729    -0.12    0.92
 -51370.844    25.646    -0.29    0.91
 -51082.984    25.636    -0.03    0.94
 -50795.100    25.642     0.02    0.96
 -50507.193    25.565    -0.27    1.01
 -50219.264    25.410    -0.54    0.98
 -49931.311    25.321    -0.31    1.00
 -49643.336    25.283    -0.13    1.01
 -49355.337    25.229    -0.19    0.97
 -49067.316    25.330     0.35    1.01
 -48779.272    25.462     0.46    1.19
 -48491.204    25.819     1.24    1.38
 -48203.114    26.121     1.05    1.45
 -47915.001    26.311     0.66    1.37
 -47626.865    26.469     0.55    1.40
 -47338.705    26.542     0.26    1.43
 -47050.523    26.423    -0.41    1.49
 -46762.318    26.202    -0.77    1.62
 -46474.090    25.958    -0.85    1.66
 -46185.839    25.781    -0.61    1.57
 -45897.564    25.651    -0.45    1.52
 -45609.267    25.717     0.23    1.56
 -45320.947    26.029     1.08    1.65
 -45032.603    26.311     0.98    1.84
 -44744.237    26.697     1.34    1.76
 -44455.847    26.946     0.86    1.62
 -44167.435    27.131     0.64    1.48
 -43878.999    27.090    -0.14    1.50
 -43590.541    27.071    -0.07    1.60
 -43302.059    26.821    -0.87    1.62
 -43013.554    26.600    -0.76    1.58
 -42725.026    26.486    -0.40    1.58
 -42436.475    26.579     0.32    1.41
 -42147.901    26.504    -0.26    1.41
 -41859.304    26.507     0.01    1.30
 -41570.684    26.568     0.21    1.28
 -41282.040    26.770     0.70    1.14
 -40993.374    26.721    -0.17    1.09
 -40704.684    26.621    -0.35    1.14
 -40415.971    26.478    -0.50    1.21
 -40127.235    26.162    -1.10    1.33
 -39838.476    25.672    -1.70    1.45
 -39549.694    25.121    -1.91    1.52
 -39260.889    24.601    -1.80    1.64
 -38972.060    24.255    -1.20    1.63
 -38683.209    24.020    -0.81    1.74
 -38394.334    24.018    -0.01    1.89
 -38105.436    24.317     1.03    2.11
 -37816.514    24.631     1.09    2.16
 -37527.570    25.152     1.80    2.02
 -37238.602    25.637     1.68    1.84
 -36949.611    26.037     1.39    1.52
 -36660.597    26.321     0.98    1.34
 -36371.560    26.350     0.10    1.28
 -36082.500    26.248    -0.36    1.31
 -35793.416    26.058    -0.66    1.28
 -35504.309    25.840    -0.75    1.13
 -35215.179    25.504    -1.16    1.08
 -34926.025    25.270    -0.81    1.10
 -34636.849    25.017    -0.88    1.10
 -34347.649    24.648    -1.27    1.19
 -34058.426    24.395    -0.88    1.26
 -33769.179    24.319    -0.26    1.32
 -33479.909    24.244    -0.26    1.27
 -33190.616    24.022    -0.77    1.39
 -32901.300    23.871    -0.52    1.45
 -32611.960    23.841    -0.11    1.58
 -32322.597    23.784    -0.20    1.64
 -32033.211    23.729    -0.19    1.68
 -31743.802    23.841     0.39    1.72
 -31454.369    23.814    -0.09    1.68
 -31164.913    24.059     0.85    1.60
 -30875.433    24.366     1.06    1.68
 -30585.930    24.733     1.27    1.57
 -30296.404    25.142     1.41    1.46
 -30010.783    25.406     0.92    1.42
 -29726.127    25.653     0.87    1.29
 -29441.448    25.715     0.22    1.28
 -29156.748    25.816     0.36    1.24
 -28872.025    25.845     0.10    1.30
 -28587.280    25.774    -0.25    1.40
 -28302.513    25.657    -0.41    1.37
 -28017.723    25.515    -0.50    1.27
 -27732.912    25.482    -0.12    1.21
 -27448.078    25.468    -0.05    1.09
 -27163.223    25.384    -0.30    0.97
 -26878.345    25.379    -0.02    0.95
 -26593.445    25.356    -0.08    0.99
 -26308.523    25.202    -0.54    1.07
 -26023.578    25.006    -0.69    1.11
 -25738.612    24.791    -0.75    1.11
 -25453.623    24.616    -0.61    1.15
 -25168.612    24.637     0.07    1.22
 -24883.579    24.819     0.64    1.15
 -24598.523    24.921     0.36    1.10
 -24313.445    25.111     0.66    1.19
 -24028.346    24.070    -3.65    4.72
 -23743.224    22.233    -6.44    7.03
 -23458.079    19.767    -8.65    8.67
 -23172.913    16.544   -11.30    9.53
 -22887.724    13.596   -10.34    9.27
 -22602.513    10.778    -9.88    7.80
 -22317.280     8.369    -8.45    4.81
 -22032.024     7.295    -3.77    1.96
 -21746.746     7.237    -0.20    2.26
 -21461.446     7.039    -0.70    2.55
 -21176.124     6.934    -0.37    2.92
 -20890.779     6.590    -1.21    3.18
 -20605.412     6.423    -0.58    3.21
 -20320.023     6.595     0.60    3.69
 -20034.611     7.962     4.79    4.37
 -19749.178     8.856     3.13    4.34
 -19463.721     9.212     1.25    3.91
 -19178.243     9.596     1.34    3.55
 -18892.742     9.559    -0.13    3.40
 -18607.219     8.901    -2.30    3.59
 -18321.674     7.301    -5.60    3.55
 -18036.106     6.131    -4.09    3.19
 -17750.516     5.010    -3.93    2.29
 -17464.903     4.173    -2.93    1.75
 -17179.268     3.805    -1.29    1.52
 -16893.611     3.763    -0.14    1.42
 -16607.932     3.858     0.33    1.34
 -16322.230     3.788    -0.25    1.29
 -16036.505     3.637    -0.53    1.24
 -15750.759     3.473    -0.58    1.23
 -15464.990     3.551     0.27    1.23
 -15179.198     3.596     0.16    1.17
 -14893.384     3.581    -0.05    1.15
 -14607.548     3.486    -0.33    1.14
 -14321.689     3.391    -0.33    1.16
 -14035.808     3.341    -0.17    1.14
 -13749.905     3.288    -0.19    1.06
 -13463.979     3.341     0.19    1.11
 -13178.030     3.585     0.85    1.18
 -12892.060     3.747     0.57    1.22
 -12606.066     4.068     1.12    1.18
 -12320.051     4.430     1.26    1.25
 -12034.012     4.809     1.32    1.20
 -11747.952     4.711    -0.34    1.24
 -11461.869     4.490    -0.77    1.35
 -11175.763     4.295    -0.68    1.36
 -10889.635     4.121    -0.61    1.33
 -10603.484     4.172     0.18    1.40
 -10317.311     4.266     0.33    1.54
 -10031.116     4.606     1.19    1.93
  -9744.898     4.805     0.69    2.10
  -9458.657     5.100     1.03    2.30
  -9172.394     5.348     0.87    2.39
  -8886.109     5.141    -0.72    2.34
  -8599.801     5.182     0.14    2.40
  -8313.470     4.985    -0.69    2.29
  -8027.117     4.700    -0.99    2.21
  -7740.741     4.475    -0.79    2.01
  -7454.343     4.215    -0.91    1.92
  -7167.922     3.965    -0.87    1.82
  -6881.479     3.833    -0.46    1.75
  -6595.013     3.974     0.49    1.77
  -6308.524     4.048     0.26    1.57
  -6022.013     4.152     0.36    1.74
  -5735.480     4.671     1.81    2.20
  -5448.924     5.081     1.43    2.14
  -5162.345     5.276     0.68    2.32
  -4875.743     5.348     0.25    2.43
  -4589.119     4.646    -2.45    3.14
  -4302.473     3.764    -3.08    3.76
  -4015.803     2.535    -4.29    4.12
  -3729.112     1.048    -5.19    3.74
  -3442.397     0.162    -3.09    3.38
  -3155.660    -0.868    -3.59    2.44
  -2868.900    -1.410    -1.89    1.26
  -2582.118    -1.389     0.07    1.23
  -2295.313    -1.237     0.53    1.36
  -2008.485    -1.337    -0.35    1.15
  -1721.635    -1.493    -0.54    0.95
  -1434.762    -1.647    -0.53    0.73
  -1147.866    -1.707    -0.21    0.64
   -860.947    -1.767    -0.21    0.54
   -574.006    -1.721     0.16    0.85
   -287.043    -1.739    -0.06    0.90
     -0.056    -0.323     4.93    5.95
    286.953     4.738    17.64   14.41
    573.985    11.437    23.34   19.22
    861.039    18.295    23.89   21.32
   1148.117    26.358    28.09   21.35
   1435.217    35.348    31.31   19.48
   1722.339    45.788    36.36   16.59
   2009.485    57.184    39.69   19.43
   2296.653    69.257    42.04   24.04
   2583.844    78.319    31.56   23.26
   2871.058    86.079    27.02   19.11
   3158.294    90.009    13.68   14.58
   3445.554    89.977    -0.11   14.57
   3732.836    86.666   -11.52   16.69
   4020.140    82.152   -15.71   15.65
   4307.468    78.061   -14.24   13.81
   4594.818    75.081   -10.37   12.51
   4882.191    73.392    -5.88   11.33
   5169.587    71.111    -7.94   11.53
   5457.006    70.279    -2.89   12.22
   5744.448    70.503     0.78   11.88
   6031.912    69.475    -3.57   12.91
   6319.399    67.760    -5.97   14.91
   6606.909    67.038    -2.51   16.44
   6894.442    67.736     2.43   16.79
   7181.998    71.494    13.07   16.47
   7469.576    75.121    12.61   17.53
   7757.178    80.690    19.36   18.17
   8044.802    86.921    21.67   17.79
   8332.449    92.193    18.33   15.99
   8620.119    95.000     9.76   14.28
   8907.812    95.060     0.21   14.12
   9195.528    90.987   -14.16   16.51
   9483.266    86.474   -15.69   17.36
   9771.028    81.525   -17.20   17.56
  10058.812    77.386   -14.38   16.12
  10346.619    76.774    -2.13   15.49
  10634.450    75.988    -2.73   14.95
  10922.303    78.815     9.82   13.71
  11210.179    81.410     9.01   12.15
  11498.078    84.276     9.95   11.21
  11786.000    86.705     8.44   11.13
  12073.945    90.224    12.22   11.81
  12361.912    94.642    15.34   12.68
  12649.903    98.267    12.59   12.21
  12937.917   103.371    17.72   13.63
  13225.954   109.590    21.59   16.65
  13514.013   117.080    26.00   17.42
  13802.096   124.697    26.44   17.10
  14090.201   132.315    26.44   17.09
  14378.330   138.398    21.11   17.00
  14666.481   144.517    21.23   17.08
  14954.656   148.754    14.70   17.47
  15242.854   152.527    13.09   18.21
  15531.074   157.687    17.90   17.59
  15819.318   161.662    13.79   17.78
  16107.584   168.464    23.60   18.93
  16395.874   176.288    27.14   20.02
  16684.187   183.585    25.31   21.04
  16972.522   191.732    28.26   19.18
  17260.881   199.039    25.34   16.17
  17549.263   203.934    16.97   14.36
  17837.668   208.225    14.88   13.16
  18126.096   209.905     5.82   14.29
  18414.547   210.963     3.67   15.47
  18703.021   209.874    -3.78   18.08
  18991.518   207.999    -6.50   20.90
  19280.038   205.988    -6.97   21.78
  19568.581   202.220   -13.06   22.96
  19857.148   199.350    -9.94   21.50
  20145.737   198.051    -4.50   21.61
  20434.350   197.401    -2.25   22.07
  20722.985   197.830     1.49   22.36
  21011.644   198.814     3.41   24.70
  21300.326   199.010     0.68   25.77
  21589.031   198.223    -2.73   27.15
  21877.760   191.070   -24.78   30.50
  22166.511   180.174   -37.73   31.94
  22455.285   168.822   -39.31   36.95
  22744.083   151.340   -60.54   45.90
  23032.904   133.017   -63.44   45.77
  23321.748   126.246   -23.44   44.97
  23610.615   125.121    -3.89   45.94
  23899.506   130.080    17.16   51.78
  24188.419   139.227    31.66   56.94
  24477.356   156.232    58.86   57.05
  24766.316   182.509    90.94   48.61
  25055.299   204.241    75.20   42.79
  25344.305   215.675    39.57   34.52
  25633.335   221.173    19.02   31.81
  25922.388   217.735   -11.89   37.43
  26211.464   208.586   -31.65   45.62
  26500.563   197.204   -39.37   52.87
  26789.685   183.626   -46.96   58.58
  27078.831   170.754   -44.52   61.75
  27368.000   156.376   -49.72   66.76
  27657.192   138.225   -62.76   69.40
  27946.408   107.819  -105.14   70.85
  28235.647    85.183   -78.26   67.11
  28524.909    62.038   -80.02   54.68
  28814.194    43.611   -63.70   42.92
  29103.503    31.698   -41.18   32.42
  29392.834    21.173   -36.38   19.69
  29682.190    15.956   -18.03    8.79
  29971.568    14.869    -3.76    9.32
  30260.970    13.394    -5.10    9.83
  30550.395    12.020    -4.75   10.14
  30839.844    11.240    -2.70   10.51
  31129.315     9.933    -4.51   10.48
  31418.811     9.070    -2.98   10.33
  31708.329     8.002    -3.69   10.15
  31992.988     6.651    -4.75    9.64
  32277.645     6.325    -1.14    9.91
  32562.325     6.515     0.67    9.24
  32847.027     6.742     0.80    8.85
  33131.751     7.884     4.01    8.27
  33416.497    10.069     7.67    8.30
  33701.265    12.423     8.27    7.37
  33986.056    15.413    10.50    7.49
  34270.868    18.350    10.31    8.00
  34555.703    21.070     9.55    8.07
  34840.559    24.378    11.61    8.28
  35125.438    29.675    18.59   10.86
  35410.339    37.213    26.46   16.42
  35695.263    45.893    30.47   22.70
  35980.208    58.071    42.74   28.73
  36265.176    70.677    44.24   31.90
  36550.166    85.905    53.44   30.42
  36835.177    99.528    47.80   24.42
  37120.212   109.977    36.66   19.32
  37405.268   118.350    29.38   14.20
  37690.347   124.441    21.36    8.80
  37975.447   127.606    11.10    5.22
  38260.570   128.461     3.00    4.88
  38545.715   129.182     2.53    4.29
  38830.883   128.731    -1.58    4.87
  39116.072   127.161    -5.51    5.92
  39401.284   124.822    -8.20    7.40
  39686.518   121.013   -13.36   10.00
  39971.775   116.021   -17.50   12.38
  40257.053   110.451   -19.53   13.02
  40542.354   103.621   -23.94   11.72
  40827.677    97.997   -19.71    9.91
  41113.023    93.923   -14.28    7.59
  41398.390    90.705   -11.28    4.73
  41683.780    89.276    -5.01    3.02
  41969.193    88.300    -3.42    2.52
  42254.627    87.451    -2.98    2.51
  42540.084    86.458    -3.48    2.72
  42825.563    85.180    -4.48    3.28
  43111.065    83.655    -5.34    3.97
  43396.588    81.781    -6.57    4.47
  43682.134    80.003    -6.23    4.38
  43967.703    78.437    -5.48    3.91
  44253.293    76.737    -5.95    3.87
  44538.906    74.330    -8.43    4.42
  44824.542    72.131    -7.70    5.27
  45110.200    70.548    -5.54    5.83
  45395.880    69.611    -3.28    5.99
  45681.582    68.760    -2.98    6.03
  45967.307    68.863     0.36    5.93
  46253.054    69.771     3.18    5.94
  46538.824    71.019     4.37    5.52
  46824.616    71.616     2.09    5.63
  47110.430    72.373     2.65    5.86
  47396.267    72.936     1.97    6.38
  47682.126    73.341     1.42    6.57
  47968.007    73.825     1.69    6.29
  48253.911    74.006     0.63    6.06
  48539.837    73.444    -1.96    5.83
  48825.786    73.809     1.28    5.29
  49111.757    74.152     1.20    5.28
  49397.751    74.757     2.11    5.09
  49683.767    75.580     2.88    5.24
  49969.806    76.495     3.20    5.06
  50255.866    76.831     1.18    5.59
  50541.950    77.833     3.50    5.01
  50828.056    78.307     1.66    5.33
  51114.184    79.070     2.67    5.48
  51400.335    79.485     1.45    5.90
  51686.508    79.801     1.11    6.15
  51972.704    80.458     2.30    5.87
  52258.922    81.132     2.35    6.09
  52545.163    82.101     3.38    6.17
  52831.426    82.590     1.71    6.45
  53117.712    82.366    -0.78    7.79
  53404.020    82.403     0.13    8.59
  53690.351    82.070    -1.16    9.13
  53976.704    82.214     0.50    9.14
  54263.080    83.029     2.85    9.86
  54549.478    83.356     1.14   10.13
  54835.899    84.723     4.77   10.46
  55122.342    85.221     1.74   10.69
  55408.808    86.487     4.42   11.11
  55695.297    88.358     6.53   10.81
  55981.808    90.591     7.79   10.93
  56268.341    92.272     5.87   10.69
  56554.898    93.353     3.77   10.43
  56841.476    95.987     9.19   10.43
  57128.078    98.955    10.35   10.59
  57414.702   102.705    13.08   11.16
  57701.348   107.039    15.12   11.76
  57988.018   111.986    17.26   12.05
  58274.709   117.561    19.45   12.93
  58561.424   122.591    17.54   13.24
  58848.161   128.131    19.32   12.43
  59134.920   133.468    18.61   11.70
  59421.703   136.834    11.74   11.10
  59708.507   138.980     7.48   10.54
  59995.335   140.795     6.33   10.19
  60282.185   141.677     3.07   10.13
  60569.058   142.384     2.46   10.40
  60855.953   143.848     5.10    9.80
  61142.872   145.309     5.09    8.85
  61429.812   146.840     5.34    7.27
  61716.776   148.361     5.30    5.64
  62003.762   149.632     4.43    4.08
  62290.771   150.434     2.80    3.02
  62577.803   150.687     0.88    2.60
  62864.857   150.621    -0.23    3.44
  63151.934   151.262     2.23    3.85
  63439.033   151.670     1.42    4.90
  63726.156   152.590     3.21    4.81
  64013.301   153.131     1.88    4.72
  64300.469   153.626     1.72    3.95
  64587.659   153.555    -0.25    4.23
  64874.873   153.346    -0.73    4.46
  65162.109   152.616    -2.54    5.52
  65449.368   150.657    -6.82    7.52
  65736.649   149.153    -5.24    9.57
  66023.953   149.121    -0.11   10.43
  66311.281   149.892     2.68   11.01
  66598.630   150.468     2.00   11.08
  66886.003   151.371     3.14    9.80
  67173.398   152.665     4.50    8.58
  67460.817   153.741     3.74    7.19
  67748.258   154.505     2.66    7.30
  68035.722   151.888    -9.11   10.49
  68323.208   150.987    -3.13   11.03
  68610.718   151.695     2.46   11.59
  68898.250   152.501     2.80   11.69
  69185.805   154.261     6.12   10.87
  69473.383   155.936     5.82   11.09
  69760.984   158.430     8.68   10.29
  70048.607   162.184    13.05    8.04
  70336.254   164.361     7.57    8.57
  70623.923   167.028     9.27    8.91
  70911.615   169.521     8.67    8.89
  71199.330   172.081     8.90    7.98
  71487.068   173.851     6.15    6.21
  71774.829   173.873     0.08    5.54
  72062.613   172.764    -3.85    6.18
  72350.419   168.861   -13.56    8.61
  72638.249   163.858   -17.38   10.34
  72926.101   159.213   -16.14   10.95
  73213.976   154.171   -17.51   10.51
  73501.874   149.721   -15.46    8.85
  73789.795   146.529   -11.09    6.51
  74077.739   144.771    -6.11    5.69
  74365.706   144.499    -0.94    7.11
  74653.696   144.913     1.44    8.60
  74941.709   146.080     4.05    9.31
  75229.745   147.647     5.44    9.25
  75517.804   148.921     4.42    7.99
  75805.885   150.271     4.68    7.31
  76093.990   151.212     3.27    6.44
  76382.118   151.952     2.57    6.26
  76670.268   152.933     3.40    6.74
  76958.442   154.331     4.85    6.65
  77246.638   155.438     3.84    6.84
  77534.858   156.580     3.96    6.09
  77823.100   156.876     1.03    5.82
  78111.366   155.991    -3.07    5.49
  78399.655   155.050    -3.27    5.60
  78687.966   153.049    -6.94    5.49
  78976.301   151.121    -6.69    5.42
  79264.658   148.778    -8.13    5.86
  79553.039   146.740    -7.07    6.58
  79841.443   146.018    -2.50    6.85
  80129.870   145.985    -0.12    6.89
  80418.320   146.591     2.10    6.78
  80706.792   147.391     2.77    5.64
  80995.288   147.934     1.88    3.79
  81283.807   147.933    -0.01    3.12
  81572.350   146.751    -4.10    4.10
  81860.915   144.616    -7.40    5.30
  82149.503   142.192    -8.40    6.18
  82438.114   139.081   -10.78    6.59
  82726.749   135.901   -11.02    6.66
  83015.407   132.751   -10.91    6.39
  83304.087   129.475   -11.35    6.11
  83592.791   126.214   -11.30    5.65
  83881.518   123.611    -9.02    5.73
  84170.268   120.472   -10.87    5.60
  84459.041   117.647    -9.78    5.57
  84747.838   114.955    -9.32    5.30
  85036.657   112.397    -8.86    5.37
  85325.500   109.474   -10.12    5.35
  85614.366   106.952    -8.73    5.27
  85903.255   104.515    -8.44    5.53
  86192.167   102.252    -7.83    5.73
  86481.102    99.693    -8.86    6.63
  86770.061    96.936    -9.54    6.97
  87059.043    95.170    -6.11    6.93
  87348.047    94.651    -1.80    7.21
  87637.076    94.980     1.14    8.65
  87926.127    97.204     7.69   11.39
  88215.201   100.647    11.91   14.04
  88504.299   104.348    12.80   15.53
  88793.420   109.886    19.16   15.45
  89082.564   113.944    14.03   12.96
  89371.732   115.874     6.67   10.60
  89660.923   116.913     3.59    8.64
  89950.136   117.591     2.34    8.57
  90239.374   118.981     4.81    9.15
  90528.634   120.656     5.79   10.49
  90817.918   123.881    11.15   11.61
  91107.225   127.883    13.83   11.59
  91396.555   132.321    15.34    8.14
  91685.909   134.005     5.82    6.25
  91975.286   134.636     2.18    5.11
  92264.686   133.666    -3.35    5.81
  92554.109   131.561    -7.28    6.41
  92843.556   129.821    -6.01    6.19
  93133.026   128.729    -3.77    6.14
  93422.520   129.010     0.97    6.94
  93711.088   130.278     4.39    7.82
  93995.722   133.223    10.35    8.36
  94280.377   136.245    10.62    6.93
  94565.055   138.049     6.34    4.86
  94849.754   138.715     2.34    3.42
  95134.476   138.346    -1.30    4.05
  95419.220   136.305    -7.17    6.36
  95703.986   133.893    -8.47    7.91
  95988.774   130.424   -12.18    9.04
  96273.584   127.371   -10.72    9.84
  96558.417   125.152    -7.79   10.14
  96843.271   124.534    -2.17   10.49
  97128.148   124.767     0.82   10.85
  97413.046   126.018     4.39   10.32
  97697.967   127.340     4.64    9.03
  97982.910   127.671     1.16    8.16
  98267.875   127.351    -1.12    8.02
  98552.862   125.764    -5.57    9.00
  98837.871   124.181    -5.56    9.88
  99122.903   122.745    -5.04   10.57
  99407.957   122.343    -1.41   10.51
  99693.033   122.343     0.00   10.98
  99978.131   123.874     5.37   10.28
 100263.251   125.709     6.44    9.70
 100548.393   127.606     6.65    8.78
 100833.558   128.565     3.37    8.43
 101118.745   129.276     2.49    8.62
 101403.954   127.464    -6.35   10.04
 101689.185   125.666    -6.30   10.83
 101974.438   124.091    -5.52   10.96
 102259.714   123.329    -2.67   10.29
 102545.012   122.672    -2.30    9.35
 102830.332   122.587    -0.30    8.27
 103115.674   122.454    -0.46    6.86
 103401.039   122.580     0.44    6.19
 103686.426   122.915     1.18    5.66
 103971.835   122.413    -1.76    6.00
 104257.266   121.379    -3.62    6.99
 104542.720   120.152    -4.30    7.62
 104828.196   119.747    -1.42    7.81
 105113.694   118.991    -2.65    7.97
 105399.215   118.346    -2.26    7.90
 105684.757   118.454     0.38    7.53
 105970.322   118.853     1.40    7.03
 106255.910   119.641     2.76    7.00
 106541.519   120.873     4.31    6.73
 106827.151   122.971     7.34    6.69
 107112.806   125.245     7.96    6.89
 107398.482   128.050     9.82    6.50
 107684.181   130.361     8.09    5.99
 107969.903   133.369    10.53    5.85
 108255.646   136.641    11.45    5.90
 108541.412   139.021     8.33    6.01
 108827.200   141.356     8.17    6.03
 109113.011   143.458     7.35    5.63
 109398.844   144.519     3.71    4.53
 109684.700   144.751     0.81    4.10
 109970.577   144.042    -2.48    4.86
 110256.478   142.241    -6.30    6.13
 110542.400   139.590    -9.27    6.84
 110828.345   135.853   -13.07    7.28
 111114.312   131.656   -14.68    8.05
 111400.302   127.410   -14.85    9.37
 111686.314   121.956   -19.07   11.61
 111972.349   116.611   -18.69   12.79
 112258.406   111.210   -18.88   13.06
 112544.485   106.151   -17.69   12.21
 112830.587   101.151   -17.48   11.42
 113116.711    97.237   -13.68   11.37
 113402.858    93.515   -13.01   10.58
 113689.027    90.715    -9.79   10.75
 113975.219    87.737   -10.41   10.74
 114261.433    84.296   -12.02   10.60
 114547.669    80.335   -13.84   10.51
 114833.928    76.528   -13.30   11.01
 115120.210    72.636   -13.59   11.07
 115406.514    68.286   -15.19   11.30
 115692.840    63.021   -18.39   10.90
 115979.189    59.503   -12.29   10.96
 116265.560    56.202   -11.53   10.49
 116551.954    52.655   -12.38   11.31
 116838.371    49.538   -10.88   11.81
 117124.810    46.101   -12.00   11.44
 117411.271    43.241    -9.98   11.01
 117697.755    40.040   -11.17    8.94
 117984.262    38.019    -7.06    7.58
 118270.791    35.535    -8.67    5.08
 118557.342    34.236    -4.53    3.17
 118843.917    33.795    -1.54    2.57
 119130.513    33.601    -0.68    2.30
 119417.133    33.631     0.11    2.23
 119703.774    33.893     0.91    2.22
 119990.439    33.641    -0.88    2.06
 120277.126    33.295    -1.21    2.04
 120563.835    33.200    -0.33    2.05
 120850.568    33.151    -0.17    2.16
 121137.322    32.841    -1.08    2.21
 121424.100    32.505    -1.17    2.28
 121710.900    32.348    -0.55    2.29
 121997.722    32.697     1.22    2.76
 122284.568    33.420     2.52    3.94
 122571.435    35.937     8.78    6.94
 122858.326    38.590     9.25    8.68
 123145.239    41.871    11.43   10.46
 123432.175    45.150    11.43   11.46
 123719.133    49.283    14.40   12.37
 124006.114    52.790    12.22   13.32
 124293.118    55.879    10.76   13.21
 124580.144    57.640     6.14   13.05
 124867.193    57.271    -1.29   11.96
 125154.265    57.281     0.03   10.96
 125441.359    58.090     2.82   10.18
 125728.476    59.955     6.49   10.83
 126015.616    63.691    13.01   13.72
 126302.778    70.192    22.64   16.46
 126589.964    76.977    23.63   16.71
 126877.171    85.020    28.01   16.04
 127164.402    91.685    23.21   14.09
 127451.655    97.013    18.55   12.98
 127738.931   101.121    14.30   11.40
 128026.230   104.232    10.83    9.71
 128313.552   105.378     3.99    8.90
 128600.896   106.343     3.36    7.17
 128888.263   105.681    -2.31    6.43
 129175.653   104.394    -4.48    5.83
 129463.065   102.637    -6.11    5.76
 129750.500   100.678    -6.82    5.83
 130037.959    98.080    -9.04    6.46
 130325.439    95.482    -9.04    6.64
 130612.943    93.397    -7.25    6.05
 130900.469    92.315    -3.76    6.18
 131188.019    93.072     2.63    7.95
 131475.591    95.509     8.48   10.70
 131763.185   100.101    15.97   13.20
 132050.803   105.556    18.97   13.35
 132338.444   111.511    20.70   12.30
 132626.107   115.961    15.47   10.64
 132913.793   119.731    13.11    7.91
 133201.502   121.560     6.36    6.18
 133489.234   121.767     0.72    5.60
 133776.988   120.475    -4.49    5.74
 134064.766   117.948    -8.78    6.30
 134352.566   114.835   -10.81    7.11
 134640.389   111.386   -11.98    7.86
 134928.235   107.831   -12.35    8.32
 135216.104   103.441   -15.25    8.56
 135503.996    99.553   -13.51    8.22
 135791.911    95.562   -13.86    7.16
 136079.849    92.149   -11.85    6.51
 136367.809    89.681    -8.57    5.69
 136655.793    87.161    -8.75    5.53
 136943.799    85.499    -5.77    5.84
 137231.828    84.141    -4.71    6.18
 137519.881    82.838    -4.53    6.60
 137807.956    81.850    -3.43    7.04
 138096.054    80.565    -4.46    7.68
 138384.175    79.315    -4.34    8.03
 138672.319    77.131    -7.58    8.40
 138960.486    74.042   -10.72    8.73
 139248.676    70.596   -11.96    9.09
 139536.889    66.606   -13.84    9.39
 139825.124    62.745   -13.40    9.26
 140113.383    59.131   -12.54    8.55
 140401.665    55.892   -11.24    7.50
 140689.970    53.323    -8.91    6.31
 140978.297    51.131    -7.60    5.30
 141266.648    49.729    -4.86    4.57
 141555.022    48.513    -4.22    3.85
 141843.419    47.784    -2.53    3.21
 142131.839    46.986    -2.77    2.87
 142420.282    46.111    -3.03    2.99
 142708.747    45.284    -2.87    3.11
 142997.236    44.656    -2.18    3.08
 143285.748    44.179    -1.65    2.95
 143574.283    43.560    -2.15    2.65
 143862.841    42.878    -2.36    2.09
 144151.422    42.339    -1.87    1.74
 144440.027    42.041    -1.03    1.47
 144728.654    42.220     0.62    1.82
 145017.304    43.761     5.34    6.02
 145305.978    47.606    13.32   11.77
 145594.674    54.723    24.66   17.58
 145883.394    64.040    32.27   21.07
 146172.136    74.231    35.30   21.45
 146460.902    83.833    33.25   17.98
 146749.691    91.369    26.10   12.44
 147038.503    95.871    15.59    6.77
 147327.338    97.210     4.64    5.95
 147616.197    96.689    -1.80    7.02
 147905.078    94.697    -6.90    8.16
 148193.983    91.557   -10.87    9.02
 148482.910    87.899   -12.66    9.41
 148771.861    85.140    -9.55    8.18
 149060.835    84.170    -3.36    7.08
 149349.833    84.711     1.87    7.81
 149638.853    87.781    10.62   10.51
 149927.897    92.090    14.91   11.61
 150216.963    97.381    18.30   12.12
 150506.053   103.424    20.91   10.86
 150795.166   107.948    15.65    9.40
 151084.303   111.430    12.05    8.11
 151373.462   113.611     7.54    6.61
 151662.645   114.768     4.00    5.81
 151951.851   115.031     0.91    5.42
 152241.080   114.576    -1.57    5.12
 152530.333   113.587    -3.42    4.82
 152819.609   112.401    -4.10    4.58
 153108.907   110.206    -7.59    4.86
 153398.230   108.160    -7.07    5.17
 153687.575   105.525    -9.11    5.86
 153976.944   103.040    -8.59    6.47
 154266.336   100.575    -8.52    6.38
 154555.751    98.868    -5.90    6.25
 154845.190    98.705    -0.57    7.05
 155134.651   100.090     4.79    8.81
 155424.137   103.535    11.90   11.03
 155711.751   108.091    15.84   11.79
 155996.376   113.735    19.83   11.39
 156281.024   118.968    18.39   10.92
 156565.694   123.858    17.18    9.87
 156850.386   127.431    12.55    8.25
 157135.100   130.358    10.28    6.16
 157419.836   131.315     3.36    5.01
 157704.594   130.833    -1.69    6.24
 157989.374   128.020    -9.88   10.02
 158274.176   124.430   -12.60   12.41
 158559.001   120.264   -14.63   13.66
 158843.847   116.827   -12.07   13.64
 159128.715   112.781   -14.20   13.48
 159413.606   109.697   -10.82   13.51
 159698.518   106.398   -11.58   13.47
 159983.453   103.447   -10.36   14.22
 160268.410   100.611    -9.96   14.19
 160553.389    97.414   -11.22   14.23
 160838.390    93.899   -12.34   13.73
 161123.413    92.257    -5.76   13.10
 161408.458    89.774    -8.71   13.30
 161693.525    86.886   -10.13   13.33
 161978.615    83.992   -10.15   13.13
 162263.726    81.814    -7.64   12.64
 162548.860    79.111    -9.48   11.54
 162834.016    77.505    -5.63   11.01
 163119.194    75.101    -8.43    9.63
 163404.394    73.487    -5.66    9.02
 163689.617    72.141    -4.72    8.24
 163974.861    71.020    -3.93    7.56
 164260.128    69.981    -3.64    6.59
 164545.417    68.925    -3.70    5.83
 164830.728    68.641    -0.99    6.10
 165116.061    68.381    -0.91    6.12
 165401.417    68.356    -0.09    6.48
 165686.794    68.596     0.84    6.80
 165972.194    69.170     2.01    6.99
 166257.616    68.878    -1.02    6.79
 166543.061    68.831    -0.16    6.60
 166828.527    68.616    -0.75    6.18
 167114.016    68.647     0.11    5.71
 167399.527    68.291    -1.25    5.14
 167685.060    67.747    -1.90    4.48
 167970.616    66.784    -3.37    3.91
 168256.194    66.259    -1.84    3.81
 168541.794    65.394    -3.03    3.71
 168827.416    64.159    -4.32    3.51
 169113.061    62.913    -4.36    3.16
 169398.728    61.731    -4.14    2.73
 169684.417    60.863    -3.04    2.59
 169970.128    60.101    -2.67    2.32
 170255.862    59.232    -3.04    1.99
 170541.618    58.569    -2.32    1.92
 170827.396    57.616    -3.34    1.99
 171113.197    56.505    -3.89    2.42
 171399.020    55.861    -2.25    2.40
 171684.865    55.053    -2.83    2.48
 171970.733    54.121    -3.26    2.26
 172256.623    53.771    -1.22    2.06
 172542.535    54.081     1.08    3.79
 172828.470    58.111    14.10   11.50
 173114.427    64.315    21.70   17.53
 173400.406    72.430    28.38   21.51
 173686.408    82.041    33.61   22.00
 173972.432    90.496    29.57   19.01
 174258.478    95.764    18.42   14.14
 174544.547    98.844    10.77   10.49
 174830.638   100.210     4.78    9.78
 175116.752   101.983     6.20    9.40
 175402.888   105.141    11.04    9.79
 175689.046   109.130    13.94   11.25
 175975.227   114.616    19.17   11.59
 176261.430   120.497    20.55   10.55
 176547.656   125.424    17.22    9.66
 176833.904   130.323    17.12    8.36
 177120.174   134.631    15.05    6.94
 177406.467   138.018    11.83    5.74
 177692.783   140.315     8.02    4.24
 177979.120   141.848     5.36    3.24
 178265.481   141.601    -0.86    3.12
 178551.863   140.606    -3.48    3.96
 178838.269   138.784    -6.36    5.44
 179124.696   135.825   -10.33    7.02
 179411.146   132.492   -11.64    7.43
 179697.619   129.393   -10.82    6.82
 179984.114   126.314   -10.75    6.48
 180270.632   123.158   -11.02    6.18
