#    8.000   0.000   0.000 ;Mean Elev.(m), Avg Gradient(m/km), RMS Gradient(m/km) - SRTM1     
#    2.000   0.000   0.000 ;Mean Elev.(m), Avg Gradient(m/km), RMS Gradient(m/km) - ASTER GDEM
#    8.000  -0.211   0.728 ;Mean Elev.(m), Avg Gradient(m/km), RMS Gradient(m/km) - GMTED2010 
   1  46.070850  50.859778    14.886    14.997 15 54662.28880154 26.206
   2  46.070676  50.862257    14.308    14.648 16 54672.20444710 26.309
   3  46.068838  50.863269    12.494    12.493 15 54682.12009068 25.220
   4  46.069775  50.863652    13.875    13.818 15 54692.03573313 38.813
   5  46.070551  50.860687    12.042    11.972 15 54701.95137255 21.794
   6  46.072683  50.859854    14.737    14.845 15 54711.86702027 23.656
   7  46.072619  50.859863    12.897    12.894 14 54721.78267121 18.704
   8  46.070268  50.860339    12.766    12.584 15 54731.69831960 28.734
   9  46.070327  50.863983    13.265    13.539 15 54741.61396728 25.598
  10  46.068996  50.864642    14.996    14.956 15 54751.52961431 20.808
  11  46.068874  50.864221    13.617    13.701 15 54761.44526109 25.341
  12  46.070408  50.863123    14.853    14.988 16 54771.36090550 28.161
  13  46.071211  50.861537    15.087    15.097 15 54781.27654658 28.083
  14  46.071427  50.860307    14.827    15.043 15 54791.19218495 22.476
  15  46.071377  50.860338    13.791    13.682 15 54801.10782225 25.414
  16  46.072852  50.861291    14.684    15.157 15 54811.02345977 26.854
  17  46.072636  50.860532    15.685    15.686 15 54820.93909983 54.177
  18  46.071838  50.861214    15.372    15.369 15 54830.85475191 40.382
  19  46.070218  50.862552    15.496    15.487 15 54840.77039062 33.913
  20  46.067373  50.864554    15.313    15.280 16 54850.68603969 26.486
  21  46.065152  50.866723    15.288    15.280 16 54860.60168854 25.075
  22  46.064822  50.868243    15.441    15.439 17 54870.51733761 20.345
  23  46.065324  50.866541    15.328    15.420 15 54880.43298490 26.792
  24  46.067754  50.864065    15.356    15.365 15 54890.34862897 19.476
  25  46.069873  50.863175    16.076    15.617 15 54900.26427016 19.026
  26  46.068596  50.863216    15.480    15.458 15 54910.17990897 26.006
  27  46.067894  50.864676    15.552    15.564 15 54920.09554671 37.941
  28  46.068407  50.864357    15.102    15.075 15 54930.01118379 30.323
  29  46.069999  50.860872    14.450    15.035 15 54939.92681931 26.622
  30  46.073698  50.857885    14.242    14.384 14 54949.84245350 31.956
  31  46.074061  50.855313    15.258    15.243 14 54959.75809166 21.773
  32  46.074238  50.858472    14.640    14.734 14 54969.67374076 25.990
  33  46.072193  50.860541    14.976    14.968 14 54979.58938844 48.663
  34  46.070123  50.861593    13.689    14.035 15 54989.50503583 24.427
  35  46.069725  50.862078    14.598    14.603 15 54999.42068332 22.049
  36  46.069336  50.862134    14.698    14.711 15 55009.33632890 24.618
  37  46.070303  50.863277    14.836    14.908 16 55019.25197299 23.723
  38  46.068588  50.863796    14.432    14.695 15 55029.16761531 24.516
  39  46.067586  50.864879    13.058    12.932 16 55039.08325712 34.606
  40  46.067977  50.864322    14.818    14.826 16 55048.99889746 22.337
  41  46.071007  50.862268    14.946    14.957 15 55058.91453569 22.668
  42  46.073336  50.859084    14.896    14.971 14 55068.83017443 24.019
  43  46.073437  50.858694    15.036    15.053 15 55078.74582412 31.643
  44  46.071122  50.860042    13.998    13.841 15 55088.66147187 30.249
  45  46.069758  50.863576    14.871    14.963 16 55098.57711879 23.503
  46  46.068371  50.865000    15.290    15.269 15 55108.49276490 46.290
  47  46.069131  50.864001    14.906    14.894 16 55118.40840979 21.825
  48  46.071025  50.861615    14.788    14.783 15 55128.32405213 25.671
  49  46.072650  50.860267    14.539    14.730 15 55138.23969243 24.508
  50  46.072418  50.860379    12.789    12.842 14 55148.15533109 27.399
  51  46.072223  50.862042    14.524    14.833 15 55158.07096930 26.555
  52  46.072218  50.862793    14.613    14.869 15 55167.98660714 23.714
  53  46.071881  50.861079    14.611    14.733 15 55177.90224383 40.814
  54  46.072453  50.860563    14.824    14.828 15 55187.81788815 28.486
  55  46.071125  50.861943    15.188    15.152 15 55197.73353903 51.820
  56  46.068633  50.863930    14.854    14.867 15 55207.64918898 26.775
  57  46.066971  50.866032    15.062    15.074 15 55217.56483857 26.875
  58  46.066895  50.867086    14.650    14.662 16 55227.48048749 24.409
  59  46.067320  50.865287    14.451    14.436 16 55237.39613314 23.395
  60  46.069794  50.863314    14.963    14.962 16 55247.31177541 23.061
  61  46.070117  50.861437    14.853    14.792 15 55257.22741488 17.058
  62  46.069590  50.861802    14.795    14.816 15 55267.14305356 16.287
  63  46.069861  50.863994    15.913    15.046 15 55277.05869195 18.560
  64  46.069978  50.863308    19.163    17.646 16 55286.97432866 19.639
  65  46.072810  50.861131    14.794    14.816 15 55296.88996310 28.596
  66  46.073859  50.858067    15.058    14.999 14 55306.80560340 35.981
  67  46.074432  50.858527    16.081    16.096 14 55316.72125008 34.982
  68  46.072098  50.859147    13.604    13.569 14 55326.63689542 26.590
  69  46.072061  50.862521    15.127    15.260 15 55336.55254055 27.054
  70  46.069733  50.862867    14.066    14.147 15 55346.46818450 34.850
  71  46.069250  50.862717    13.480    13.656 15 55356.38382721 29.052
  72  46.070387  50.863034    14.146    14.272 15 55366.29946805 23.227
  73  46.070022  50.861842    14.743    14.668 15 55376.21510695 26.723
  74  46.071198  50.862244    14.704    14.703 15 55386.13074520 22.881
  75  46.072280  50.862333    14.009    13.975 15 55396.04638241 25.810
  76  46.071817  50.860470    14.239    14.254 15 55405.96202291 41.625
  77  46.072175  50.860930    14.557    14.616 15 55415.87767415 26.204
  78  46.072023  50.859905    13.890    13.953 15 55425.79332186 34.975
  79  46.072427  50.859938    13.708    13.712 14 55435.70896726 27.328
  80  46.071540  50.860961    14.035    14.104 15 55445.62461154 22.183
  81  46.070548  50.862691    13.794    13.677 16 55455.54025525 25.442
  82  46.069765  50.863120    14.652    14.661 16 55465.45589807 46.290
  83  46.071935  50.862464    14.148    14.132 15 55475.37153803 22.924
  84  46.072596  50.858786    13.911    13.915 15 55485.28717421 25.536
  85  46.074370  50.857153    14.606    14.631 14 55495.20280861 48.053
  86  46.073917  50.856430    14.053    14.160 14 55505.11844210 21.707
  87  46.071542  50.859329    13.841    14.065 15 55515.03409275 22.820
  88  46.069739  50.861213    14.283    14.327 15 55524.94974237 21.097
  89  46.069386  50.862609    12.758    12.625 15 55534.86539013 30.681
  90  46.069533  50.863408    13.729    13.901 15 55544.78103592 28.456
  91  46.068852  50.863929    14.657    14.634 15 55554.69667979 48.743
  92  46.067695  50.864261    14.770    14.771 15 55564.61232275 56.863
  93  46.068419  50.864175    14.455    14.443 16 55574.52796527 41.705
  94  46.071153  50.863654    14.334    14.299 15 55584.44360640 29.230
  95  46.071395  50.859914    14.364    14.384 15 55594.35924332 22.348
  96  46.073142  50.857922    14.396    14.412 14 55604.27487731 21.173
  97  46.073495  50.856116    14.570    14.565 14 55614.19050895 19.570
  98  46.075125  50.857667    14.477    14.483 14 55624.10614747 18.735
  99  46.072227  50.858731    14.420    14.414 15 55634.02179975 17.723
 100  46.072292  50.860140    17.529    18.155 15 55643.93745010 17.707
 101  46.072528  50.860170    14.483    14.470 15 55653.85309740 28.975
 102  46.073060  50.859672    14.748    14.610 15 55663.76874025 44.249
 103  46.072858  50.859808    13.697    13.441 14 55673.68438030 26.317
 104  46.071901  50.860086    15.566    15.579 15 55683.60001893 25.385
 105  46.072011  50.860450    15.262    15.342 14 55693.51565642 24.551
 106  46.071827  50.859082    12.804    13.143 15 55703.43129210 28.262
 107  46.071696  50.859294    14.661    14.659 15 55713.34693704 22.426
 108  46.072423  50.862356    15.272    15.264 15 55723.26258695 29.762
 109  46.069257  50.862391    14.759    14.761 15 55733.17823390 20.799
 110  46.069097  50.863812    14.261    14.263 16 55743.09387999 24.082
 111  46.069178  50.863482    14.232    14.348 16 55753.00952439 22.892
 112  46.071628  50.862355    13.699    13.953 15 55762.92516657 24.905
 113  46.072221  50.859299    14.842    14.814 15 55772.84080547 48.048
 114  46.072990  50.857525    14.954    14.971 14 55782.75644120 41.506
 115  46.072960  50.856811    14.745    14.746 14 55792.67207464 20.170
 116  46.073123  50.856487    14.969    14.896 14 55802.58770916 40.081
 117  46.073209  50.858935    14.847    14.860 15 55812.50335980 22.826
 118  46.072986  50.858740    13.644    13.527 14 55822.41900829 28.475
 119  46.073598  50.857611    15.014    15.020 15 55832.33465188 20.476
 120  46.075405  50.857731    14.554    14.805 14 55842.25029129 21.507
 121  46.074909  50.857513    14.051    14.047 14 55852.16592721 22.966
 122  46.074524  50.858133    14.132    14.137 14 55862.08156117 21.727
 123  46.071518  50.860593    14.156    14.094 15 55871.99721570 22.547
 124  46.072089  50.862148    14.181    14.266 15 55881.91286558 22.529
 125  46.071458  50.860913    15.056    15.030 14 55891.82850835 44.681
 126  46.072665  50.860662    15.296    15.278 15 55901.74414579 52.135
 127  46.072745  50.860141    15.282    15.271 15 55911.65977995 38.687
 128  46.069964  50.862786    14.928    14.910 16 55921.57543481 25.974
 129  46.069162  50.863286    15.186    15.185 15 55931.49108689 26.298
 130  46.071762  50.862984    15.208    15.204 15 55941.40673508 25.496
 131  46.071974  50.860147    15.042    15.029 14 55951.32237811 20.153
 132  46.072694  50.860031    15.013    15.007 14 55961.23801779 16.990
 133  46.071111  50.860081    15.238    15.217 15 55971.15365488 17.021
 134  46.070890  50.860377    15.312    15.300 15 55981.06929082 16.012
 135  46.073045  50.859135    22.898    20.918 15 55990.98492549 17.341
 136  46.072804  50.857152    24.515    25.472 14 56000.90057033 13.713
 137  46.074140  50.858153    15.214    15.186 14 56010.81622074 23.911
 138  46.072586  50.858474    15.434    15.168 15 56020.73186698 26.237
 139  46.071641  50.861071    15.453    15.461 14 56030.64751086 37.817
 140  46.070387  50.863120    14.957    15.171 16 56040.56315276 27.254
 141  46.070410  50.863412    14.626    14.862 15 56050.47879231 25.806
 142  46.072305  50.862546    15.392    15.390 15 56060.39442917 37.113
 143  46.072380  50.858779    15.355    15.346 15 56070.31006528 23.961
 144  46.071732  50.860587    15.582    15.629 15 56080.22571641 24.895
 145  46.069673  50.862219    13.440    12.995 15 56090.14136455 26.665
 146  46.068496  50.863548    14.638    14.803 15 56100.05701019 23.679
 147  46.069090  50.863058    13.988    14.073 15 56109.97264156 24.100
 148  46.070949  50.860091    14.431    14.574 15 56119.88828112 24.167
 149  46.074444  50.857378    13.116    12.871 14 56129.80391725 27.403
 150  46.075752  50.855464    14.830    14.795 14 56139.71955030 30.293
 151  46.072829  50.858189    14.699    14.691 15 56149.63520066 21.711
 152  46.071273  50.861496    14.602    14.719 15 56159.55085037 22.554
 153  46.070725  50.862217    14.589    14.584 15 56169.46649839 22.194
 154  46.070896  50.859932    14.231    14.316 15 56179.38214254 21.787
 155  46.072783  50.858486    14.430    14.395 14 56189.29778273 21.034
 156  46.073163  50.857778    14.411    14.371 14 56199.21341966 19.961
 157  46.072956  50.858593    14.336    14.287 14 56209.12905399 40.865
 158  46.072674  50.859192    14.375    14.392 15 56219.04468640 21.789
 159  46.071591  50.860779    14.436    14.432 14 56228.96033354 21.899
 160  46.070449  50.860968    14.295    14.352 15 56238.87598709 24.013
 161  46.070443  50.861255    14.125    14.213 15 56248.79163696 24.142
 162  46.070308  50.861106    15.051    15.062 15 56258.70728194 29.444
 163  46.070334  50.862331    14.616    15.104 16 56268.62292433 25.393
 164  46.069766  50.862509    15.314    15.300 15 56278.53856484 52.185
 165  46.069697  50.863680    15.146    15.143 16 56288.45421480 35.293
 166  46.069763  50.861962    15.215    15.201 15 56298.36986355 30.581
 167  46.071293  50.860694    14.956    14.946 15 56308.28550852 26.844
 168  46.072246  50.860638    14.986    14.999 15 56318.20115092 22.012
 169  46.070070  50.860939    14.964    15.013 15 56328.11679170 30.494
 170  46.070038  50.862319    15.058    15.027 15 56338.03243178 19.627
 171  46.070535  50.861098    15.229    15.217 15 56347.94806957 18.719
 172  46.073921  50.859241    14.920    14.939 14 56357.86370477 16.316
 173  46.073337  50.858810    15.155    15.147 14 56367.77935397 32.323
 175  46.070381  50.863014    14.938    14.972 16 56387.61064821 33.289
 176  46.067941  50.864103    15.049    15.089 15 56397.52629174 26.016
 177  46.067836  50.864290    14.028    14.311 16 56407.44193305 23.680
 178  46.070394  50.863449    15.086    15.086 16 56417.35757051 37.005
 179  46.072353  50.859930    15.508    15.529 15 56427.27320269 23.432
 180  46.072079  50.861793    15.581    15.588 15 56437.18885525 32.950
 181  46.069673  50.863160    14.994    14.762 16 56447.10450665 27.138
 182  46.068430  50.864481    13.526    13.263 15 56457.02015582 25.872
 183  46.068012  50.863967    14.028    14.030 15 56466.93580152 24.395
 184  46.070165  50.862904    13.816    13.718 16 56476.85144339 29.627
 185  46.071669  50.859990    14.029    14.083 15 56486.76708129 30.400
 186  46.072876  50.858567    14.204    14.184 14 56496.68271687 24.816
 187  46.072792  50.857678    14.922    14.963 14 56506.59835121 21.964
 188  46.074373  50.858385    15.130    15.059 14 56516.51398658 38.502
 189  46.072212  50.859561    14.907    14.900 15 56526.42964136 22.220
 190  46.071602  50.859572    14.927    15.025 15 56536.34529190 22.694
 192  46.071307  50.861332    14.225    15.025 14 56556.17658281 24.087
 193  46.070868  50.863300    14.601    14.682 15 56566.09222573 25.243
 194  46.070282  50.864406    14.570    14.689 15 56576.00786707 35.454
 195  46.069241  50.862227    14.823    14.973 15 56585.92350456 23.778
 196  46.070816  50.860442    15.306    15.328 15 56595.83914226 31.663
 197  46.070543  50.861649    14.057    14.469 15 56605.75479478 26.629
 198  46.069409  50.861788    12.802    12.764 15 56615.67044231 26.991
 199  46.071079  50.863561    14.380    14.827 15 56625.58608687 26.978
 200  46.070800  50.862746    14.864    14.915 15 56635.50172812 23.716
 201  46.070561  50.860037    15.233    15.195 15 56645.41736669 45.976
 202  46.070354  50.860685    15.315    15.348 15 56655.33301957 44.826
 203  46.071537  50.861556    15.553    15.528 15 56665.24866824 38.880
 204  46.071305  50.861896    15.292    15.286 15 56675.16431385 34.434
 205  46.070296  50.862373    15.208    15.192 15 56685.07995818 28.318
 206  46.070571  50.862955    15.296    15.294 16 56694.99560056 27.592
 207  46.070385  50.860551    15.408    15.406 15 56704.91123791 19.834
 208  46.073873  50.859332    15.457    15.440 14 56714.82687039 17.852
 209  46.072693  50.861216    15.414    15.415 15 56724.74252216 17.710
 210  46.070289  50.863311    15.860    15.832 16 56734.65817229 29.666
 211  46.068429  50.865387    15.625    15.608 15 56744.57381924 36.464
 212  46.067467  50.864956    16.106    15.932 15 56754.48946159 25.294
 213  46.069884  50.863724    13.230    13.769 15 56764.40509860 29.248
 214  46.072426  50.862218    14.941    14.932 15 56774.32073480 36.766
 215  46.069693  50.863548    14.656    14.714 16 56784.23639187 24.320
 216  46.067408  50.865292    14.643    14.680 16 56794.15204529 22.963
 217  46.066292  50.866603    13.787    13.981 15 56804.06769528 21.808
 218  46.067244  50.865436    14.126    14.626 15 56813.98333762 23.268
 219  46.069213  50.863353    14.939    14.960 16 56823.89897640 23.745
 220  46.072038  50.861557    14.907    14.933 15 56833.81461131 23.435
 221  46.073747  50.859422    13.830    13.948 14 56843.73024273 26.347
 222  46.072174  50.858900    14.072    14.071 14 56853.64588517 29.942
 223  46.071639  50.862037    14.767    14.747 15 56863.56153974 23.624
 224  46.070438  50.863275    14.195    14.535 15 56873.47719338 25.293
 225  46.069481  50.863269    14.345    14.544 16 56883.39284366 24.073
 226  46.069748  50.863891    14.354    14.438 15 56893.30849075 23.650
 227  46.068524  50.864378    12.749    12.588 16 56903.22413441 24.576
 228  46.066728  50.865632    13.009    12.760 15 56913.13977606 25.203
 229  46.066605  50.866279    14.496    14.532 16 56923.05541597 23.785
 230  46.067974  50.865168    14.360    14.396 16 56932.97105330 22.176
 231  46.070561  50.861974    14.156    14.157 15 56942.88668510 24.943
 232  46.072519  50.861674    13.618    13.727 15 56952.80233006 24.489
 233  46.071478  50.862884    13.284    13.300 15 56962.71798079 29.971
 234  46.068973  50.863298    14.554    14.539 15 56972.63362652 33.695
 235  46.069394  50.863922    12.077    12.292 15 56982.54926844 31.600
 236  46.069777  50.860847    14.531    14.480 15 56992.46490517 50.370
 237  46.073501  50.857975    14.735    14.739 15 57002.38053970 45.890
 238  46.072366  50.858696    14.866    14.884 15 57012.29619702 46.445
 239  46.072139  50.860895    14.610    14.620 15 57022.21184889 26.073
 240  46.070486  50.862970    14.561    14.571 16 57032.12749768 23.035
 241  46.068913  50.863520    14.768    14.776 16 57042.04314401 17.868
 242  46.068890  50.862936    14.495    14.487 15 57051.95878812 18.474
 243  46.071285  50.861666    14.686    14.690 15 57061.87442805 19.278
 244  46.072079  50.859190    14.871    14.855 14 57071.79006228 17.072
 245  46.073150  50.858667    14.974    14.962 14 57081.70569283 17.990
 246  46.072523  50.861962    15.111    15.110 15 57091.62133764 41.092
 247  46.068338  50.864769    15.055    15.070 15 57101.53699531 30.440
 248  46.067027  50.865395    14.934    14.925 16 57111.45264952 32.692
 249  46.069160  50.864667    14.887    14.820 16 57121.36829802 41.735
 250  46.070869  50.863431    14.580    14.585 15 57131.28394065 28.395
 251  46.071095  50.862457    14.647    14.930 15 57141.19957798 38.649
 252  46.070533  50.861817    14.900    14.956 15 57151.11521187 27.304
 253  46.072003  50.860527    14.730    14.919 14 57161.03084252 25.455
 254  46.072346  50.861744    15.110    15.076 15 57170.94649767 34.234
 255  46.072765  50.861268    15.055    15.105 15 57180.86215239 24.512
 256  46.072207  50.860376    14.993    15.030 14 57190.77780304 39.379
 257  46.070851  50.861113    14.353    14.416 15 57200.69345080 26.593
 258  46.070632  50.863800    15.453    15.465 15 57210.60908548 53.933
 259  46.068525  50.863433    14.474    14.709 15 57220.52472933 23.626
 260  46.069814  50.863236    15.865    15.850 15 57230.44037238 49.290
 261  46.071224  50.861972    15.160    15.247 15 57240.35601290 22.494
 262  46.072494  50.860522    14.775    15.016 15 57250.27165053 22.951
 263  46.072089  50.859698    15.023    15.031 14 57260.18728583 30.175
 264  46.071789  50.860178    14.433    14.543 15 57270.10291996 37.417
 265  46.070499  50.863588    12.692    12.734 15 57280.01857345 28.451
 266  46.068580  50.863849    14.412    14.427 15 57289.93422867 30.622
 267  46.069109  50.863531    14.182    14.236 15 57299.84988109 24.620
 268  46.070611  50.862944    13.457    13.351 16 57309.76552999 33.712
 269  46.070488  50.863490    12.834    12.536 15 57319.68117561 27.501
 270  46.069178  50.864781    14.538    14.728 15 57329.59681848 24.906
 271  46.068592  50.865511    14.262    14.631 15 57339.51245922 25.319
 272  46.067402  50.864794    14.962    15.137 15 57349.42810876 23.577
 273  46.070121  50.863669    12.795    12.874 15 57359.34375473 27.316
 274  46.071501  50.861181    14.920    15.130 15 57369.25939708 25.180
 275  46.072611  50.861363    15.069    15.061 15 57379.17503712 38.633
 276  46.072146  50.862113    15.210    15.192 15 57389.09067558 47.193
 277  46.070301  50.860558    15.085    15.091 15 57399.00631253 35.022
 278  46.071939  50.859520    15.194    15.214 14 57408.92194953 27.064
 279  46.071542  50.859922    15.446    15.445 15 57418.83760228 19.199
 280  46.071278  50.861249    15.298    15.293 14 57428.75325270 24.639
 281  46.070310  50.863851    15.402    15.407 15 57438.66890098 31.621
 282  46.068015  50.865496    15.448    15.445 16 57448.58454781 39.419
 283  46.066177  50.865643    15.497    15.479 16 57458.50019326 41.518
 284  46.067883  50.864988    15.447    15.474 15 57468.41583599 53.627
 285  46.071530  50.863037    15.431    15.396 15 57478.33147462 50.868
 286  46.073243  50.860199    14.986    14.995 15 57488.24710969 22.571
 287  46.073953  50.858127    14.863    15.036 14 57498.16274261 24.379
 288  46.073452  50.858770    14.912    14.923 15 57508.07838296 24.014
 289  46.070122  50.860502    14.704    14.870 15 57517.99403881 26.606
 290  46.070659  50.862303    14.849    15.088 16 57527.90969213 29.822
 291  46.071404  50.861421    15.421    15.380 15 57537.82534221 24.680
 292  46.072106  50.860897    14.584    14.603 15 57547.74098980 26.422
 293  46.071311  50.861069    14.553    14.747 15 57557.65663609 24.522
 294  46.069892  50.862372    14.369    14.657 15 57567.57228159 25.127
 295  46.068860  50.863222    14.609    14.718 15 57577.48792642 27.449
 296  46.069964  50.864044    13.019    13.233 15 57587.40357017 27.469
 297  46.070296  50.863049    15.365    15.345 16 57597.31921108 50.152
