#  -25.318  -0.373   1.012 ;Mean Elev.(m), Avg Gradient(m/km), RMS Gradient(m/km) - SRTM1     
#  -28.573  -0.188   1.990 ;Mean Elev.(m), Avg Gradient(m/km), RMS Gradient(m/km) - ASTER GDEM
#  -23.811  -0.383   1.046 ;Mean Elev.(m), Avg Gradient(m/km), RMS Gradient(m/km) - GMTED2010 
   1  47.522483  46.999766   -23.284   -23.257  6 54668.22150875 28.721
   2  47.521555  47.001278   -23.427   -23.435  6 54678.13715320 32.745
   3  47.520468  47.001623   -23.202   -23.149  5 54688.05279607 27.921
   4  47.521163  47.000773   -23.262   -23.272  6 54697.96843691 50.221
   5  47.524438  47.000740   -23.215   -23.141  6 54707.88407922 26.803
   7  47.525132  47.001280   -23.335   -23.378  6 54727.71538019 30.061
   8  47.522799  47.001570   -23.512   -23.469  6 54737.63102780 35.006
   9  47.520088  47.002696   -23.574   -23.597  6 54747.54667536 35.765
  10  47.517785  47.003101   -23.579   -23.515  6 54757.46232250 29.836
  11  47.518604  47.003099   -23.686   -23.674  6 54767.37796784 29.549
  12  47.521411  47.002032   -23.613   -23.563  6 54777.29360986 28.659
  13  47.523766  47.000898   -23.584   -23.615  6 54787.20924932 28.742
  14  47.523780  46.999769   -23.399   -23.440  6 54797.12488730 27.571
  15  47.524100  47.000268   -22.934   -23.087  6 54807.04052520 29.281
  16  47.524251  46.999548   -22.501   -22.463  6 54816.95616222 22.899
  17  47.523324  47.000595   -21.481   -21.454  6 54826.87181105 45.907
  18  47.521294  47.001409   -20.702   -20.709  5 54836.78745004 34.633
  19  47.519004  47.003214   -20.827   -20.832  6 54846.70309959 30.103
  20  47.516363  47.003922   -20.226   -20.236  5 54856.61874846 38.065
  21  47.515225  47.005177   -20.156   -20.171  6 54866.53439765 33.054
  22  47.514531  47.004518   -20.215   -20.241  5 54876.45004603 48.605
  23  47.515979  47.003550   -20.441   -20.431  6 54886.36569158 29.024
  24  47.518385  47.003544   -20.933   -20.948  6 54896.28133391 36.653
  25  47.518928  47.003004   -21.230   -21.236  6 54906.19697315 32.407
  26  47.519319  47.002950   -22.505   -22.561  5 54916.11261112 48.941
  27  47.519893  47.002916   -23.352   -23.518  6 54926.02824880 30.909
  28  47.521535  47.002221   -23.089   -23.082  6 54935.94388577 50.077
  29  47.525010  47.001234   -22.229   -22.242  6 54945.85952095 51.336
  30  47.527579  46.997663   -18.838   -18.811  6 54955.77515305 49.258
  31  47.527289  46.998195   -19.477   -19.471  6 54965.69080091 32.118
  32  47.526575  47.000451   -19.984   -19.979  6 54975.60644918 28.038
  33  47.523997  47.001360   -20.084   -20.170  6 54985.52209698 26.906
  35  47.521357  47.001942   -23.106   -23.189  6 55005.35339115 26.973
  36  47.520360  47.002282   -23.093   -23.067  6 55015.26903525 27.615
  37  47.518922  47.002372   -23.370   -23.384  5 55025.18467775 32.351
  38  47.517649  47.002826   -23.121   -23.099  6 55035.10031970 35.475
  39  47.519364  47.003551   -23.400   -23.430  6 55045.01596115 35.743
  40  47.521581  47.001112   -23.171   -23.183  6 55054.93160031 28.614
  41  47.526155  46.999978   -23.373   -23.456  6 55064.84723768 33.874
  42  47.524981  46.999060   -23.093   -23.208  6 55074.76288463 38.008
  43  47.522951  47.000450   -23.176   -23.269  6 55084.67853263 40.097
  44  47.520519  47.001849   -23.531   -23.502  5 55094.59417918 31.370
  45  47.519678  47.002656   -23.555   -23.511  5 55104.50982571 29.930
  46  47.519951  47.002641   -23.140   -23.078  5 55114.42547200 40.207
  47  47.520283  47.000859   -23.612   -23.543  6 55124.34111553 29.186
  48  47.522279  47.000831   -23.589   -23.561  6 55134.25675669 30.199
  49  47.522879  47.000433   -23.647   -23.676  6 55144.17239537 29.221
  50  47.522122  47.000144   -22.935   -22.989  6 55154.08803312 45.742
  51  47.523270  47.001200   -23.569   -23.597  6 55164.00367155 29.573
  52  47.524271  47.000850   -23.575   -23.548  6 55173.91930945 26.598
  54  47.522122  46.999856   -21.416   -21.452  6 55193.75059850 39.134
  55  47.520043  47.002994   -22.332   -22.314  6 55203.66624883 32.008
  56  47.516307  47.003462   -21.887   -21.854  6 55213.58189799 29.112
  57  47.516458  47.004815   -22.750   -22.839  6 55223.49754726 23.884
  58  47.516521  47.002913   -21.864   -21.824  6 55233.41319443 27.376
  59  47.519942  47.002278   -21.961   -22.004  5 55243.32883886 21.091
  60  47.520720  47.001456   -21.966   -21.979  5 55253.24447974 20.536
  61  47.520314  47.002554   -22.019   -22.034  6 55263.16011857 28.367
  62  47.518808  47.002693   -22.270   -22.499  5 55273.07575601 33.793
  63  47.520190  47.002424   -22.955   -22.953  6 55282.99139327 27.275
  64  47.524444  47.001544   -23.119   -23.099  6 55292.90702940 36.835
  65  47.527993  46.999476   -23.199   -23.253  6 55302.82266502 34.072
  66  47.527260  46.999387   -22.995   -23.023  6 55312.73831238 27.097
  67  47.524996  46.999991   -20.429   -20.475  6 55322.65395763 33.918
  68  47.521908  47.000489   -19.410   -19.376  6 55332.56960170 24.874
  69  47.520242  47.001240   -19.720   -19.693  6 55342.48524595 20.986
  70  47.520310  47.001007   -19.229   -19.086  6 55352.40088992 45.067
  71  47.522504  47.001897   -21.429   -21.428  6 55362.31653208 46.809
  72  47.521684  47.000825   -23.236   -23.252  6 55372.23217153 30.664
  74  47.520530  47.000583   -23.899   -23.913  6 55392.06344695 38.176
  75  47.523036  47.000031   -23.248   -23.265  6 55401.97908298 30.124
  76  47.524002  46.999486   -23.261   -23.310  6 55411.89473330 47.645
  77  47.525090  46.998945   -23.200   -23.254  6 55421.81038267 47.405
  78  47.524667  46.998829   -23.644   -23.646  6 55431.72602929 32.737
  79  47.522458  47.000687   -23.825   -23.790  6 55441.64167415 31.715
  80  47.520398  47.002447   -24.004   -24.003  5 55451.55731763 30.424
  81  47.519842  47.002498   -24.053   -24.009  5 55461.47296028 29.279
  82  47.521195  47.000236   -24.068   -24.077  6 55471.38860130 28.518
  83  47.524593  46.998888   -24.099   -24.068  6 55481.30423972 27.611
  84  47.528082  46.999190   -24.102   -24.044  6 55491.21987598 31.869
  85  47.527372  46.997947   -24.149   -24.110  6 55501.13550946 31.076
  86  47.526266  47.000767   -23.945   -23.992  6 55511.05115311 47.387
  87  47.521684  47.000581   -24.159   -24.257  6 55520.96680217 37.344
  88  47.521301  47.001986   -24.230   -24.198  6 55530.88245076 28.530
  89  47.521105  47.001808   -24.061   -24.065  6 55540.79809751 30.395
  90  47.520951  47.002099   -23.857   -23.991  6 55550.71374231 53.175
  91  47.519095  47.002665   -24.069   -24.064  6 55560.62938556 29.366
  92  47.518430  47.003789   -24.070   -24.078  6 55570.54502832 32.649
  93  47.518739  47.002986   -23.405   -23.409  6 55580.46066982 38.115
  95  47.527455  47.000151   -23.325   -23.345  6 55600.29194436 38.041
  96  47.529900  46.998283   -23.252   -23.227  6 55610.20757736 28.727
  97  47.529625  46.997363   -22.979   -23.002  6 55620.12320879 30.901
  98  47.525909  47.000318   -22.946   -22.894  6 55630.03885977 34.731
  99  47.522490  47.000068   -23.463   -23.498  6 55639.95451003 39.500
 100  47.523931  47.000355   -23.188   -23.367  6 55649.87015838 51.577
 101  47.524837  46.998664   -23.732   -23.849  6 55659.78580301 30.425
 102  47.525575  46.998943   -23.537   -23.555  6 55669.70144450 38.656
 103  47.525634  47.000929   -22.434   -22.378  6 55679.61708434 26.415
 104  47.523474  47.000454   -20.672   -20.639  6 55689.53272175 29.638
 105  47.523706  47.000373   -19.094   -18.947  6 55699.44835796 44.849
 106  47.525849  47.000542   -20.190   -20.172  6 55709.36399652 30.100
 107  47.524069  47.000291   -22.068   -22.036  6 55719.27964690 32.496
 108  47.522061  47.000627   -23.680   -23.690  6 55729.19529489 35.877
 109  47.521328  47.002157   -23.687   -23.696  6 55739.11094169 33.724
 110  47.519627  47.002076   -23.274   -23.202  6 55749.02658679 37.251
 111  47.520044  47.001627   -23.641   -23.687  6 55758.94222965 31.836
 112  47.522854  47.001048   -23.522   -23.551  6 55768.85786992 33.964
 113  47.526989  47.000625   -23.511   -23.514  6 55778.77350720 39.424
 114  47.528475  46.998512   -23.264   -23.350  6 55788.68914154 36.669
 116  47.527317  46.999503   -23.724   -23.723  6 55808.52042056 32.360
 117  47.524801  46.999848   -23.592   -23.620  6 55818.43606965 43.053
 118  47.525187  46.998936   -23.660   -23.608  6 55828.35171470 30.432
 119  47.527887  46.998771   -23.748   -23.738  6 55838.26735565 27.422
 120  47.529265  46.998419   -23.453   -23.582  7 55848.18299327 31.271
 121  47.529134  46.998596   -23.350   -23.249  6 55858.09862851 33.372
 122  47.525510  46.999565   -23.659   -23.649  6 55868.01427473 48.493
 123  47.521659  47.000024   -23.391   -23.306  6 55877.92992609 48.613
 124  47.522228  47.001211   -23.757   -23.820  6 55887.84557150 36.904
 125  47.522606  46.999832   -23.473   -23.476  6 55897.76121079 30.221
 126  47.526245  47.000501   -23.330   -23.319  6 55907.67684582 37.868
 127  47.524231  47.001084   -22.989   -22.929  6 55917.59249306 46.856
 128  47.521556  47.002045   -22.984   -22.997  6 55927.50814647 52.419
 129  47.520423  47.001644   -23.296   -23.376  5 55937.42379638 50.012
 130  47.520699  47.000287   -23.160   -23.166  6 55947.33944126 41.308
 131  47.522341  46.999651   -22.590   -22.539  6 55957.25508177 34.575
 133  47.524665  47.000388   -22.754   -22.762  6 55977.08635662 20.822
 134  47.524534  46.998960   -22.777   -22.758  6 55987.00199228 30.755
 135  47.527839  46.999830   -22.798   -22.797  6 55996.91763052 16.734
 136  47.527430  47.000456   -22.743   -22.768  6 56006.83328179 35.444
 137  47.525508  46.999184   -22.973   -23.000  6 56016.74892853 42.951
 138  47.524375  47.000604   -23.320   -23.333  6 56026.66457305 33.214
 139  47.521601  47.000802   -23.743   -23.813  6 56036.58021570 30.965
 140  47.520594  47.000623   -22.873   -22.867  6 56046.49585653 32.669
 141  47.523032  47.001878   -20.065   -20.016  6 56056.41149511 27.504
 142  47.525083  47.000148   -19.663   -19.657  6 56066.32712888 27.359
 143  47.523540  47.000136   -18.701   -18.682  6 56076.24277607 48.028
 144  47.521795  47.001888   -19.533   -19.579  6 56086.15842528 40.686
 145  47.520096  47.001675   -21.790   -21.840  5 56096.07407161 30.766
 146  47.520888  47.001450   -22.637   -22.607  6 56105.98971599 24.280
 147  47.523342  47.000910   -22.494   -22.549  6 56115.90534600 28.478
 148  47.526149  47.000101   -23.512   -23.725  6 56125.82098387 37.656
 149  47.528876  46.999502   -23.505   -23.473  6 56135.73661789 46.680
 150  47.526729  46.998478   -23.594   -23.611  6 56145.65226002 28.161
 151  47.525824  47.001059   -23.660   -23.753  6 56155.56791037 28.572
 152  47.523734  47.001131   -23.410   -23.413  6 56165.48355924 26.547
 153  47.523241  47.000630   -23.765   -23.868  6 56175.39920593 37.457
 154  47.524487  47.000058   -23.710   -23.747  6 56185.31484766 30.864
 155  47.526293  47.000269   -23.796   -23.834  6 56195.23048572 29.844
 157  47.526538  47.000151   -23.638   -23.767  6 56215.06175362 34.116
 158  47.526979  47.000341   -23.823   -23.855  6 56224.97739108 35.876
 159  47.524666  47.000887   -23.628   -23.642  6 56234.89304642 29.044
 160  47.523280  47.001033   -23.541   -23.566  6 56244.80869790 29.305
 161  47.521365  47.000581   -22.976   -22.946  6 56254.72434430 26.870
 162  47.520142  47.000926   -22.214   -22.198  6 56264.63998694 25.129
 163  47.520586  47.002041   -21.598   -21.618  6 56274.55562824 31.279
 164  47.521231  47.001753   -20.715   -20.762  6 56284.47127327 35.210
 165  47.521453  47.000721   -20.671   -20.689  6 56294.38692441 35.010
 166  47.522813  47.000672   -20.683   -20.667  6 56304.30257152 29.916
 167  47.522466  47.000865   -20.665   -20.681  6 56314.21821452 48.689
 168  47.521872  47.002191   -20.936   -20.900  6 56324.13385547 29.183
 169  47.520092  47.000997   -20.951   -20.940  6 56334.04949502 37.098
 170  47.522023  47.000355   -21.107   -21.061  6 56343.96513428 36.831
 171  47.526059  46.999636   -21.701   -21.708  6 56353.88077142 38.423
 172  47.526497  46.998632   -21.736   -21.844  6 56363.79641453 40.712
 173  47.524706  47.000310   -22.405   -22.518  6 56373.71206352 29.457
 175  47.519045  47.003487   -21.992   -21.983  6 56393.54335397 40.257
 176  47.519329  47.003438   -21.663   -21.636  6 56403.45899646 26.585
 177  47.520452  47.001580   -19.301   -19.289  6 56413.37463579 35.869
 178  47.523372  46.999319   -18.547   -18.495  6 56423.29027019 47.798
 179  47.524880  47.001155   -19.384   -19.323  6 56433.20591423 31.844
 180  47.520501  47.002001   -19.241   -19.248  5 56443.12156622 44.814
 181  47.517516  47.002633   -19.552   -19.544  6 56453.03721566 34.624
 183  47.520920  47.001867   -21.972   -21.952  6 56472.86850639 31.263
 184  47.524337  47.000979   -22.695   -22.803  6 56482.78414679 28.996
 185  47.526085  47.000974   -23.435   -23.418  6 56492.69978380 37.030
 186  47.526188  47.000728   -23.640   -23.589  6 56502.61541836 46.060
 187  47.527179  47.000062   -23.467   -23.465  6 56512.53105146 26.426
 188  47.525813  46.999350   -23.701   -23.723  6 56522.44669922 32.581
 189  47.526628  47.000886   -23.806   -23.848  6 56532.36235230 29.232
 191  47.522901  46.999557   -23.601   -23.716  6 56552.19364563 31.492
 192  47.521645  47.002247   -23.892   -23.877  6 56562.10928865 28.255
 193  47.519483  47.002902   -23.901   -23.906  6 56572.02492995 33.926
 194  47.519519  47.002128   -23.522   -23.420  5 56581.94056936 27.311
 195  47.522937  46.999638   -23.591   -23.597  6 56591.85620446 29.556
 196  47.525185  47.001241   -23.240   -23.158  6 56601.77185454 29.691
 197  47.522309  47.000518   -23.118   -23.072  6 56611.68750384 24.582
 199  47.519930  47.002676   -23.629   -23.655  6 56631.51879179 27.236
 200  47.521906  47.001633   -23.029   -23.022  6 56641.43443024 25.642
 201  47.523087  47.000080   -22.652   -22.612  6 56651.35007860 31.987
 202  47.523245  46.999368   -23.433   -23.501  6 56661.26572885 29.507
 203  47.523134  47.000705   -23.227   -23.283  5 56671.18137609 29.580
 204  47.521093  47.002323   -22.850   -22.841  6 56681.09702108 40.920
 205  47.519815  47.002566   -21.735   -21.735  6 56691.01266389 28.706
 206  47.521209  47.001479   -21.368   -21.380  6 56700.92830311 30.983
 207  47.526069  47.000558   -20.992   -20.967  6 56710.84393788 38.636
 208  47.526545  47.000261   -21.092   -21.107  6 56720.75958103 36.749
 209  47.523268  47.001680   -21.037   -21.096  6 56730.67523284 46.644
 210  47.518751  47.002717   -22.755   -22.796  5 56740.59088079 27.014
 211  47.516602  47.003582   -22.858   -22.840  5 56750.50652481 25.635
 212  47.518338  47.003308   -22.772   -22.812  5 56760.42216404 22.284
 213  47.522573  47.001201   -23.135   -22.359  6 56770.33779662 27.816
 214  47.522666  47.002054   -21.027   -21.030  6 56780.25344917 29.397
 215  47.519594  47.002346   -19.909   -19.921  6 56790.16910404 29.924
 216  47.516322  47.003503   -20.319   -20.252  6 56800.08475570 31.680
 217  47.515947  47.004984   -21.184   -21.303  5 56810.00040099 27.616
 219  47.520426  47.001423   -23.237   -23.264  6 56829.83167682 27.646
 220  47.524743  46.998705   -23.423   -23.409  6 56839.74730968 29.533
 221  47.529039  46.999186   -23.442   -23.429  6 56849.66294381 37.112
 222  47.523498  46.999568   -23.692   -23.622  6 56859.57859802 40.089
 223  47.520443  47.001741   -23.859   -23.926  5 56869.49425198 29.352
 224  47.519705  47.003246   -24.080   -24.119  6 56879.40990363 31.748
 225  47.519593  47.002990   -23.881   -23.948  6 56889.32555151 28.827
 226  47.519048  47.002167   -23.911   -23.917  5 56899.24119642 36.814
 227  47.517990  47.003040   -23.894   -23.835  6 56909.15683916 29.716
 228  47.517252  47.004337   -23.819   -24.045  6 56919.07248007 30.472
 229  47.516780  47.003695   -22.311   -22.278  6 56928.98811852 43.114
 230  47.519108  47.002027   -23.780   -23.751  6 56938.90375259 37.803
 231  47.522807  47.000135   -23.952   -23.958  6 56948.81938735 33.114
 232  47.521556  47.000034   -23.996   -23.956  6 56958.73504002 31.753
 233  47.522033  47.002215   -23.797   -23.784  6 56968.65068818 46.686
 234  47.520386  47.001548   -23.716   -23.729  6 56978.56633186 28.286
 235  47.520142  47.000401   -24.213   -24.209  6 56988.48197119 29.305
 237  47.524393  46.999441   -22.319   -22.199  6 57008.31325473 40.865
 238  47.523247  46.999490   -22.541   -22.484  6 57018.22890787 34.860
 239  47.523307  47.001605   -23.365   -23.428  6 57028.14455806 44.469
 240  47.519847  47.000847   -23.441   -23.487  6 57038.06020555 40.503
 241  47.519589  47.001852   -23.298   -23.326  6 57047.97585109 30.291
 242  47.520692  47.001516   -22.962   -22.956  6 57057.89149271 37.171
 243  47.524135  47.001547   -23.019   -23.070  6 57067.80712906 36.270
 244  47.526336  47.000898   -23.188   -23.202  6 57077.72276098 29.176
 245  47.526129  46.999088   -23.273   -23.316  6 57087.63839346 35.468
 246  47.520887  47.000946   -23.582   -23.573  6 57097.55405212 28.883
 247  47.517955  47.002712   -23.544   -23.492  5 57107.46970811 43.626
 248  47.517791  47.002974   -23.801   -23.705  5 57117.38535911 26.225
 249  47.518818  47.002374   -24.058   -24.059  6 57127.30100379 26.993
 250  47.520577  47.002141   -23.791   -23.733  6 57137.21664306 26.758
 251  47.522846  47.001901   -23.341   -23.299  6 57147.13227823 39.702
 252  47.525437  47.001017   -20.368   -20.288  6 57157.04791075 43.398
 253  47.525023  46.999948   -20.443   -20.427  6 57166.96355494 37.506
 254  47.524014  47.001396   -20.641   -20.619  6 57176.87921126 41.012
 255  47.523099  47.001417   -22.577   -22.553  6 57186.79486338 46.821
 257  47.520424  47.000559   -23.502   -23.503  6 57206.62614585 29.071
 258  47.521146  47.002651   -23.459   -23.527  6 57216.54179144 27.267
 259  47.520461  47.001681   -23.486   -23.490  6 57226.45743525 30.035
 260  47.521501  47.001109   -23.309   -23.304  6 57236.37307723 26.413
 261  47.523491  47.001092   -23.066   -22.946  6 57246.28871587 31.753
 262  47.524753  47.001214   -23.505   -23.446  6 57256.20435178 33.050
 263  47.524283  47.000661   -23.385   -23.292  6 57266.11998607 36.502
 264  47.522939  47.000775   -23.005   -22.936  5 57276.03562989 31.892
 265  47.520984  47.001578   -23.330   -23.399  5 57285.95128657 28.330
 266  47.520415  47.001659   -23.705   -23.745  5 57295.86694035 32.928
 267  47.520482  47.001880   -23.361   -23.408  6 57305.78259063 29.664
 268  47.519900  47.002795   -23.701   -23.789  5 57315.69823725 28.497
 269  47.518556  47.003503   -23.428   -23.419  6 57325.61388068 38.093
 270  47.517921  47.002623   -23.741   -23.831  6 57335.52952201 26.685
 271  47.519467  47.003292   -23.930   -23.892  6 57345.44516908 35.044
 272  47.519897  47.002241   -23.713   -23.720  6 57355.36081680 26.406
 273  47.520954  47.001488   -23.872   -23.863  6 57365.27646072 25.541
 274  47.522224  47.001690   -23.367   -23.404  6 57375.19210131 29.335
 276  47.522626  47.000217   -22.245   -22.231  6 57395.02337728 38.769
 277  47.526172  47.000684   -21.878   -21.861  6 57404.93901452 41.570
 278  47.524591  46.998853   -21.919   -21.922  6 57414.85466175 36.115
 279  47.523689  47.000544   -21.535   -21.508  5 57424.77031321 39.727
 280  47.521326  47.002651   -21.534   -21.602  6 57434.68596179 42.084
 281  47.517322  47.003025   -22.218   -22.255  6 57444.60160827 46.808
 282  47.516646  47.004103   -23.088   -23.045  6 57454.51725455 24.969
 283  47.517834  47.003464   -23.259   -23.363  5 57464.43289886 28.505
 284  47.522097  47.002157   -23.185   -23.229  6 57474.34853957 27.488
 286  47.525543  46.999019   -22.779   -22.904  6 57494.17981011 34.301
 287  47.526855  46.999320   -20.260   -20.225  7 57504.09544211 32.711
 288  47.522563  46.999631   -18.539   -18.488  6 57514.01109607 44.313
 289  47.522454  47.000647   -18.274   -18.310  6 57523.92675046 33.459
 290  47.524321  47.001251   -18.325   -18.331  6 57533.84240268 27.952
 291  47.523569  47.000132   -18.679   -18.639  6 57543.75805130 31.416
 292  47.522561  47.001043   -20.633   -20.849  6 57553.67369787 33.298
 293  47.520512  47.001835   -22.551   -22.516  6 57563.58934296 40.598
 294  47.519002  47.001864   -22.811   -22.903  6 57573.50498754 36.103
 295  47.519821  47.001822   -23.048   -23.009  5 57583.42063208 40.908
 296  47.521432  47.001251   -23.565   -23.565  5 57593.33627466 27.191
 297  47.521416  47.000114   -23.838   -23.820  6 57603.25191460 36.239
