#  -15.472  -1.815   4.399 ;Mean Elev.(m), Avg Gradient(m/km), RMS Gradient(m/km) - SRTM1     
#  -14.224  -2.347   4.559 ;Mean Elev.(m), Avg Gradient(m/km), RMS Gradient(m/km) - ASTER GDEM
#  -14.910  -1.700   4.102 ;Mean Elev.(m), Avg Gradient(m/km), RMS Gradient(m/km) - GMTED2010 
   1  45.985785  48.277208   -15.116   -16.040  3 54665.25496998 36.457
   2  45.985383  48.279829   -15.873   -15.928  4 54675.17061507 45.727
   3  45.983200  48.280552   -15.901   -15.871  3 54685.08625814 37.107
   4  45.983931  48.280859   -15.664   -15.705  3 54695.00189984 48.939
   5  45.985450  48.277916   -15.522   -15.664  3 54704.91753850 52.837
   6  45.986575  48.276900   -15.792   -15.822  3 54714.83318981 47.333
   7  45.987025  48.276433   -15.269   -15.662  3 54724.74883998 30.383
   8  45.986021  48.278527   -15.560   -16.081  3 54734.66448854 34.542
   9  45.984082  48.282097   -16.398   -16.382  3 54744.58013628 32.729
  10  45.983017  48.284387   -16.208   -16.262  3 54754.49578352 28.419
  11  45.982490  48.282590   -16.153   -16.285  3 54764.41142917 31.467
  12  45.984281  48.279725   -15.662   -16.011  3 54774.32707207 30.768
  13  45.987250  48.278980   -15.474   -15.136  3 54784.24271277 32.364
  14  45.987764  48.278864   -15.999   -15.897  3 54794.15835130 50.978
  15  45.985419  48.277647   -15.526   -15.766  3 54804.07398832 31.294
  16  45.985943  48.277982   -14.930   -14.937  3 54813.98962542 25.784
  17  45.986960  48.279216   -14.809   -14.774  3 54823.90527005 27.209
  18  45.985853  48.279508   -14.118   -14.078  4 54833.82090986 45.542
  19  45.983504  48.280308   -11.893   -11.869  3 54843.73655969 39.174
  20  45.981880  48.282865   -11.624   -11.612  3 54853.65220904 31.801
  21  45.980149  48.285225   -12.149   -12.150  3 54863.56785821 32.763
  22  45.979385  48.286059   -12.447   -12.436  3 54873.48350707 38.204
  23  45.980096  48.284639   -12.636   -12.630  3 54883.39915333 33.263
  24  45.981986  48.282246   -13.080   -13.079  3 54893.31479609 34.264
  25  45.983266  48.280691   -13.418   -13.386  3 54903.23043611 38.793
  26  45.984599  48.282017   -14.797   -15.839  3 54913.14607519 32.364
  27  45.984290  48.283281   -16.170   -16.136  3 54923.06171317 44.077
  28  45.983441  48.281920   -16.076   -16.224  3 54932.97734982 44.116
  29  45.985734  48.279373   -15.105   -15.147  4 54942.89298470 42.835
  30  45.988855  48.275373   -11.016   -11.016  2 54952.80861755 37.261
  32  45.988625  48.276077   -12.022   -12.022  2 54972.63990951 36.505
  33  45.986500  48.278149   -12.077   -12.126  3 54982.55555744 35.167
  34  45.985057  48.279905   -13.217   -12.487  3 54992.47120512 31.753
  35  45.984206  48.280675   -16.032   -16.012  3 55002.38685192 41.356
  36  45.985175  48.282325   -15.884   -15.863  3 55012.30249710 48.710
  37  45.984393  48.281641   -14.235   -13.341  3 55022.21814021 31.034
  38  45.984253  48.282694   -16.120   -16.116  3 55032.13378268 34.791
  39  45.982583  48.281950   -15.761   -15.877  3 55042.04942391 31.588
  40  45.983925  48.281183   -14.850   -15.313  3 55051.96506383 29.631
  41  45.986561  48.279260   -15.612   -15.744  3 55061.88070150 48.918
  42  45.987289  48.277118   -15.278   -15.918  3 55071.79634414 34.785
  43  45.987370  48.277603   -15.369   -15.847  3 55081.71199285 32.408
  44  45.986641  48.279750   -15.335   -15.888  3 55091.62764030 32.513
  45  45.984395  48.281359   -16.233   -16.240  3 55101.54328713 29.364
  46  45.983408  48.282832   -16.225   -16.225  2 55111.45893369 28.181
  47  45.983671  48.281709   -15.645   -16.297  3 55121.37457782 28.285
  48  45.986344  48.280682   -14.421   -14.466  3 55131.29021931 26.837
  49  45.987603  48.279224   -14.863   -14.906  3 55141.20585850 28.599
  50  45.986815  48.278609   -15.092   -15.213  3 55151.12149675 28.313
  51  45.985872  48.278621   -15.365   -15.713  3 55161.03713504 30.511
  52  45.985271  48.277905   -15.677   -16.034  3 55170.95277280 32.366
  53  45.987696  48.278372   -15.558   -15.567  3 55180.86840958 29.012
  54  45.985477  48.278160   -15.168   -15.082  3 55190.78405781 39.853
  55  45.984647  48.281416   -16.150   -16.123  3 55200.69970858 40.044
  56  45.983733  48.284076   -14.448   -14.657  3 55210.61535871 42.036
  57  45.981434  48.283598   -13.104   -13.113  3 55220.53100776 38.589
  58  45.981765  48.283502   -12.647   -12.611  3 55230.44665613 24.572
  59  45.983302  48.282811   -12.985   -12.985  2 55240.36230125 22.166
  60  45.984053  48.281640   -13.113   -13.099  3 55250.27794256 38.984
  61  45.984477  48.281587   -13.462   -13.455  3 55260.19358159 30.362
  62  45.983473  48.280563   -13.750   -13.742  3 55270.10921933 33.759
  63  45.985217  48.281561   -13.987   -14.004  3 55280.02485751 38.045
  64  45.985577  48.279374   -14.587   -15.153  3 55289.94049372 31.127
  65  45.987340  48.276624   -14.217   -13.385  3 55299.85612761 34.714
  66  45.988769  48.276900   -16.045   -16.026  3 55309.77177260 47.387
  67  45.988410  48.277604   -11.916   -11.945  3 55319.68741836 49.776
  68  45.986292  48.278123   -10.576   -10.560  3 55329.60306306 41.182
  69  45.985398  48.279960   -11.771   -11.825  4 55339.51870792 34.618
  70  45.984116  48.279758   -12.005   -11.997  3 55349.43435208 32.641
  71  45.985791  48.281171   -12.774   -12.460  3 55359.34999479 30.817
  72  45.985709  48.281181   -12.746   -12.750  3 55369.26563486 27.340
  73  45.984784  48.280440   -13.435   -13.199  4 55379.18127313 27.246
  74  45.984087  48.279401   -16.519   -16.557  3 55389.09691053 43.007
  75  45.985451  48.278184   -15.953   -15.974  3 55399.01254704 35.462
  76  45.988061  48.278265   -15.460   -16.224  3 55408.92819306 37.949
  77  45.986727  48.276300   -16.405   -16.416  3 55418.84384309 42.062
  78  45.987077  48.277391   -14.736   -15.216  3 55428.75949048 24.814
  79  45.985566  48.278668   -14.777   -14.992  3 55438.67513527 24.283
  80  45.985050  48.280920   -14.265   -14.129  3 55448.59077911 21.952
  81  45.984015  48.280456   -15.172   -15.259  3 55458.50642218 22.688
  82  45.985243  48.279905   -14.884   -14.940  4 55468.42206473 23.341
  83  45.986936  48.278024   -14.950   -15.057  4 55478.33770382 26.469
  84  45.987715  48.275760   -15.139   -15.123  3 55488.25333967 24.370
  85  45.988237  48.274784   -15.520   -15.407  3 55498.16897331 23.618
  86  45.988112  48.276317   -16.680   -16.890  3 55508.08461182 48.953
  87  45.986598  48.278968   -14.728   -14.370  3 55518.00026227 26.716
  88  45.985346  48.279754   -14.671   -14.259  3 55527.91591148 22.908
  89  45.984028  48.279414   -15.379   -15.606  3 55537.83155858 23.172
  90  45.984777  48.281423   -15.691   -15.612  3 55547.74720412 28.626
  91  45.982505  48.281830   -16.273   -16.242  3 55557.66284744 46.544
  92  45.981743  48.282881   -15.986   -15.850  3 55567.57849026 28.278
  93  45.983034  48.282455   -15.524   -15.732  3 55577.49413231 51.057
  94  45.985503  48.280144   -14.411   -14.400  3 55587.40977204 41.495
  95  45.987483  48.276197   -14.503   -14.525  3 55597.32540830 35.167
  96  45.989275  48.274822   -14.851   -14.851  2 55607.24104206 27.655
  97  45.989284  48.274191   -14.799   -14.787  3 55617.15667358 23.771
  98  45.987986  48.276533   -15.226   -15.226  2 55627.07231798 29.235
  99  45.986415  48.277586   -15.011   -15.009  3 55636.98796935 29.053
 100  45.986586  48.277357   -15.662   -15.669  3 55646.90361861 43.911
 101  45.987230  48.276482   -15.151   -15.260  3 55656.81926500 28.012
 102  45.987430  48.276413   -16.397   -16.437  3 55666.73490724 46.823
 103  45.986248  48.276908   -15.195   -15.176  3 55676.65054676 45.653
 104  45.985489  48.278046    33.856    33.769  3 55686.56618472 17.415
 105  45.986184  48.278622   -11.422   -11.342  3 55696.48182157 35.804
 106  45.988064  48.277330   -12.468   -12.526  3 55706.39745695 41.135
 107  45.987531  48.277493   -12.916   -13.036  3 55716.31310686 33.120
 108  45.985476  48.278110   -13.031   -13.022  3 55726.22875553 27.861
 109  45.985183  48.281320   -13.263   -13.278  3 55736.14440289 26.312
 110  45.983934  48.282800   -13.533   -13.297  3 55746.06004852 23.141
 111  45.983444  48.281759    41.530    40.699  3 55755.97569184 14.492
 112  45.986421  48.280011   -15.292   -15.544  3 55765.89133290 33.090
 113  45.987747  48.275875   -15.877   -15.787  3 55775.80697054 46.682
 114  45.989678  48.274875   -15.425   -16.139  3 55785.72260598 27.840
 115  45.989077  48.274773   -15.469   -15.153  3 55795.63823954 25.768
 116  45.988747  48.276776   -14.994   -15.193  3 55805.55387975 28.479
 117  45.987882  48.278227   -14.983   -15.313  3 55815.46952944 30.035
 118  45.987990  48.276501   -15.167   -15.692  3 55825.38517601 26.558
 119  45.988986  48.274619   -15.492   -15.302  3 55835.30081808 25.370
 120  45.989656  48.273888   -15.743   -15.743  2 55845.21645666 22.272
 121  45.989416  48.274628   -16.145   -16.425  3 55855.13209247 38.880
 122  45.988834  48.277216   -15.085   -15.486  3 55865.04773288 29.690
 123  45.986131  48.279769   -16.229   -16.480  3 55874.96338600 31.216
 124  45.986241  48.280246   -15.676   -15.626  3 55884.87903334 27.966
 125  45.987175  48.279438   -16.319   -16.357  3 55894.79467463 27.194
 126  45.987619  48.277072   -15.659   -15.446  3 55904.71031035 26.186
 127  45.986411  48.276990   -15.681   -15.692  3 55914.62595106 40.451
 128  45.984721  48.280728   -16.134   -16.238  3 55924.54160565 44.048
 129  45.983932  48.281941   -15.828   -15.776  3 55934.45725678 27.197
 130  45.983999  48.279712   -15.881   -15.823  3 55944.37290272 40.954
 131  45.987292  48.278888   -12.929   -12.949  3 55954.28854481 32.916
 132  45.986577  48.276178   -13.026   -13.024  3 55964.20418317 22.668
 133  45.986999  48.277749   -13.370   -13.418  4 55974.11982064 20.953
 134  45.986666  48.278333   -13.379   -13.366  3 55984.03545664 17.340
 135  45.987558  48.276209   -13.395   -13.392  3 55993.95109000 18.680
 136  45.987675  48.275991   -13.561   -13.549  3 56003.86674037 14.129
 137  45.987864  48.275473   -12.773   -12.946  3 56013.78238894 22.842
 138  45.987897  48.277055   -16.339   -16.334  3 56023.69803476 48.948
 139  45.986077  48.279081   -14.774   -15.084  3 56033.61367826 31.075
 140  45.984830  48.280704   -14.712   -14.854  3 56043.52931974 25.791
 141  45.985139  48.281210   -11.094   -11.109  3 56053.44495852 39.032
 142  45.985221  48.277947   -11.452   -11.436  3 56063.36059330 37.142
 143  45.987174  48.277593   -11.283   -11.305  4 56073.27623537 38.108
 144  45.985802  48.278776   -11.792   -11.816  3 56083.19188543 41.462
 145  45.984135  48.279635   -14.846   -14.868  3 56093.10753285 49.318
 146  45.984418  48.281239   -14.897   -14.798  3 56103.02317830 42.220
 147  45.984736  48.280261   -13.434   -13.235  3 56112.93880881 27.365
 148  45.987181  48.278756   -16.299   -16.341  3 56122.85444734 44.038
 149  45.989243  48.275340   -13.555   -13.528  3 56132.77008167 26.827
 150  45.989770  48.273749   -14.991   -14.991  2 56142.68571886 28.710
 151  45.988257  48.276752   -14.008   -13.741  3 56152.60137013 27.703
 152  45.985895  48.278673   -14.168   -13.798  3 56162.51701967 24.245
 153  45.985018  48.279260   -14.243   -14.167  3 56172.43266717 24.595
 154  45.987077  48.279186   -14.431   -14.130  3 56182.34831002 28.166
 155  45.988682  48.278011   -14.292   -14.021  3 56192.26394880 27.307
 156  45.987338  48.275459   -14.708   -15.013  3 56202.17958424 21.680
 157  45.988982  48.276923   -14.429   -14.128  3 56212.09521861 27.754
 158  45.987916  48.275282   -16.070   -16.070  3 56222.01085015 45.225
 159  45.987495  48.279326   -14.747   -14.503  3 56231.92650505 29.323
 160  45.984635  48.278724   -14.866   -14.735  3 56241.84215708 23.118
 161  45.985905  48.280857   -14.817   -14.616  3 56251.75780581 27.433
 162  45.985898  48.280765   -14.413   -14.540  3 56261.67344948 26.985
 163  45.986005  48.280847   -13.367   -13.250  3 56271.58909118 27.411
 164  45.985738  48.280035   -13.715   -13.733  3 56281.50473228 41.853
 165  45.984780  48.280684   -12.018   -12.020  3 56291.42038478 46.872
 166  45.984336  48.279759   -11.938   -12.021  3 56301.33603254 45.595
 167  45.986015  48.280039   -12.120   -12.188  3 56311.25167644 32.225
 169  45.984799  48.279004   -12.250   -12.260  3 56331.08295795 38.442
 170  45.985568  48.279499   -12.688   -12.713  3 56340.99859801 33.586
 171  45.985835  48.277194   -13.005   -13.039  3 56350.91423525 26.837
 172  45.988908  48.276955   -14.311   -14.326  3 56360.82987380 31.795
 173  45.987681  48.277825   -15.298   -15.226  3 56370.74552338 49.364
 175  45.984990  48.282682   -12.858   -12.807  3 56390.57681600 26.080
 176  45.984185  48.282909   -13.181   -13.106  3 56400.49245931 27.458
 177  45.984118  48.281497   -10.875   -10.802  3 56410.40809974 36.505
 178  45.986314  48.280066   -10.318   -10.327  3 56420.32373551 47.461
 179  45.987747  48.279068   -11.145   -11.153  3 56430.23937234 38.747
 180  45.985748  48.281576   -11.725   -11.689  3 56440.15502567 41.685
 181  45.982697  48.281395   -11.660   -11.668  3 56450.07067585 36.705
 182  45.984688  48.283130   -12.575   -12.686  3 56459.98632455 31.211
 183  45.984554  48.281004   -13.531   -13.540  4 56469.90196905 33.655
 184  45.986157  48.280179   -15.370   -15.460  3 56479.81761017 48.969
 185  45.985929  48.277908   -12.985   -13.085  3 56489.73324699 25.619
 186  45.986324  48.276720   -14.343   -13.386  3 56499.64888173 35.332
 187  45.987909  48.275747   -14.770   -15.135  3 56509.56451548 28.868
 188  45.988292  48.275179   -13.670   -13.455  3 56519.48015728 24.412
 189  45.987030  48.276147   -14.038   -13.473  3 56529.39581133 25.590
 190  45.986626  48.276952   -14.063   -13.926  3 56539.31146133 24.227
 191  45.987003  48.279103   -14.002   -13.990  3 56549.22710730 28.387
 192  45.985374  48.280654   -14.015   -13.928  3 56559.14275044 24.634
 193  45.983301  48.280810   -13.972   -13.658  3 56569.05839222 20.474
 194  45.985006  48.282342   -16.224   -16.205  3 56578.97403326 51.352
 195  45.985338  48.278642   -15.691   -15.612  3 56588.88966943 31.260
 196  45.987211  48.278510   -14.335   -14.069  3 56598.80531341 29.637
 197  45.984925  48.278891   -15.766   -15.816  3 56608.72096423 30.877
 198  45.984924  48.281669   -14.442   -14.460  3 56618.63661093 23.207
 199  45.984113  48.281824   -14.614   -14.271  3 56628.55225394 23.640
 200  45.984421  48.279562   -15.451   -15.586  3 56638.46789370 26.847
 201  45.986910  48.278208   -15.220   -15.247  3 56648.38353770 24.879
 202  45.986928  48.278429   -15.570   -15.430  3 56658.29918958 27.969
 203  45.986489  48.279713   -15.338   -15.135  3 56668.21483731 33.156
 204  45.984895  48.281063   -15.603   -15.563  3 56678.13048227 48.551
 205  45.985073  48.282575   -12.569   -12.527  3 56688.04612593 44.580
 206  45.985767  48.281328   -12.355   -12.327  3 56697.96176682 25.445
 207  45.986066  48.276773   -12.301   -12.255  3 56707.87740248 31.291
 208  45.988282  48.275725   -12.329   -12.329  2 56717.79303928 31.405
 209  45.986678  48.279284   -12.522   -12.544  3 56727.70869242 41.493
 210  45.982946  48.281652   -12.940   -13.067  3 56737.62434134 27.177
 211  45.982379  48.284824   -12.992   -12.917  3 56747.53998720 31.249
 212  45.982239  48.282965   -12.995   -13.018  3 56757.45562776 25.337
 213  45.985338  48.280051   -13.420   -13.254  4 56767.37126251 26.982
 214  45.986419  48.279129   -12.915   -12.976  3 56777.28690674 32.657
 215  45.983288  48.280603   -10.732   -10.719  3 56787.20256289 36.640
 216  45.981297  48.283940   -11.934   -11.892  4 56797.11821576 33.177
 217  45.980456  48.285664   -12.281   -12.277  4 56807.03386324 31.688
 218  45.982344  48.284371   -12.572   -12.402  3 56816.94950421 29.516
 219  45.985227  48.281340   -15.814   -15.872  3 56826.86514147 50.892
 220  45.986796  48.276841   -16.241   -16.165  3 56836.78077505 41.416
 221  45.988225  48.274790   -13.715   -13.349  3 56846.69640616 23.810
 222  45.986376  48.277456   -13.544   -13.418  3 56856.61205652 23.967
 223  45.984709  48.280631   -14.101   -13.840  3 56866.52771055 24.240
 224  45.984124  48.281811   -14.007   -13.836  3 56876.44336306 23.150
 225  45.983385  48.281031   -15.821   -15.480  3 56886.35901209 27.064
 226  45.983314  48.280542   -14.830   -15.172  3 56896.27465840 23.474
 227  45.984132  48.283197   -15.164   -15.483  3 56906.19030228 24.238
 228  45.981321  48.283748   -16.296   -16.417  4 56916.10594312 29.630
 229  45.980712  48.284293   -14.442   -14.470  4 56926.02158220 39.851
 230  45.982801  48.283194   -16.652   -16.671  3 56935.93721793 45.976
 231  45.985361  48.278020   -16.661   -16.666  3 56945.85284770 36.323
 232  45.986357  48.278318   -15.924   -15.633  3 56955.76849986 28.624
 233  45.986459  48.280246   -14.765   -14.499  3 56965.68414946 24.015
 234  45.984864  48.281768   -15.186   -15.085  3 56975.59979457 24.577
 235  45.983089  48.281139   -15.759   -15.752  3 56985.51543488 30.129
 236  45.985759  48.279466   -16.368   -16.394  3 56995.43107002 40.193
 237  45.987445  48.276155   -15.765   -15.780  3 57005.34671176 32.414
 238  45.987916  48.276991   -15.506   -15.475  3 57015.26236729 31.182
 239  45.986684  48.278470   -15.891   -15.868  4 57025.17801822 39.732
 240  45.985130  48.281430   -14.727   -14.741  3 57035.09366701 38.395
 241  45.982662  48.281419   -14.211   -14.237  3 57045.00931256 47.841
 242  45.983499  48.280978   -14.181   -14.169  3 57054.92495529 40.518
 243  45.985901  48.278989   -14.826   -14.823  3 57064.84059301 34.082
 244  45.988538  48.277900   -15.231   -15.214  3 57074.75622626 29.089
 245  45.989074  48.276064   -15.127   -15.104  3 57084.67185602 38.798
 246  45.985473  48.279199   -15.046   -14.904  3 57094.58750977 26.710
 247  45.981810  48.282028   -14.990   -15.047  3 57104.50316671 21.566
 248  45.981987  48.283829   -14.821   -14.928  3 57114.41881960 21.411
 249  45.983334  48.282641   -16.485   -16.419  3 57124.33446584 30.225
 250  45.985577  48.281863   -14.807   -14.744  3 57134.25010682 25.115
 251  45.985625  48.279151   -15.753   -15.559  3 57144.16574266 48.233
 252  45.986492  48.278346   -12.481   -12.447  4 57154.08137618 50.217
 253  45.986849  48.277383    33.650    33.573  3 57163.99701227 23.509
 254  45.984856  48.278591   -12.950   -12.994  3 57173.91266886 51.310
 255  45.985351  48.278901   -14.020   -14.065  3 57183.82832222 26.695
 256  45.986178  48.278675   -15.676   -15.928  4 57193.74397168 41.703
 257  45.985841  48.279219   -16.133   -16.186  4 57203.65961902 43.598
 258  45.984079  48.280068   -14.796   -14.828  3 57213.57525313 22.403
 259  45.984006  48.281464   -16.568   -16.520  3 57223.49089741 32.816
 260  45.985223  48.281834   -15.672   -15.869  3 57233.40653993 29.832
 261  45.985526  48.279674   -15.126   -15.066  4 57243.32217893 22.745
 262  45.987186  48.278569   -16.025   -16.459  3 57253.23781561 30.269
 263  45.986448  48.276740   -15.596   -15.787  3 57263.15345030 26.771
 264  45.987073  48.277772   -15.332   -15.307  4 57273.06908745 49.923
 265  45.983795  48.279765   -15.681   -15.611  3 57282.98474472 48.111
 266  45.983180  48.281273   -16.394   -16.360  3 57292.90039949 40.250
 267  45.984557  48.282380   -15.642   -15.642  3 57302.81605101 22.645
 268  45.985132  48.282127   -16.212   -16.191  3 57312.73169850 45.627
 269  45.983008  48.280751   -16.401   -16.389  3 57322.64734244 33.632
 270  45.983756  48.282412   -15.680   -15.605  3 57332.56298522 22.006
 271  45.983625  48.281922   -15.874   -15.940  3 57342.47862560 23.940
 272  45.982647  48.282415   -16.368   -16.209  3 57352.39427807 24.982
 273  45.983626  48.280905   -16.136   -16.123  3 57362.30992247 23.878
 274  45.985896  48.279980   -15.722   -15.748  3 57372.22556373 26.630
 275  45.985857  48.278776   -15.211   -15.285  3 57382.14120266 44.632
 276  45.986236  48.278695   -15.117   -15.087  4 57392.05684112 47.123
 277  45.987718  48.278681   -14.320   -14.319  3 57401.97247868 51.991
 278  45.988279  48.278190   -14.467   -14.541  3 57411.88812088 44.132
 279  45.985567  48.277870   -12.165   -12.172  3 57421.80377226 42.000
 280  45.984797  48.280435   -14.285   -14.294  3 57431.71942178 30.775
 281  45.983492  48.282592   -14.492   -14.443  3 57441.63506941 26.939
 282  45.981745  48.282776   -13.663   -13.784  3 57451.55071597 24.755
 283  45.982345  48.283205   -15.546   -15.565  3 57461.46636124 48.297
 284  45.984099  48.281677   -13.175   -13.656  3 57471.38200282 23.708
 285  45.985402  48.279020   -14.838   -14.925  3 57481.29764010 29.251
 286  45.987729  48.278213   -14.846   -14.845  3 57491.21327466 28.879
 287  45.987742  48.275382   -11.869   -11.927  3 57501.12890645 34.250
 288  45.988312  48.277418   -10.410   -10.363  3 57511.04455429 38.187
 289  45.986407  48.278690    -9.875    -9.833  4 57520.96020955 39.654
 290  45.986156  48.279571    -9.833    -9.842  3 57530.87586238 50.584
 291  45.985683  48.279160   -11.006   -10.989  4 57540.79151170 52.121
 292  45.986614  48.280240   -14.064   -14.103  3 57550.70715870 47.428
 293  45.985979  48.280800   -15.452   -15.454  3 57560.62280424 39.658
 294  45.985619  48.281953   -12.130   -11.986  3 57570.53844954 25.360
 295  45.983372  48.280208   -16.111   -16.127  3 57580.45409400 41.211
 296  45.985751  48.281534   -16.642   -16.592  3 57590.36973771 37.097
 297  45.985116  48.280193   -13.293   -13.325  4 57600.28537787 24.894
