-362600.983   117.089     0.00    1.84
-362313.046   116.827    -0.91    1.89
-362025.088   116.517    -1.08    1.92
-361737.109   116.041    -1.65    2.02
-361449.108   115.659    -1.32    1.95
-361161.087   115.404    -0.89    1.86
-360873.045   115.293    -0.39    1.89
-360584.982   115.361     0.24    1.96
-360296.897   115.349    -0.04    1.97
-360008.792   115.409     0.21    1.83
-359720.666   115.533     0.43    1.87
-359432.518   115.279    -0.88    1.74
-359144.350   115.031    -0.86    1.86
-358856.160   114.534    -1.72    2.00
-358567.949   114.209    -1.13    1.93
-358279.718   113.675    -1.85    1.86
-357991.465   113.061    -2.13    2.09
-357703.191   112.192    -3.01    2.23
-357414.896   111.418    -2.68    2.15
-357126.580   110.848    -1.98    2.10
-356838.243   110.140    -2.45    2.22
-356549.885   109.611    -1.83    1.94
-356261.506   109.115    -1.72    1.74
-355973.106   108.761    -1.23    1.67
-355684.684   108.428    -1.15    1.68
-355396.241   108.052    -1.30    1.66
-355107.778   107.762    -1.00    1.57
-354819.293   107.502    -0.90    1.58
-354530.787   107.120    -1.33    1.45
-354242.260   106.996    -0.43    1.35
-353953.712   106.653    -1.19    1.34
-353665.142   106.161    -1.70    1.44
-353376.552   105.573    -2.04    1.34
-353087.940   105.113    -1.59    1.55
-352799.307   104.740    -1.29    1.59
-352510.653   104.049    -2.39    1.70
-352221.978   103.233    -2.83    1.77
-351933.282   102.606    -2.17    1.89
-351644.564   101.774    -2.88    1.97
-351355.825   100.984    -2.74    1.70
-351067.066   100.374    -2.11    1.64
-350778.285    99.799    -1.99    1.53
-350489.482    99.469    -1.14    1.41
-350200.659    99.292    -0.61    1.44
-349911.814    98.824    -1.62    1.53
-349622.948    98.391    -1.50    1.52
-349334.061    98.100    -1.01    1.58
-349045.153    97.609    -1.70    1.71
-348756.223    97.174    -1.51    1.62
-348467.272    96.799    -1.30    1.65
-348178.300    96.161    -2.21    1.71
-347889.307    95.426    -2.54    1.92
-347600.292    94.872    -1.91    1.79
-347311.257    94.226    -2.24    1.61
-347022.200    93.621    -2.09    1.64
-346733.121    93.077    -1.88    1.47
-346444.022    92.574    -1.74    1.43
-346154.901    92.211    -1.25    1.37
-345865.759    91.787    -1.47    1.19
-345576.595    91.567    -0.76    1.16
-345287.411    91.250    -1.10    1.26
-344998.205    91.076    -0.60    1.31
-344708.977    90.787    -1.00    1.37
-344419.729    90.546    -0.83    1.53
-344130.459    90.293    -0.87    1.54
-343841.168    89.788    -1.75    1.59
-343551.855    89.462    -1.13    1.69
-343262.522    89.348    -0.39    1.72
-342973.166    88.787    -1.94    1.70
-342683.790    88.305    -1.66    1.88
-342394.392    87.712    -2.05    1.97
-342104.973    87.201    -1.77    1.98
-341815.532    86.426    -2.68    1.98
-341526.071    85.711    -2.47    1.53
-341236.587    85.074    -2.20    1.46
-340947.083    84.722    -1.21    1.43
-340657.557    84.236    -1.68    1.52
-340368.009    83.775    -1.59    1.61
-340078.441    83.353    -1.46    1.51
-339788.851    82.988    -1.26    1.64
-339499.239    82.658    -1.14    1.59
-339209.606    82.257    -1.39    1.66
-338919.952    81.787    -1.62    1.46
-338630.276    81.406    -1.31    1.42
-338340.579    81.076    -1.14    1.46
-338050.861    80.823    -0.87    1.36
-337761.121    80.735    -0.30    1.58
-337475.743    81.064     1.15    2.03
-337190.500    81.606     1.90    2.66
-336905.235    82.170     1.98    2.88
-336619.951    82.386     0.76    2.85
-336334.646    82.574     0.66    2.92
-336049.320    82.515    -0.21    2.95
-335763.973    82.169    -1.21    2.94
-335478.606    81.668    -1.75    2.90
-335193.219    80.992    -2.37    2.68
-334907.811    80.414    -2.03    2.45
-334622.382    79.909    -1.77    2.44
-334336.933    79.458    -1.58    2.29
-334051.463    79.052    -1.42    2.17
-333765.973    78.470    -2.04    1.82
-333480.461    77.859    -2.14    2.06
-333194.930    77.070    -2.76    2.41
-332909.378    76.311    -2.66    2.27
-332623.805    75.450    -3.02    2.38
-332338.211    74.956    -1.73    2.38
-332052.597    74.263    -2.42    2.36
-331766.962    73.787    -1.67    2.36
-331481.307    73.749    -0.13    2.58
-331195.631    73.725    -0.09    2.46
-330909.934    73.199    -1.84    2.55
-330624.217    72.786    -1.44    2.71
-330338.479    72.229    -1.95    2.78
-330052.720    71.558    -2.35    2.71
-329766.941    70.507    -3.68    2.33
-329481.141    69.774    -2.57    2.31
-329195.320    69.104    -2.34    2.24
-328909.479    68.365    -2.58    2.13
-328623.617    67.703    -2.32    2.23
-328337.734    67.269    -1.52    2.14
-328051.830    66.679    -2.06    1.86
-327765.906    66.216    -1.62    1.86
-327479.961    65.529    -2.40    1.74
-327193.996    65.168    -1.26    1.59
-326908.010    65.093    -0.26    1.58
-326622.003    65.092    -0.01    1.66
-326335.975    65.116     0.09    1.60
-326049.927    65.305     0.66    1.66
-325763.858    65.470     0.58    1.58
-325477.768    65.567     0.34    1.54
-325191.657    65.372    -0.68    1.71
-324905.526    65.067    -1.07    1.96
-324619.374    64.384    -2.39    1.83
-324333.201    63.699    -2.40    1.67
-324047.007    63.286    -1.44    1.55
-323760.793    62.811    -1.66    1.46
-323474.558    62.441    -1.29    1.51
-323188.302    62.386    -0.19    1.60
-322902.025    62.311    -0.26    1.65
-322615.727    62.043    -0.94    1.68
-322329.409    61.823    -0.77    1.85
-322043.070    61.621    -0.71    2.02
-321756.710    61.329    -1.02    2.23
-321470.330    61.011    -1.11    2.00
-321183.928    60.474    -1.88    1.74
-320897.506    60.216    -0.90    1.57
-320611.063    60.152    -0.22    1.54
-320324.599    59.787    -1.27    1.42
-320038.114    59.750    -0.13    1.40
-319751.608    59.592    -0.55    1.36
-319465.082    59.478    -0.40    1.44
-319178.535    59.343    -0.47    1.38
-318891.967    59.384     0.14    1.36
-318605.378    59.275    -0.38    1.34
-318318.768    59.100    -0.61    1.46
-318032.137    58.860    -0.84    1.49
-317745.486    58.360    -1.74    1.58
-317458.813    57.959    -1.40    1.73
-317172.120    57.586    -1.30    1.58
-316885.406    57.211    -1.31    1.45
-316598.671    56.775    -1.52    1.69
-316311.915    56.414    -1.26    1.71
-316025.138    56.161    -0.88    1.80
-315738.340    55.846    -1.09    1.77
-315451.521    55.646    -0.70    1.70
-315164.682    55.035    -2.13    1.63
-314877.821    54.498    -1.87    1.81
-314590.940    54.076    -1.47    1.77
-314304.038    53.716    -1.26    1.91
-314017.115    53.136    -2.02    1.96
-313730.170    52.470    -2.32    2.00
-313443.205    51.925    -1.90    1.81
-313156.219    51.520    -1.41    1.63
-312869.212    51.166    -1.23    1.59
-312582.184    50.811    -1.23    1.42
-312295.135    50.449    -1.26    1.53
-312008.066    50.149    -1.04    1.45
-311720.975    49.823    -1.13    1.34
-311433.863    49.391    -1.50    1.08
-311146.730    49.136    -0.89    1.01
-310859.576    49.037    -0.35    1.02
-310572.402    48.775    -0.91    1.17
-310285.206    48.510    -0.92    1.20
-309997.989    48.192    -1.11    1.22
-309710.751    47.788    -1.41    1.24
-309423.493    47.552    -0.82    1.19
-309136.213    47.221    -1.15    1.15
-308848.912    46.799    -1.47    1.12
-308561.590    46.640    -0.55    1.19
-308274.248    46.457    -0.64    1.21
-307986.884    46.305    -0.53    1.32
-307699.499    46.120    -0.64    1.34
-307412.093    46.043    -0.27    1.32
-307124.666    45.982    -0.21    1.28
-306837.218    46.018     0.13    1.30
-306549.749    45.947    -0.25    1.30
-306262.259    45.986     0.14    1.29
-305974.748    46.224     0.83    1.27
-305687.215    46.354     0.45    1.32
-305399.662    46.414     0.21    1.33
-305112.088    46.347    -0.23    1.41
-304824.492    46.221    -0.44    1.50
-304536.876    45.976    -0.85    1.56
-304249.238    45.646    -1.14    1.47
-303961.579    45.245    -1.40    1.43
-303673.899    44.957    -1.00    1.30
-303386.198    44.680    -0.96    1.22
-303098.476    44.537    -0.50    1.30
-302810.733    44.335    -0.70    1.18
-302522.969    44.169    -0.58    1.17
-302235.183    44.061    -0.38    1.08
-301947.377    44.140     0.27    1.09
-301659.549    44.186     0.16    1.08
-301371.700    44.350     0.57    1.15
-301083.830    44.411     0.21    1.12
-300795.939    44.486     0.26    1.13
-300508.027    44.564     0.27    1.08
-300220.093    44.534    -0.10    1.14
-299932.139    44.594     0.21    1.16
-299644.163    44.458    -0.47    1.15
-299356.166    44.418    -0.14    1.12
-299068.147    44.450     0.11    1.15
-298780.108    44.446    -0.01    1.19
-298492.048    44.305    -0.49    1.22
-298203.966    44.121    -0.64    1.27
-297915.863    44.037    -0.29    1.30
-297627.739    43.883    -0.53    1.34
-297339.593    43.502    -1.32    1.24
-297051.427    43.229    -0.95    1.22
-296763.239    43.079    -0.52    1.10
-296475.030    43.006    -0.25    1.12
-296186.800    42.970    -0.13    1.08
-295898.548    42.872    -0.34    1.17
-295610.275    42.775    -0.34    1.15
-295321.981    42.836     0.21    1.17
-295033.666    42.775    -0.21    1.14
-294745.330    42.701    -0.25    1.11
-294456.972    42.594    -0.37    1.09
-294168.593    42.558    -0.13    1.11
-293880.193    42.525    -0.11    1.06
-293591.771    42.317    -0.72    1.00
-293303.328    42.293    -0.08    1.01
-293014.864    42.399     0.37    0.99
-292726.379    42.438     0.13    1.07
-292437.872    42.396    -0.14    1.10
-292149.344    42.438     0.14    1.16
-291860.794    42.445     0.03    1.17
-291572.224    42.433    -0.04    1.14
-291283.632    42.329    -0.36    1.10
-290995.019    42.249    -0.28    1.18
-290706.384    42.099    -0.52    1.16
-290417.728    41.988    -0.38    1.23
-290129.051    41.811    -0.61    1.16
-289840.352    41.640    -0.59    1.17
-289551.632    41.317    -1.12    1.19
-289262.891    41.161    -0.54    1.08
-288974.128    41.049    -0.39    0.98
-288685.344    40.929    -0.42    0.93
-288396.539    40.859    -0.24    0.94
-288107.712    40.738    -0.42    0.97
-287818.864    40.656    -0.28    1.00
-287529.995    40.430    -0.78    1.04
-287241.104    39.968    -1.60    1.18
-286952.191    39.457    -1.77    1.28
-286663.258    38.922    -1.85    1.38
-286374.303    38.571    -1.22    1.27
-286085.326    38.267    -1.05    1.19
-285796.328    37.972    -1.02    1.09
-285507.309    37.849    -0.42    1.13
-285218.268    37.649    -0.69    1.18
-284929.206    37.465    -0.63    1.10
-284640.122    37.299    -0.58    1.22
-284351.017    37.088    -0.73    1.28
-284061.891    36.978    -0.38    1.40
-283772.743    36.774    -0.71    1.40
-283483.574    36.574    -0.69    1.33
-283194.383    36.228    -1.20    1.18
-282905.171    36.025    -0.70    1.09
-282615.937    35.954    -0.25    0.98
-282326.682    35.811    -0.49    1.03
-282037.405    35.701    -0.38    0.98
-281748.107    35.700    -0.00    0.97
-281458.787    35.722     0.08    1.04
-281169.446    35.699    -0.08    1.14
-280880.083    35.636    -0.22    1.13
-280590.699    35.506    -0.45    1.12
-280301.294    35.317    -0.65    1.06
-280011.867    35.156    -0.56    1.09
-279722.418    35.073    -0.29    1.14
-279432.948    35.073     0.00    1.09
-279143.456    34.811    -0.90    1.05
-278853.943    34.764    -0.16    1.10
-278564.408    34.635    -0.45    1.09
-278274.852    34.682     0.16    1.14
-277985.274    34.585    -0.33    1.17
-277695.674    34.329    -0.88    1.13
-277406.053    33.970    -1.24    1.21
-277116.411    33.950    -0.07    1.17
-276826.747    33.824    -0.44    1.14
-276537.061    33.626    -0.68    1.16
-276247.354    33.518    -0.37    1.11
-275957.625    33.287    -0.80    1.26
-275669.108    33.128    -0.55    1.24
-275383.902    32.945    -0.64    1.30
-275098.675    32.654    -1.02    1.25
-274813.427    32.606    -0.17    1.19
-274528.159    32.630     0.08    1.18
-274242.870    32.582    -0.17    1.13
-273957.560    32.618     0.13    1.22
-273672.230    32.401    -0.76    1.29
-273386.879    32.105    -1.04    1.41
-273101.507    31.951    -0.54    1.41
-272816.114    31.672    -0.98    1.33
-272530.701    31.435    -0.83    1.34
-272245.267    31.311    -0.43    1.31
-271959.812    31.097    -0.75    1.11
-271674.336    31.013    -0.29    1.14
-271388.840    30.871    -0.50    1.09
-271103.323    30.752    -0.42    1.03
-270817.785    30.835     0.29    1.03
-270532.226    30.675    -0.56    1.07
-270246.647    30.478    -0.69    1.04
-269961.047    30.461    -0.06    1.02
-269675.426    30.436    -0.09    1.04
-269389.784    30.311    -0.44    1.07
-269104.121    30.342     0.11    1.07
-268818.438    30.279    -0.22    1.04
-268532.734    30.111    -0.59    1.15
-268247.009    30.033    -0.27    1.17
-267961.263    29.933    -0.35    1.28
-267675.496    30.064     0.46    1.46
-267389.709    30.076     0.04    1.54
-267103.901    29.962    -0.40    1.43
-266818.072    29.894    -0.24    1.42
-266532.222    29.883    -0.04    1.48
-266246.351    29.941     0.20    1.53
-265960.459    29.869    -0.25    1.38
-265674.547    29.706    -0.57    1.40
-265388.614    29.670    -0.13    1.31
-265102.659    29.715     0.16    1.30
-264816.684    29.716     0.00    1.22
-264530.688    29.714    -0.01    1.21
-264244.672    29.751     0.13    1.19
-263958.634    29.774     0.08    1.22
-263672.575    30.033     0.91    1.21
-263386.496    29.884    -0.52    1.41
-263100.395    29.994     0.38    1.40
-262814.274    29.970    -0.09    1.70
-262528.132    29.763    -0.72    1.91
-262241.969    29.642    -0.42    1.77
-261955.785    29.421    -0.77    1.71
-261669.580    29.177    -0.85    1.58
-261383.354    29.274     0.34    1.37
-261097.107    29.116    -0.55    1.29
-260810.840    28.895    -0.77    1.15
-260524.551    28.894    -0.00    1.16
-260238.241    28.775    -0.42    1.24
-259951.911    28.680    -0.33    1.31
-259665.559    28.529    -0.53    1.43
-259379.187    28.246    -0.99    1.43
-259092.794    27.990    -0.90    1.54
-258806.379    27.787    -0.71    1.55
-258519.944    27.275    -1.79    1.43
-258233.488    26.799    -1.66    1.36
-257947.010    26.585    -0.75    1.37
-257660.512    26.329    -0.89    1.41
-257373.993    26.128    -0.70    1.38
-257087.452    25.936    -0.67    1.39
-256800.891    25.760    -0.61    1.27
-256514.309    25.849     0.31    1.34
-256227.705    25.994     0.51    1.27
-255941.081    26.055     0.21    1.45
-255654.436    25.974    -0.28    1.44
-255367.769    26.024     0.17    1.52
-255081.082    25.896    -0.44    1.57
-254794.374    25.552    -1.20    1.54
-254507.644    25.076    -1.66    1.39
-254220.893    24.799    -0.97    1.27
-253934.122    24.537    -0.91    1.11
-253647.329    24.352    -0.64    1.05
-253360.516    24.112    -0.84    0.84
-253073.681    23.942    -0.59    0.74
-252786.825    23.929    -0.05    0.73
-252499.948    23.988     0.21    0.74
-252213.050    23.976    -0.04    0.81
-251926.131    24.002     0.09    0.86
-251639.191    24.013     0.04    0.83
-251352.230    23.954    -0.21    0.95
-251065.247    23.787    -0.58    0.94
-250778.244    23.700    -0.30    0.85
-250491.219    23.616    -0.29    0.88
-250204.173    23.396    -0.76    0.94
-249917.107    23.233    -0.57    0.99
-249630.019    23.100    -0.46    0.99
-249342.910    23.018    -0.28    0.98
-249055.779    22.811    -0.72    1.05
-248768.628    22.592    -0.76    1.05
-248481.456    22.428    -0.57    0.98
-248194.262    22.335    -0.32    1.00
-247907.047    22.168    -0.58    0.93
-247619.811    22.112    -0.19    0.97
-247332.554    22.180     0.24    1.03
-247045.276    22.233     0.18    1.13
-246757.976    22.474     0.84    1.30
-246470.656    22.512     0.13    1.32
-246183.314    22.435    -0.27    1.42
-245895.951    22.388    -0.16    1.46
-245608.567    22.371    -0.06    1.48
-245321.161    22.317    -0.19    1.44
-245033.735    22.088    -0.80    1.39
-244746.287    22.025    -0.22    1.39
-244458.818    22.104     0.27    1.41
-244171.327    22.262     0.55    1.39
-243883.816    22.269     0.02    1.47
-243596.283    22.116    -0.53    1.50
-243308.729    22.174     0.20    1.51
-243021.154    22.361     0.65    1.47
-242733.558    22.520     0.55    1.48
-242445.940    22.873     1.23    1.35
-242158.301    23.052     0.62    1.44
-241870.641    23.502     1.56    1.37
-241582.960    23.752     0.87    1.11
-241295.257    23.811     0.21    1.02
-241007.533    23.799    -0.04    0.98
-240719.788    23.717    -0.29    1.02
-240432.021    23.630    -0.30    1.05
-240144.233    23.498    -0.46    0.87
-239856.424    23.470    -0.10    0.70
-239568.594    23.352    -0.41    0.78
-239280.742    23.377     0.09    0.74
-238992.869    23.353    -0.08    0.75
-238704.975    23.256    -0.34    0.92
-238417.059    23.250    -0.02    0.97
-238129.122    23.261     0.04    0.98
-237841.164    23.261     0.00    0.99
-237553.184    23.348     0.30    0.97
-237265.183    23.445     0.34    0.91
-236977.161    23.614     0.58    0.80
-236689.117    23.811     0.69    0.82
-236401.052    24.067     0.89    0.97
-236112.966    24.372     1.06    1.04
-235824.858    24.679     1.06    1.13
-235536.729    24.871     0.67    1.06
-235248.578    25.161     1.01    1.08
-234960.407    25.386     0.78    1.11
-234672.213    25.524     0.48    1.20
-234383.999    25.787     0.91    1.32
-234095.763    25.871     0.29    1.38
-233807.505    25.691    -0.62    1.32
-233519.226    25.450    -0.84    1.45
-233230.926    25.079    -1.28    1.57
-232942.605    24.552    -1.83    1.66
-232654.262    23.959    -2.05    1.75
-232365.897    23.323    -2.20    1.83
-232077.511    22.677    -2.24    2.02
-231789.104    21.999    -2.35    1.98
-231500.675    21.274    -2.51    2.06
-231212.225    20.592    -2.36    2.02
-230923.753    19.896    -2.41    1.86
-230635.260    19.281    -2.13    1.79
-230346.745    18.691    -2.05    1.88
-230058.209    17.976    -2.48    1.84
-229769.652    17.552    -1.47    1.75
-229481.073    17.299    -0.88    1.77
-229192.472    16.883    -1.44    1.66
-228903.850    16.323    -1.94    1.85
-228615.207    16.109    -0.74    2.01
-228326.542    16.156     0.16    1.92
-228037.856    16.371     0.74    1.89
-227749.148    16.335    -0.12    1.91
-227460.418    16.433     0.34    2.03
-227171.667    16.518     0.30    1.77
-226882.895    16.502    -0.06    1.63
-226594.101    16.486    -0.06    1.70
-226305.285    16.261    -0.78    1.68
-226016.448    16.231    -0.10    1.64
-225727.590    16.305     0.26    1.61
-225438.710    16.494     0.65    1.61
-225149.808    16.486    -0.03    2.11
-224860.885    16.442    -0.15    2.53
-224571.940    16.323    -0.41    3.04
-224282.973    16.621     1.03    3.26
-223993.985    16.859     0.82    3.45
-223704.976    17.564     2.44    3.49
-223415.945    17.599     0.12    3.62
-223126.892    17.474    -0.43    3.63
-222837.818    17.561     0.30    3.37
-222548.722    17.269    -1.01    3.18
-222259.605    16.859    -1.42    3.11
-221970.466    16.348    -1.77    2.63
-221681.305    16.531     0.63    2.50
-221392.123    16.549     0.06    2.13
-221102.919    16.399    -0.52    2.22
-220813.693    16.161    -0.82    2.00
-220524.446    16.201     0.14    1.83
-220235.177    16.330     0.44    1.73
-219945.887    16.112    -0.75    1.66
-219656.575    16.085    -0.09    1.74
-219367.241    16.299     0.74    1.72
-219077.886    16.446     0.51    1.65
-218788.508    16.582     0.47    1.63
-218499.110    16.597     0.05    1.72
-218209.689    16.728     0.45    1.71
-217920.247    16.954     0.78    1.70
-217630.784    16.942    -0.04    1.78
-217341.298    16.739    -0.70    1.76
-217051.791    16.618    -0.42    1.78
-216762.262    16.482    -0.47    1.79
-216472.712    16.409    -0.25    1.70
-216183.139    16.031    -1.31    1.52
-215893.545    15.861    -0.59    1.60
-215603.930    15.649    -0.73    1.57
-215314.292    15.884     0.81    1.68
-215024.633    16.287     1.39    1.95
-214734.952    16.534     0.85    1.96
-214445.250    17.002     1.61    1.77
-214155.526    17.364     1.25    1.47
-213865.779    17.609     0.84    1.50
-213578.649    18.124     1.79    1.75
-213293.470    17.933    -0.67    1.97
-213008.269    17.406    -1.85    2.70
-212723.048    16.728    -2.38    3.14
-212437.806    15.597    -3.96    3.46
-212152.543    15.028    -1.99    3.27
-211867.260    14.281    -2.62    2.95
-211581.955    13.729    -1.94    2.53
-211296.630    13.371    -1.25    2.64
-211011.283    13.486     0.40    2.65
-210725.916    13.677     0.67    2.77
-210440.528    13.465    -0.74    2.51
-210155.119    13.124    -1.20    2.25
-209869.689    12.911    -0.74    2.56
-209584.238    13.317     1.42    2.73
-209298.767    13.982     2.33    2.91
-209013.274    14.665     2.39    2.82
-208727.760    15.582     3.21    2.54
-208442.226    16.384     2.81    2.20
-208156.671    16.909     1.84    1.65
-207871.094    16.396    -1.79    2.28
-207585.497    15.522    -3.06    3.04
-207299.879    14.486    -3.63    3.40
-207014.240    13.414    -3.75    3.34
-206728.580    12.121    -4.53    3.09
-206442.899    11.028    -3.82    2.46
-206157.197    10.121    -3.18    2.11
-205871.474     9.718    -1.41    2.02
-205585.730     9.685    -0.12    2.02
-205299.966     9.611    -0.26    1.94
-205014.180     9.639     0.10    1.91
-204728.373     9.567    -0.25    1.92
-204442.545     9.917     1.22    2.05
-204156.696    10.323     1.42    1.98
-203870.827    10.442     0.42    2.21
-203584.936    10.365    -0.27    2.31
-203299.024    10.739     1.31    2.34
-203013.091    11.002     0.92    2.40
-202727.138    10.457    -1.90    2.71
-202441.163     9.884    -2.00    3.03
-202155.167     8.970    -3.20    3.14
-201869.150     9.377     1.43    3.21
-201583.112     9.040    -1.18    3.19
-201297.053     8.421    -2.16    2.71
-201010.974     8.616     0.68    2.54
-200724.873     8.774     0.55    2.34
-200438.750     9.120     1.21    2.10
-200152.607     9.372     0.88    1.62
-199866.443     9.245    -0.44    1.39
-199580.258     9.037    -0.73    1.42
-199294.052     9.223     0.65    1.37
-199007.824     9.216    -0.02    1.45
-198721.576     9.529     1.09    1.67
-198435.306     9.882     1.23    1.66
-198149.016     9.917     0.12    1.62
-197862.704    10.070     0.53    1.45
-197576.371    10.023    -0.16    1.41
-197290.017     9.929    -0.33    1.42
-197003.642     9.703    -0.79    1.37
-196717.246     9.317    -1.35    1.35
-196430.828     9.020    -1.04    1.36
-196144.390     9.025     0.02    1.37
-195857.930     9.121     0.33    1.46
-195571.450     9.121     0.00    1.43
-195284.948     9.132     0.04    1.45
-194998.425     9.311     0.62    1.29
-194711.881     9.311     0.00    1.28
-194425.315     9.099    -0.74    1.26
-194138.729     9.036    -0.22    1.21
-193852.121     8.994    -0.15    1.28
-193565.492     9.092     0.34    1.31
-193278.842     8.945    -0.51    1.39
-192992.171     8.970     0.09    1.45
-192705.479     9.201     0.81    1.55
-192418.765     9.414     0.74    1.41
-192132.031     9.317    -0.34    1.34
-191845.275     9.549     0.81    1.26
-191558.498     9.752     0.71    1.28
-191271.699    10.070     1.11    1.26
-190984.880    10.240     0.59    1.38
-190698.039    10.347     0.37    1.43
-190411.177    10.211    -0.47    1.32
-190124.294    10.061    -0.52    1.35
-189837.389     9.847    -0.75    1.27
-189550.463     9.597    -0.87    1.32
-189263.516     9.323    -0.95    1.21
-188976.548     8.871    -1.58    1.25
-188689.559     8.510    -1.26    1.43
-188402.548     8.372    -0.48    1.74
-188115.516     8.329    -0.15    1.90
-187828.463     8.470     0.49    1.90
-187541.388     8.594     0.43    1.96
-187254.292     8.751     0.55    1.82
-186967.175     8.978     0.79    1.60
-186680.037     9.136     0.55    1.57
-186392.877     8.956    -0.63    1.48
-186105.696     8.848    -0.38    1.40
-185818.494     8.606    -0.84    1.71
-185531.270     8.124    -1.68    1.81
-185244.025     7.918    -0.72    1.77
-184956.759     7.883    -0.12    1.68
-184669.472     7.715    -0.59    1.48
-184382.163     7.883     0.58    1.42
-184094.832     7.859    -0.08    1.47
-183807.481     7.574    -0.99    1.47
-183520.108     7.474    -0.35    1.55
-183232.714     7.691     0.76    2.10
-182945.298     8.394     2.45    2.61
-182657.861     8.788     1.37    2.55
-182370.403     8.942     0.54    2.54
-182082.923     9.161     0.76    2.45
-181795.422     9.353     0.67    1.99
-181507.899     8.907    -1.55    1.67
-181220.356     8.616    -1.01    1.50
-180932.790     8.438    -0.62    1.49
-180645.204     8.341    -0.34    1.53
-180357.596     8.406     0.23    1.51
-180069.966     8.148    -0.90    1.60
-179782.315     7.968    -0.63    1.57
-179494.643     8.104     0.47    1.77
-179206.949     8.004    -0.35    1.69
-178919.234     8.348     1.19    1.79
-178631.498     8.691     1.19    2.10
-178343.740     8.835     0.50    2.00
-178055.960     8.952     0.41    1.81
-177768.159     8.882    -0.25    1.68
-177480.337     8.716    -0.58    1.17
-177192.493     8.700    -0.06    1.01
-176904.628     8.799     0.34    0.96
-176616.741     8.978     0.62    0.98
-176328.833     8.941    -0.13    0.99
-176040.904     8.847    -0.33    1.06
-175752.952     8.871     0.09    1.12
-175464.980     8.630    -0.84    1.29
-175176.986     8.372    -0.90    1.34
-174888.970     8.079    -1.02    1.26
-174600.933     8.070    -0.03    1.25
-174312.874     8.120     0.17    1.36
-174024.794     7.982    -0.48    1.39
-173736.693     7.727    -0.89    1.35
-173448.569     7.653    -0.26    1.24
-173160.425     7.567    -0.30    1.18
-172872.259     7.365    -0.70    1.16
-172584.071     7.394     0.10    1.04
-172295.861     7.411     0.06    1.26
-172007.631     7.442     0.11    1.35
-171719.378     7.329    -0.39    1.43
-171431.104     6.929    -1.39    1.69
-171142.809     6.623    -1.06    1.80
-170854.492     6.585    -0.13    1.85
-170566.153     6.799     0.74    1.81
-170277.793     6.894     0.33    1.91
-169989.411     7.113     0.76    1.94
-169701.008     7.585     1.63    2.08
-169412.583     8.180     2.06    1.61
-169124.136     8.311     0.45    1.47
-168835.668     8.128    -0.63    1.71
-168547.178     7.835    -1.02    1.84
-168258.667     7.438    -1.38    1.84
-167970.134     6.982    -1.58    1.86
-167681.579     6.490    -1.70    1.66
-167393.003     6.268    -0.77    1.62
-167104.405     6.153    -0.40    1.70
-166815.785     5.968    -0.64    1.79
-166527.144     5.716    -0.87    1.83
-166238.481     5.834     0.41    1.86
-165949.797     6.188     1.22    2.02
-165661.090     6.658     1.63    2.12
-165372.363     7.206     1.90    2.01
-165083.613     7.708     1.74    1.59
-164794.842     8.041     1.15    1.22
-164506.049     8.093     0.18    1.22
-164217.235     8.093     0.00    1.24
-163928.398     8.073    -0.07    1.15
-163639.540     8.002    -0.25    1.16
-163350.661     8.002     0.00    1.12
-163061.760     7.933    -0.24    1.12
-162772.837     8.067     0.46    1.24
-162483.892     7.982    -0.30    1.19
-162194.925     7.966    -0.06    1.21
-161905.937     8.085     0.41    1.35
-161616.927     8.281     0.68    1.35
-161327.896     8.317     0.13    1.30
-161038.842     8.214    -0.36    1.36
-160749.767     8.031    -0.63    1.45
-160460.670     8.061     0.11    1.57
-160171.551     8.049    -0.04    1.60
-159882.411     8.025    -0.08    1.61
-159593.249     7.997    -0.10    1.51
-159304.065     7.995    -0.01    1.39
-159014.859     8.121     0.44    1.26
-158725.632     8.075    -0.16    1.25
-158436.382     7.952    -0.43    1.22
-158147.111     7.693    -0.89    1.11
-157857.818     7.683    -0.04    1.17
-157568.504     7.635    -0.17    1.17
-157279.167     7.642     0.03    1.07
-156989.809     7.582    -0.21    1.09
-156700.429     7.540    -0.15    1.07
-156411.027     7.653     0.39    1.07
-156121.603     7.738     0.29    1.03
-155832.157     7.823     0.29    1.05
-155542.690     7.944     0.42    1.09
-155253.201     7.738    -0.71    1.16
-154963.689     7.716    -0.08    1.23
-154674.156     7.621    -0.33    1.19
-154384.601     7.486    -0.47    1.26
-154095.025     7.404    -0.28    1.30
-153805.426     7.389    -0.05    1.28
-153515.806     7.263    -0.43    1.31
-153226.163     7.258    -0.02    1.33
-152936.499     7.275     0.06    1.38
-152646.813     7.188    -0.30    1.46
-152357.105     7.192     0.02    1.39
-152067.375     7.299     0.37    1.45
-151777.623     7.450     0.52    1.48
-151491.852     7.573     0.43    1.37
-151206.694     7.466    -0.38    1.30
-150921.516     7.353    -0.39    1.30
-150636.317     7.185    -0.59    1.26
-150351.097     7.028    -0.55    1.26
-150065.855     7.049     0.07    1.32
-149780.593     7.209     0.56    1.52
-149495.310     7.474     0.93    1.75
-149210.006     7.679     0.72    1.77
-148924.681     7.701     0.08    1.79
-148639.334     7.847     0.51    1.72
-148353.967     7.968     0.42    1.65
-148068.579     7.750    -0.76    1.75
-147783.169     7.365    -1.35    1.62
-147497.739     7.148    -0.76    1.34
-147212.288     7.076    -0.25    1.41
-146926.815     6.942    -0.47    1.49
-146641.322     6.846    -0.34    1.48
-146355.807     7.009     0.57    1.43
-146070.272     7.020     0.04    1.30
-145784.715     6.986    -0.12    1.27
-145499.137     7.079     0.33    1.14
-145213.538     7.109     0.10    1.13
-144927.918     7.049    -0.21    1.18
-144642.277     6.859    -0.67    1.17
-144356.615     7.002     0.50    1.21
-144070.932     7.117     0.40    1.27
-143785.228     7.228     0.39    1.24
-143499.502     7.204    -0.08    1.35
-143213.756     7.025    -0.62    1.40
-142927.988     6.894    -0.46    1.40
-142642.199     6.966     0.25    1.59
-142356.389     7.073     0.37    1.66
-142070.558     7.128     0.19    1.68
-141784.706     7.262     0.47    1.61
-141498.833     7.457     0.68    1.55
-141212.938     7.426    -0.11    1.42
-140927.023     7.341    -0.29    1.51
-140641.086     7.396     0.19    1.50
-140355.128     7.384    -0.04    1.57
-140069.149     7.409     0.09    1.54
-139783.149     7.478     0.24    1.50
-139497.127     7.763     1.00    1.58
-139211.085     8.028     0.93    1.53
-138925.021     7.980    -0.17    1.46
-138638.936     8.025     0.16    1.51
-138352.830     8.028     0.01    1.55
-138066.702     7.728    -1.05    1.69
-137780.554     7.341    -1.35    1.77
-137494.384     6.764    -2.01    1.78
-137208.193     6.505    -0.90    1.77
-136921.981     6.394    -0.39    1.82
-136635.747     6.409     0.05    1.88
-136349.493     6.414     0.02    1.76
-136063.217     6.252    -0.57    1.83
-135776.920     6.058    -0.68    1.81
-135490.601     6.105     0.16    1.90
-135204.261     6.358     0.88    1.75
-134917.901     6.446     0.31    1.86
-134631.518     6.597     0.53    1.77
-134345.115     7.002     1.41    1.74
-134058.690     7.377     1.31    1.53
-133772.244     7.414     0.13    1.48
-133485.777     7.085    -1.15    1.51
-133199.288     6.823    -0.91    1.55
-132912.779     6.558    -0.93    1.52
-132626.247     6.606     0.17    1.60
-132339.695     6.457    -0.52    1.53
-132053.121     6.450    -0.03    1.58
-131766.526     6.640     0.67    1.50
-131479.910     6.689     0.17    1.64
-131193.272     6.701     0.04    1.69
-130906.613     6.558    -0.50    1.56
-130619.933     6.246    -1.09    1.55
-130333.231     5.966    -0.98    1.43
-130046.508     5.976     0.03    1.45
-129759.764     5.834    -0.49    1.49
-129472.998     5.894     0.21    1.69
-129186.211     6.058     0.57    1.83
-128899.402     6.282     0.78    1.86
-128612.573     6.599     1.11    1.93
-128325.722     7.073     1.65    2.02
-128038.849     7.458     1.34    2.08
-127751.955     7.871     1.44    2.05
-127465.040     8.206     1.17    1.73
-127178.103     8.113    -0.32    1.79
-126891.145     8.282     0.59    1.72
-126604.165     8.430     0.52    1.54
-126317.165     8.061    -1.29    1.56
-126030.142     7.582    -1.67    1.75
-125743.099     7.409    -0.60    2.04
-125456.033     7.128    -0.98    2.27
-125168.947     6.739    -1.36    2.63
-124881.839     6.510    -0.80    2.74
-124594.709     6.811     1.05    3.13
-124307.558     6.921     0.38    3.10
-124020.386     6.980     0.21    3.02
-123733.192     6.715    -0.92    2.95
-123445.977     6.067    -2.25    2.33
-123158.740     5.918    -0.52    2.20
-122871.482     5.859    -0.21    2.24
-122584.203     5.847    -0.04    2.29
-122296.902     6.052     0.72    2.56
-122009.579     6.439     1.35    2.68
-121722.235     6.683     0.85    2.88
-121434.869     6.753     0.24    2.78
-121147.482     6.553    -0.70    2.62
-120860.074     6.474    -0.27    2.69
-120572.644     5.947    -1.83    2.60
-120285.192     6.018     0.25    2.83
-119997.719     5.753    -0.92    2.61
-119710.224     5.529    -0.78    2.68
-119422.708     5.509    -0.07    2.75
-119135.170     5.764     0.89    2.66
-118847.611     5.811     0.16    2.69
-118560.030     5.835     0.08    2.43
-118272.428     6.421     2.04    2.87
-117984.804     6.173    -0.86    2.89
-117697.159     6.389     0.75    2.84
-117409.492     6.317    -0.25    2.89
-117121.803     6.153    -0.57    2.99
-116834.093     5.570    -2.02    3.23
-116546.362     5.245    -1.13    3.09
-116258.608     5.323     0.27    3.00
-115970.833     4.823    -1.74    3.02
-115683.037     4.445    -1.31    2.79
-115395.219     3.835    -2.12    2.57
-115107.379     4.013     0.62    2.79
-114819.518     3.976    -0.13    3.13
-114531.635     3.788    -0.65    3.34
-114243.731     3.512    -0.96    3.17
-113955.804     3.252    -0.91    3.18
-113667.857     2.952    -1.04    3.08
-113379.887     2.458    -1.72    2.57
-113091.896     2.046    -1.43    1.74
-112803.884     2.341     1.02    1.73
-112515.849     2.658     1.10    1.93
-112227.793     2.930     0.94    1.94
-111939.716     3.192     0.91    2.04
-111651.616     3.871     2.36    2.49
-111363.495     4.646     2.69    2.77
-111075.353     4.990     1.19    2.81
-110787.188     5.513     1.82    3.22
-110499.002     5.679     0.57    3.29
-110210.795     5.787     0.38    3.43
-109922.565     6.233     1.55    3.57
-109634.314     6.136    -0.33    3.74
-109346.041     5.486    -2.26    3.87
-109057.747     5.884     1.38    3.94
-108769.431     5.494    -1.35    3.51
-108481.093     5.529     0.12    3.51
-108192.733     5.616     0.30    3.75
-107904.352     5.462    -0.53    3.27
-107615.948     6.195     2.54    3.70
-107327.523     6.858     2.30    3.79
-107039.077     7.102     0.85    3.96
-106750.608     6.949    -0.53    4.46
-106462.118     7.294     1.20    4.91
-106173.606     6.869    -1.47    5.17
-105885.073     6.218    -2.26    5.38
-105596.517     6.180    -0.13    5.47
-105307.940     6.117    -0.22    5.58
-105019.341     6.049    -0.23    5.50
-104730.720     6.450     1.39    5.01
-104442.078     6.909     1.59    4.60
-104153.413     6.377    -1.84    4.15
-103864.727     6.365    -0.04    4.09
-103576.019     6.438     0.25    4.05
-103287.289     6.025    -1.43    4.19
-102998.538     6.124     0.34    4.22
-102709.764     5.592    -1.84    4.37
-102420.969     5.433    -0.55    4.44
-102132.152     5.299    -0.46    4.13
-101843.313     6.049     2.60    4.51
-101554.452     5.573    -1.65    4.94
-101265.569     5.258    -1.09    4.88
-100976.665     5.288     0.10    4.72
-100687.738     5.133    -0.54    4.59
-100398.790     4.941    -0.67    4.23
-100109.820     4.930    -0.04    3.78
 -99820.828     5.070     0.48    3.09
 -99531.814     5.752     2.36    3.63
 -99242.778     6.199     1.55    3.64
 -98953.721     6.317     0.41    3.71
 -98664.641     5.918    -1.38    3.80
 -98375.540     6.013     0.33    3.79
 -98086.416     6.269     0.88    3.61
 -97797.271     6.433     0.57    3.37
 -97508.104     6.133    -1.04    3.36
 -97218.915     5.883    -0.86    3.15
 -96929.703     5.525    -1.24    2.60
 -96640.470     6.173     2.24    3.11
 -96351.216     6.740     1.96    3.24
 -96061.939     6.599    -0.49    3.23
 -95772.640     6.552    -0.16    3.42
 -95483.319     7.018     1.61    3.59
 -95193.976     6.719    -1.03    3.49
 -94904.612     6.102    -2.13    3.21
 -94615.225     5.799    -1.04    3.20
 -94325.816     5.935     0.47    3.15
 -94036.386     6.238     1.05    2.83
 -93746.933     6.070    -0.58    2.66
 -93457.458     6.070     0.00    2.68
 -93167.962     6.393     1.12    2.95
 -92878.443     6.555     0.56    2.89
 -92588.903     6.512    -0.15    2.85
 -92299.340     6.623     0.38    3.00
 -92009.755     7.311     2.38    3.22
 -91720.149     7.341     0.10    3.08
 -91430.520     7.549     0.72    3.13
 -91140.869     7.740     0.66    3.06
 -90851.196     7.668    -0.25    3.00
 -90561.502     7.835     0.58    2.94
 -90271.785     8.522     2.37    2.52
 -89982.046     8.245    -0.96    2.54
 -89692.970     7.992    -0.88    2.86
 -89407.851     7.394    -2.10    3.02
 -89122.711     6.858    -1.88    3.21
 -88837.550     6.517    -1.20    3.16
 -88552.368     6.270    -0.87    2.95
 -88267.164     5.997    -0.96    2.66
 -87981.939     5.567    -1.51    2.38
 -87696.694     5.282    -1.00    2.14
 -87411.427     5.294     0.04    2.28
 -87126.139     5.363     0.24    2.16
 -86840.830     5.585     0.78    2.21
 -86555.499     5.740     0.54    2.16
 -86270.148     6.097     1.25    2.23
 -85984.775     6.246     0.52    2.29
 -85699.381     6.223    -0.08    2.30
 -85413.966     6.195    -0.10    2.20
 -85128.530     6.020    -0.61    2.21
 -84843.073     5.799    -0.77    2.38
 -84557.594     6.160     1.26    2.49
 -84272.094     6.393     0.81    2.51
 -83986.573     6.446     0.19    2.57
 -83701.031     6.609     0.57    2.64
 -83415.468     6.728     0.42    2.59
 -83129.883     7.002     0.96    2.41
 -82844.277     7.365     1.27    2.34
 -82558.650     7.396     0.11    2.32
 -82273.002     7.555     0.55    2.40
 -81987.333     7.028    -1.84    2.45
 -81701.642     6.161    -3.04    2.70
 -81415.930     5.895    -0.93    2.76
 -81130.197     5.739    -0.55    2.78
 -80844.442     5.787     0.17    2.96
 -80558.667     5.994     0.73    2.98
 -80272.870     6.055     0.21    2.90
 -79987.051     6.281     0.79    2.79
 -79701.212     6.233    -0.17    2.61
 -79415.351     6.693     1.61    2.40
 -79129.469     6.847     0.54    2.24
 -78843.565     6.763    -0.29    1.82
 -78557.641     6.823     0.21    1.80
 -78271.695     7.117     1.03    2.17
 -77985.728     7.381     0.92    2.20
 -77699.739     7.570     0.66    2.23
 -77413.729     8.133     1.97    2.34
 -77127.698     8.544     1.44    2.55
 -76841.645     8.625     0.28    2.57
 -76555.571     8.650     0.09    2.42
 -76269.476     8.413    -0.83    2.38
 -75983.360     8.249    -0.57    2.19
 -75697.222     8.114    -0.47    2.18
 -75411.063     8.025    -0.31    2.09
 -75124.882     8.126     0.35    2.39
 -74838.680     8.272     0.51    2.36
 -74552.457     8.570     1.04    2.42
 -74266.212     8.547    -0.08    2.47
 -73979.946     8.501    -0.16    2.41
 -73693.659     8.520     0.07    2.33
 -73407.350     8.627     0.37    2.20
 -73121.020     8.581    -0.16    1.87
 -72834.668     8.117    -1.62    1.79
 -72548.295     8.002    -0.40    1.86
 -72261.901     7.952    -0.17    1.93
 -71975.485     7.883    -0.24    2.00
 -71689.048     7.561    -1.12    1.87
 -71402.589     7.406    -0.54    1.98
 -71116.109     7.216    -0.66    1.89
 -70829.607     7.204    -0.04    2.05
 -70543.085     7.121    -0.29    1.94
 -70256.540     7.121     0.00    1.84
 -69969.974     7.199     0.27    1.77
 -69683.387     7.399     0.70    1.83
 -69396.778     7.728     1.15    1.84
 -69110.148     8.204     1.66    1.70
 -68823.497     8.359     0.54    1.63
 -68536.824     8.482     0.43    1.69
 -68250.129     8.705     0.78    1.61
 -67963.413     8.765     0.21    1.63
 -67676.675     9.141     1.31    1.94
 -67389.916     9.590     1.57    2.05
 -67103.136     9.588    -0.01    2.23
 -66816.334     9.635     0.16    2.33
 -66529.510     9.458    -0.62    2.37
 -66242.665     9.625     0.58    2.31
 -65955.799     9.435    -0.66    2.20
 -65668.911     9.176    -0.90    2.05
 -65382.001     8.952    -0.78    2.00
 -65095.070     9.070     0.41    2.09
 -64808.117     9.271     0.70    2.02
 -64521.143     9.544     0.95    2.03
 -64234.147     9.741     0.69    1.89
 -63947.130     9.692    -0.17    1.82
 -63660.091     9.406    -1.00    1.80
 -63373.031     9.421     0.05    1.82
 -63085.949     9.457     0.13    1.87
 -62798.845     9.567     0.38    1.88
 -62511.720     9.606     0.14    1.95
 -62224.573     9.715     0.38    1.97
 -61937.405     9.644    -0.24    1.82
 -61650.215     9.621    -0.08    1.99
 -61363.004     9.621     0.00    2.15
 -61075.771     9.474    -0.51    2.26
 -60788.516     9.640     0.58    2.53
 -60501.240    10.092     1.57    2.53
 -60213.942    10.384     1.02    2.47
 -59926.622    10.644     0.91    2.28
 -59639.281    10.918     0.95    2.18
 -59351.918    11.002     0.29    2.08
 -59064.534    11.035     0.12    2.06
 -58777.128    10.462    -1.99    1.95
 -58489.700    10.148    -1.09    1.94
 -58202.251    10.098    -0.17    2.02
 -57914.779     9.986    -0.39    2.05
 -57627.287     9.986     0.00    1.97
 -57339.772     9.835    -0.52    1.97
 -57052.236     9.881     0.16    2.00
 -56764.679     9.938     0.20    2.12
 -56477.099     9.903    -0.12    2.27
 -56189.498     9.579    -1.13    2.23
 -55901.875     9.258    -1.11    2.11
 -55614.231     9.025    -0.81    2.02
 -55326.565     8.823    -0.70    1.98
 -55038.877     8.703    -0.42    1.78
 -54751.167     8.762     0.21    1.71
 -54463.436     8.945     0.64    1.75
 -54175.683     9.534     2.05    1.82
 -53887.908     9.895     1.26    1.89
 -53600.111    10.450     1.93    1.90
 -53312.293    10.847     1.38    1.80
 -53024.453    10.787    -0.21    1.85
 -52736.591    11.076     1.00    1.67
 -52448.708    11.088     0.04    1.54
 -52160.802    10.970    -0.41    1.55
 -51872.875    11.116     0.51    1.57
 -51584.927    11.597     1.67    1.62
 -51296.956    11.717     0.42    1.92
 -51008.964    11.904     0.65    2.04
 -50720.949    11.788    -0.40    2.03
 -50432.913    11.765    -0.08    1.87
 -50144.856    11.729    -0.13    1.81
 -49856.776    11.611    -0.41    1.85
 -49568.675    11.682     0.25    1.86
 -49280.551    11.505    -0.61    1.79
 -48992.406    11.376    -0.45    1.70
 -48704.240    11.211    -0.57    1.84
 -48416.051    10.904    -1.07    1.87
 -48127.840    10.517    -1.34    1.77
 -47839.608    10.211    -1.06    1.51
 -47551.354    10.152    -0.20    1.52
 -47263.078    10.478     1.13    1.69
 -46974.780    10.871     1.37    1.80
 -46686.460    11.233     1.25    1.76
 -46398.119    11.486     0.88    1.88
 -46109.755    11.594     0.38    1.77
 -45821.370    11.567    -0.09    1.93
 -45532.963    11.262    -1.06    1.87
 -45244.534    11.377     0.40    2.02
 -44956.082    11.173    -0.71    1.96
 -44667.610    11.263     0.32    1.96
 -44379.115    11.776     1.78    1.95
 -44090.598    12.235     1.59    1.81
 -43802.059    12.399     0.57    1.58
 -43513.499    12.299    -0.35    1.54
 -43224.916    12.358     0.20    1.44
 -42936.312    12.393     0.12    1.55
 -42647.686    12.009    -1.33    1.72
 -42359.037    11.672    -1.17    1.77
 -42070.367    11.512    -0.55    1.72
 -41781.675    11.673     0.56    1.91
 -41492.961    11.799     0.44    2.08
 -41204.225    11.939     0.48    2.10
 -40915.467    12.121     0.63    2.01
 -40626.687    12.253     0.46    1.98
 -40337.885    12.369     0.40    1.99
 -40049.061    12.329    -0.14    2.12
 -39760.215    12.311    -0.06    1.94
 -39471.347    12.458     0.51    1.92
 -39182.457    12.462     0.01    1.81
 -38893.545    12.235    -0.79    1.75
 -38604.611    11.942    -1.01    1.65
 -38315.655    11.537    -1.40    1.70
 -38026.677    11.383    -0.54    1.74
 -37737.677    11.258    -0.43    1.68
 -37448.655    11.323     0.22    1.55
 -37159.611    11.369     0.16    1.45
 -36870.545    11.435     0.23    1.43
 -36581.457    11.552     0.41    1.62
 -36292.347    11.788     0.81    1.66
 -36003.214    11.974     0.64    1.62
 -35714.060    12.117     0.49    1.54
 -35424.884    12.195     0.27    1.58
 -35135.685    12.009    -0.64    1.64
 -34846.465    12.052     0.15    1.82
 -34557.222    11.811    -0.83    1.79
 -34267.957    11.660    -0.52    1.85
 -33978.671    11.497    -0.56    1.88
 -33689.362    11.067    -1.49    1.83
 -33400.031    10.788    -0.96    1.59
 -33110.678    11.141     1.22    1.81
 -32821.302    11.252     0.38    1.87
 -32531.905    11.579     1.13    1.90
 -32242.486    11.637     0.20    1.85
 -31953.044    11.567    -0.24    1.90
 -31663.580    11.752     0.64    1.92
 -31374.094    11.668    -0.29    1.78
 -31084.586    11.597    -0.25    1.90
 -30795.056    11.270    -1.13    1.80
 -30505.504    11.451     0.62    1.67
 -30215.930    11.529     0.27    1.59
 -29926.333    11.388    -0.49    1.51
 -29636.714    11.352    -0.12    1.49
 -29347.073    11.125    -0.78    1.50
 -29057.410    10.951    -0.60    1.65
 -28767.725    10.648    -1.04    1.79
 -28478.017    10.288    -1.24    1.73
 -28188.287    10.079    -0.72    1.60
 -27898.536     9.938    -0.49    1.65
 -27610.771     9.881    -0.20    1.60
 -27325.671    10.113     0.82    1.74
 -27040.549    10.323     0.73    1.64
 -26755.407    10.462     0.49    1.79
 -26470.243    10.593     0.46    1.96
 -26185.058    10.730     0.48    1.91
 -25899.852    11.064     1.17    1.91
 -25614.625    11.393     1.15    1.98
 -25329.376    11.462     0.24    1.91
 -25044.106    11.462     0.00    1.79
 -24758.815    11.358    -0.37    1.75
 -24473.502    11.241    -0.41    1.75
 -24188.169    11.223    -0.06    1.71
 -23902.813    11.025    -0.69    1.63
 -23617.437    10.883    -0.50    1.68
 -23332.039    10.895     0.05    1.73
 -23046.620    10.667    -0.80    1.82
 -22761.180    10.763     0.34    1.70
 -22475.718    10.341    -1.48    1.66
 -22190.235    10.197    -0.51    1.64
 -21904.731    10.100    -0.34    1.74
 -21619.205    10.450     1.22    1.76
 -21333.658    10.907     1.60    1.78
 -21048.090    11.052     0.51    1.72
 -20762.500    11.197     0.51    1.58
 -20476.889    11.377     0.63    1.62
 -20191.257    11.293    -0.30    1.66
 -19905.603    10.992    -1.05    1.74
 -19619.928    10.739    -0.89    1.79
 -19334.232    10.567    -0.60    1.82
 -19048.514    10.238    -1.15    1.94
 -18762.774     9.907    -1.16    1.80
 -18477.014     9.406    -1.75    1.61
 -18191.232     9.240    -0.58    1.55
 -17905.428     9.435     0.68    1.56
 -17619.604     9.682     0.86    1.61
 -17333.757     9.718     0.13    1.76
 -17047.890     9.857     0.49    1.74
 -16762.001    10.121     0.92    1.77
 -16476.090    10.213     0.32    1.79
 -16190.158    10.259     0.16    1.72
 -15904.205    10.254    -0.02    1.79
 -15618.230    10.225    -0.10    1.80
 -15332.234    10.133    -0.32    1.83
 -15046.216     9.625    -1.78    1.82
 -14760.177     9.509    -0.41    1.81
 -14474.116     9.379    -0.45    1.83
 -14188.034     9.271    -0.38    1.76
 -13901.931     9.156    -0.40    1.83
 -13615.806     9.007    -0.52    1.86
 -13329.659     9.259     0.88    2.00
 -13043.491     9.334     0.26    2.01
 -12757.302     9.160    -0.61    1.97
 -12471.091     9.144    -0.05    1.93
 -12184.859     9.097    -0.17    2.00
 -11898.605     9.025    -0.25    1.88
 -11612.329     8.894    -0.46    1.84
 -11326.032     8.921     0.09    1.81
 -11039.714     8.933     0.04    1.88
 -10753.374     9.128     0.68    2.01
 -10467.012     9.445     1.11    1.99
 -10180.629     9.667     0.77    1.98
  -9894.225     9.787     0.42    1.75
  -9607.798     9.609    -0.62    1.87
  -9321.351     9.287    -1.12    1.87
  -9034.881     9.168    -0.42    1.94
  -8748.391     9.192     0.08    1.94
  -8461.878     9.245     0.18    2.00
  -8175.344     9.100    -0.50    2.19
  -7888.789     8.654    -1.56    2.66
  -7602.211     8.112    -1.89    2.83
  -7315.613     7.848    -0.92    3.07
  -7028.992     7.396    -1.57    3.36
  -6742.351     6.988    -1.43    3.56
  -6455.687     6.588    -1.40    3.47
  -6169.002     6.023    -1.97    2.98
  -5882.295     5.962    -0.21    2.74
  -5595.567     5.811    -0.53    2.72
  -5308.817     5.732    -0.28    2.87
  -5022.045     5.482    -0.87    2.80
  -4735.252     5.451    -0.11    2.68
  -4448.437     5.532     0.28    2.69
  -4161.601     5.462    -0.24    2.66
  -3874.743     5.535     0.25    2.62
  -3587.863     5.420    -0.40    2.53
  -3300.961     5.328    -0.32    2.26
  -3014.038     5.079    -0.87    2.21
  -2727.093     4.369    -2.47    2.67
  -2440.127     3.776    -2.07    2.78
  -2153.139     3.121    -2.28    2.90
  -1866.129     2.731    -1.36    2.69
  -1579.097     1.972    -2.64    2.39
  -1292.044     1.179    -2.76    1.94
  -1004.969     0.811    -1.28    1.77
   -717.873     0.660    -0.53    1.76
   -430.754     0.369    -1.01    1.49
   -143.614     0.093    -0.96    1.17
    143.547     0.082    -0.04    0.88
    430.731     0.347     0.92    1.19
    717.936     0.549     0.70    1.57
   1005.163     0.599     0.17    1.60
   1292.412     0.658     0.20    1.76
   1579.682     0.573    -0.30    1.72
   1866.974     0.442    -0.46    1.63
   2154.288     0.430    -0.04    1.69
   2441.624     0.835     1.41    2.10
   2728.981     1.144     1.08    2.22
   3016.361     1.052    -0.32    2.20
   3303.762     1.113     0.21    2.12
   3591.185     1.351     0.83    2.04
   3878.629     1.436     0.29    1.92
   4166.095     1.485     0.17    1.89
   4453.584     1.379    -0.37    1.48
   4741.094     1.696     1.10    1.38
   5028.625     1.823     0.44    1.30
   5316.179     1.868     0.16    1.32
   5603.754     1.857    -0.04    1.28
   5891.352     1.609    -0.86    1.48
   6178.971     1.384    -0.78    1.59
   6466.612     1.386     0.01    1.52
   6754.274     1.443     0.20    1.56
   7041.959     1.358    -0.30    1.51
   7329.665     1.206    -0.53    1.63
   7617.394     1.265     0.20    1.58
   7905.144     1.334     0.24    1.51
   8192.916     1.478     0.50    1.56
   8480.710     1.466    -0.04    1.59
   8768.526     1.358    -0.38    1.62
   9056.363     1.388     0.10    1.60
   9344.223     1.216    -0.60    1.42
   9632.104     1.070    -0.51    1.38
   9920.008     0.871    -0.69    1.20
  10207.933     0.811    -0.21    1.15
  10495.880     0.956     0.50    1.16
  10783.849     1.161     0.71    1.18
  11071.840     1.466     1.06    1.28
  11359.853     1.644     0.62    1.28
  11647.888     2.040     1.37    1.33
  11935.944     2.679     2.22    1.94
  12224.023     2.994     1.10    2.11
  12512.124     3.287     1.02    2.17
  12800.246     3.482     0.68    2.26
  13088.391     3.525     0.15    2.23
  13376.557     3.775     0.87    2.28
  13664.746     3.835     0.21    2.09
  13952.956     3.323    -1.78    1.69
  14241.189     3.121    -0.70    1.49
  14529.443     2.961    -0.56    1.49
  14817.720     2.811    -0.52    1.41
  15106.018     2.593    -0.76    1.37
  15394.338     2.282    -1.08    1.34
  15682.681     2.160    -0.42    1.34
  15971.045     2.113    -0.16    1.41
  16259.431     2.175     0.21    1.42
  16547.840     2.277     0.35    1.56
  16836.270     2.402     0.43    1.65
  17124.723     3.248     2.93    2.37
  17413.197     4.276     3.56    2.96
  17701.694     5.113     2.90    3.22
  17990.212     6.329     4.21    3.70
  18278.753     7.346     3.53    3.77
  18567.316     8.241     3.10    3.55
  18855.900     8.858     2.14    3.28
  19144.507     8.846    -0.04    3.23
  19433.136     8.823    -0.08    3.35
  19721.787     8.869     0.16    3.36
  20010.460     8.858    -0.04    3.23
  20299.155     9.117     0.90    3.27
  20587.873     9.013    -0.36    3.33
  20876.612     8.470    -1.88    3.07
  21165.373     8.646     0.61    2.99
  21454.157     8.509    -0.48    2.97
  21742.962     8.236    -0.94    2.84
  22031.790     8.328     0.32    2.93
  22320.640     8.363     0.12    2.99
  22609.512     8.639     0.95    3.05
  22898.406     8.639     0.00    2.97
  23187.323     8.743     0.36    2.97
  23476.261     9.081     1.17    2.96
  23765.222     9.182     0.35    2.86
  24054.204     8.923    -0.89    2.85
  24343.209     9.081     0.54    2.72
  24632.236     8.892    -0.65    2.78
  24921.286     8.893     0.00    2.83
  25210.357     9.007     0.39    2.88
  25499.451     9.038     0.11    2.92
  25788.566     9.190     0.53    2.86
  26077.704     9.328     0.48    2.80
  26366.865     9.567     0.83    2.99
  26656.047     9.223    -1.19    3.02
  26945.252     9.287     0.22    3.14
  27234.478     8.968    -1.10    3.01
  27523.727     9.161     0.67    3.14
  27812.999     9.121    -0.14    3.25
  28102.292     9.561     1.52    3.25
  28391.608     9.353    -0.72    3.12
  28680.946     9.691     1.17    3.04
  28970.306     9.384    -1.06    2.94
  29259.689     9.214    -0.59    2.50
  29549.093     9.335     0.42    2.57
  29838.520     9.216    -0.41    2.53
  30127.970     9.061    -0.53    2.44
  30417.441     8.823    -0.82    2.39
  30706.935     8.800    -0.08    2.41
  30996.451     9.018     0.75    2.49
  31285.989     9.018     0.00    2.45
  31575.550     9.195     0.61    2.38
  31865.133     9.011    -0.63    2.14
  32154.738     9.236     0.78    2.05
  32444.366     9.519     0.98    2.23
  32734.016     9.485    -0.12    2.19
  33023.688     9.482    -0.01    1.99
  33313.383     9.420    -0.21    2.13
  33603.100     9.340    -0.28    2.05
  33892.839     9.282    -0.20    2.06
  34182.600     9.241    -0.14    2.03
  34469.064     9.113    -0.45    2.05
  34754.144     9.404     1.02    2.12
  35039.245     9.788     1.35    2.35
  35324.367    10.011     0.78    2.09
  35609.511    10.192     0.63    1.96
  35894.676    10.235     0.15    1.80
  36179.863    10.399     0.58    1.67
  36465.071    10.263    -0.48    1.38
  36750.300    10.180    -0.29    1.35
  37035.551    10.287     0.38    1.21
  37320.823    10.183    -0.36    1.40
  37606.116    10.020    -0.57    1.55
  37891.431     9.834    -0.65    1.58
  38176.768     9.927     0.33    1.68
  38462.125    10.058     0.46    1.65
  38747.504    10.148     0.32    1.50
  39032.905    10.381     0.81    1.46
  39318.327    10.358    -0.08    1.42
  39603.771    10.439     0.29    1.38
  39889.236    10.230    -0.73    1.38
  40174.722    10.082    -0.52    1.37
  40460.230     9.905    -0.62    1.36
  40745.759     9.692    -0.75    1.27
  41031.310     9.621    -0.25    1.28
  41316.882     9.635     0.05    1.44
  41602.476     9.458    -0.62    1.49
  41888.091     9.329    -0.45    1.42
  42173.728     9.168    -0.56    1.60
  42459.386     9.025    -0.50    1.86
  42745.065     8.966    -0.21    1.97
  43030.766     9.041     0.26    1.95
  43316.489     9.041     0.00    1.92
  43602.233     9.156     0.40    1.98
  43887.999     9.489     1.17    2.01
  44173.786     9.993     1.76    1.99
  44459.595    10.575     2.04    1.80
  44745.425    11.029     1.59    1.74
  45031.277    11.241     0.74    1.58
  45317.150    11.160    -0.28    1.66
  45603.045    10.972    -0.66    1.72
  45888.962    10.719    -0.88    1.71
  46174.900    10.466    -0.88    1.45
  46460.859    10.720     0.89    1.60
  46746.840    11.107     1.35    1.79
  47032.843    11.436     1.15    1.67
  47318.867    11.618     0.64    1.72
  47604.913    11.834     0.76    1.69
  47890.981    11.823    -0.04    1.78
  48177.070    11.846     0.08    1.99
  48463.180    11.926     0.28    1.98
  48749.312    12.121     0.68    1.80
  49035.466    12.368     0.86    1.98
  49321.642    12.516     0.52    1.98
  49607.839    12.665     0.52    1.89
  49894.057    12.766     0.35    1.75
  50180.298    12.555    -0.73    1.66
  50466.560    12.305    -0.87    1.90
  50752.843    11.602    -2.46    2.09
  51039.149    11.218    -1.34    1.95
  51325.475    11.032    -0.65    1.86
  51611.824    10.939    -0.32    1.95
  51898.194    10.906    -0.11    2.19
  52184.586    10.956     0.17    2.18
  52471.000    11.353     1.39    2.05
  52757.435    11.954     2.10    2.04
  53043.892    12.228     0.96    2.20
  53330.370    12.359     0.46    2.07
  53616.870    12.383     0.08    2.06
  53903.392    12.394     0.04    1.89
  54189.936    12.513     0.42    1.92
  54476.501    12.570     0.20    1.86
  54763.089    12.438    -0.46    1.87
  55049.697    12.269    -0.59    1.87
  55336.328    12.037    -0.81    1.75
  55622.980    12.176     0.48    1.65
  55909.654    12.129    -0.16    1.69
  56196.350    11.858    -0.95    1.73
  56483.067    11.765    -0.32    1.66
  56769.806    11.777     0.04    1.72
  57056.567    11.857     0.28    1.69
  57343.350    11.581    -0.96    1.56
  57630.154    11.504    -0.27    1.46
  57916.981    10.961    -1.90    1.58
  58203.829    10.696    -0.92    1.75
  58490.699    10.374    -1.12    1.64
  58777.590     9.949    -1.48    1.51
  59064.503     9.710    -0.83    1.37
  59351.439     9.598    -0.39    1.34
  59638.396     9.901     1.06    1.54
  59925.374    10.305     1.41    1.57
  60212.375    10.519     0.74    1.63
  60499.397    11.002     1.68    1.65
  60786.441    11.282     0.98    1.69
  61073.508    11.520     0.83    1.67
  61360.595    11.777     0.89    1.71
  61647.705    12.126     1.22    1.66
  61934.837    12.508     1.33    1.53
  62221.990    12.650     0.50    1.43
  62509.165    12.613    -0.13    1.40
  62796.362    12.576    -0.13    1.34
  63083.581    12.668     0.32    1.35
  63370.822    12.633    -0.12    1.30
  63658.085    12.347    -0.99    1.22
  63945.369    12.335    -0.04    1.16
  64232.676    12.287    -0.17    1.21
  64520.004    12.221    -0.23    1.28
  64807.354    12.112    -0.38    1.25
  65094.727    11.918    -0.68    1.41
  65382.121    11.670    -0.86    1.43
  65669.537    11.482    -0.65    1.43
  65956.974    11.394    -0.30    1.47
  66244.434    11.406     0.04    1.32
  66531.916    11.211    -0.68    1.22
  66819.420    10.941    -0.94    1.20
  67106.945    10.962     0.08    1.25
  67394.493    10.986     0.08    1.36
  67682.062    10.997     0.04    1.39
  67969.654    11.209     0.74    1.39
  68257.267    11.351     0.50    1.40
  68544.902    11.425     0.26    1.37
  68832.560    11.834     1.42    1.41
  69120.239    12.000     0.58    1.39
  69407.940    12.152     0.53    1.36
  69695.663    12.300     0.51    1.39
  69983.408    12.391     0.32    1.30
  70271.176    12.766     1.30    1.44
  70558.965    12.912     0.51    1.47
  70846.776    12.970     0.20    1.42
  71134.609    13.016     0.16    1.51
  71422.465    13.092     0.27    1.54
  71710.342    13.004    -0.30    1.57
  71998.241    12.993    -0.04    1.51
  72286.162    12.688    -1.06    1.41
  72574.106    12.652    -0.12    1.48
  72862.071    12.504    -0.51    1.42
  73150.059    12.627     0.43    1.40
  73438.068    12.869     0.84    1.40
  73726.100    13.029     0.56    1.43
  74014.153    13.087     0.20    1.40
  74302.229    13.195     0.37    1.33
  74590.327    13.179    -0.06    1.34
  74878.447    13.156    -0.08    1.38
  75166.589    13.113    -0.15    1.38
  75454.753    13.125     0.04    1.32
  75742.939    13.172     0.16    1.36
  76031.147    13.007    -0.57    1.35
  76319.377    12.658    -1.21    1.31
  76607.630    12.637    -0.07    1.40
  76895.904    12.544    -0.32    1.42
  77184.201    12.381    -0.56    1.49
  77472.520    12.137    -0.85    1.36
  77760.860    12.172     0.12    1.32
  78049.223    12.090    -0.28    1.36
  78337.609    11.834    -0.89    1.45
  78626.016    11.846     0.04    1.46
  78914.446    11.706    -0.48    1.47
  79202.897    11.682    -0.09    1.47
  79491.371    11.788     0.37    1.53
  79779.867    12.020     0.81    1.54
  80068.385    12.282     0.91    1.51
  80356.925    12.420     0.48    1.40
  80645.488    12.470     0.17    1.40
  80934.073    12.584     0.39    1.40
  81222.680    12.665     0.28    1.43
  81511.309    12.575    -0.31    1.39
  81799.960    12.643     0.23    1.28
  82088.634    12.455    -0.65    1.36
  82377.329    12.381    -0.26    1.50
  82666.047    12.218    -0.56    1.57
  82954.788    12.156    -0.22    1.52
  83243.550    12.271     0.40    1.56
  83532.335    12.186    -0.29    1.59
  83821.142    12.107    -0.28    1.52
  84109.971    12.243     0.47    1.42
  84398.822    12.418     0.61    1.30
  84687.696    12.616     0.68    1.30
  84976.592    12.504    -0.39    1.48
  85265.510    12.439    -0.23    1.53
  85554.450    12.393    -0.16    1.51
  85843.413    12.265    -0.44    1.60
  86132.398    12.195    -0.24    1.59
  86421.406    12.067    -0.44    1.49
  86710.435    11.941    -0.44    1.44
  86999.487    12.009     0.24    1.35
  87288.562    11.976    -0.11    1.35
  87577.658    11.739    -0.82    1.41
  87866.777    11.654    -0.29    1.49
  88155.918    11.604    -0.18    1.54
  88445.082    11.775     0.59    1.55
  88734.268    11.896     0.42    1.63
  89023.476    11.976     0.27    1.58
  89312.707    12.067     0.32    1.55
  89601.960    12.133     0.23    1.55
  89891.235    12.322     0.66    1.52
  90180.532    12.200    -0.42    1.33
  90469.853    12.248     0.17    1.44
  90759.195    12.232    -0.06    1.40
  91048.560    12.350     0.41    1.44
  91337.947    12.261    -0.31    1.42
  91627.356    12.148    -0.39    1.46
  91916.788    12.103    -0.16    1.39
  92206.243    12.204     0.35    1.35
  92495.720    12.225     0.07    1.29
  92785.219    12.156    -0.24    1.32
  93074.740    12.243     0.30    1.40
  93364.284    12.148    -0.33    1.27
  93653.851    12.087    -0.21    1.33
  93943.440    12.133     0.16    1.36
  94233.051    12.160     0.09    1.33
  94522.685    11.917    -0.84    1.46
  94812.341    11.609    -1.06    1.64
  95102.020    11.570    -0.13    1.53
  95391.721    11.942     1.28    1.71
  95681.444    12.061     0.41    1.63
  95971.190    12.061     0.00    1.78
  96260.959    12.359     1.03    1.81
  96546.138    12.703     1.21    1.65
  96831.193    12.670    -0.11    1.79
  97116.271    12.834     0.58    1.70
  97401.369    12.904     0.24    1.74
  97686.490    13.160     0.90    1.68
  97971.631    13.125    -0.12    1.41
  98256.794    12.997    -0.45    1.36
  98541.979    12.846    -0.53    1.31
  98827.185    12.777    -0.24    1.21
  99112.413    12.572    -0.72    1.27
  99397.662    12.584     0.04    1.36
  99682.933    12.613     0.10    1.46
  99968.225    12.706     0.33    1.39
 100253.539    12.741     0.12    1.33
 100538.874    12.754     0.04    1.25
 100824.231    12.788     0.12    1.19
 101109.609    12.915     0.44    1.22
 101395.009    12.962     0.17    1.33
 101680.431    13.148     0.65    1.45
 101965.874    13.470     1.13    1.52
 102251.338    13.599     0.45    1.50
 102536.825    13.446    -0.54    1.46
 102822.332    13.258    -0.66    1.48
 103107.862    13.110    -0.52    1.48
 103393.413    13.029    -0.28    1.55
 103678.985    12.993    -0.13    1.47
 103964.579    12.789    -0.72    1.23
 104250.195    12.800     0.04    1.28
 104535.832    12.947     0.52    1.39
 104821.491    12.984     0.13    1.46
 105107.172    12.765    -0.76    1.59
 105392.874    12.512    -0.89    1.81
 105678.597    12.535     0.08    1.90
 105964.343    12.800     0.93    2.13
 106250.110    12.946     0.51    2.14
 106535.899    12.744    -0.71    2.19
 106821.709    12.586    -0.55    2.17
 107107.541    12.485    -0.35    2.11
 107393.394    12.409    -0.27    1.86
 107679.270    12.482     0.25    1.78
 107965.167    12.328    -0.54    1.91
 108251.085    12.283    -0.16    1.94
 108537.026    12.429     0.51    1.86
 108822.988    12.344    -0.30    1.96
 109108.971    12.261    -0.29    2.06
 109394.977    12.193    -0.24    2.22
 109681.004    12.047    -0.51    2.35
 109967.052    12.159     0.39    2.47
 110253.123    11.935    -0.79    2.58
 110539.215    11.589    -1.21    2.42
 110825.329    11.440    -0.52    2.26
 111111.465    11.345    -0.33    2.60
 111397.622    11.391     0.16    2.64
 111683.801    11.607     0.75    2.96
 111970.002    11.947     1.19    3.20
 112256.224    11.800    -0.52    3.27
 112542.469    11.743    -0.20    3.37
 112828.735    11.822     0.28    3.24
 113115.023    11.891     0.24    3.13
 113401.332    11.949     0.20    3.12
 113687.664    12.466     1.81    2.98
 113974.017    12.730     0.92    2.77
 114260.392    12.692    -0.13    3.06
 114546.788    12.311    -1.33    2.95
 114833.207    12.067    -0.85    3.18
 115119.647    12.079     0.04    3.57
 115406.109    11.185    -3.12    3.89
 115692.593    10.573    -2.14    4.01
 115979.099    10.199    -1.30    3.88
 116265.626     9.706    -1.72    3.68
 116552.176     9.393    -1.10    3.70
 116838.747     9.055    -1.18    3.62
 117125.340     9.160     0.37    3.45
 117411.955     9.706     1.91    3.80
 117698.591     9.613    -0.32    3.84
 117985.250     9.629     0.06    3.91
 118271.930     9.328    -1.05    3.74
 118558.633     9.230    -0.34    3.95
 118845.357     9.299     0.24    3.91
 119132.103     9.276    -0.08    3.90
 119418.871     9.497     0.77    4.27
 119705.660     9.962     1.62    4.55
 119992.472    10.067     0.36    4.50
 120279.306     9.680    -1.35    3.83
 120566.161    10.079     1.39    3.70
 120853.038    10.018    -0.21    3.65
 121139.938    10.201     0.64    3.17
 121426.859    10.406     0.71    2.71
 121713.802    10.602     0.68    2.57
 122000.767    10.133    -1.63    2.36
 122287.754     9.938    -0.68    2.28
 122574.762    10.137     0.69    2.09
 122861.793    10.013    -0.43    1.94
 123148.846     9.935    -0.27    1.85
 123435.921     9.891    -0.15    1.81
 123723.017    10.029     0.48    1.66
 124010.136    10.305     0.96    1.80
 124297.276    10.673     1.28    1.75
 124584.439    10.811     0.48    1.72
 124871.623    10.902     0.32    1.75
 125158.830    10.902     0.00    1.80
 125446.058    10.800    -0.36    1.77
 125733.309    10.709    -0.32    1.96
 126020.581    10.463    -0.86    2.02
 126307.876     9.946    -1.80    1.73
 126595.192     9.721    -0.78    1.55
 126882.531     9.478    -0.85    1.41
 127169.891     9.356    -0.43    1.36
 127457.274     9.267    -0.31    1.49
 127744.678     9.317     0.17    1.49
 128032.105     8.956    -1.26    1.27
 128319.553     8.889    -0.23    1.38
 128607.024     8.822    -0.23    1.35
 128894.517     8.857     0.12    1.25
 129182.031     8.663    -0.67    1.36
 129469.568     8.384    -0.97    1.31
 129757.127     8.429     0.16    1.29
 130044.708     8.362    -0.23    1.41
 130332.311     8.379     0.06    1.51
 130619.936     8.213    -0.58    1.51
 130907.583     7.986    -0.79    1.39
 131195.253     8.032     0.16    1.53
 131482.944     7.974    -0.20    1.37
 131770.658     7.942    -0.11    1.36
 132058.393     7.942     0.00    1.32
 132346.151     8.061     0.41    1.40
 132633.931     8.263     0.70    1.75
 132921.733     8.299     0.13    1.91
 133209.557     8.253    -0.16    1.89
 133497.403     8.323     0.24    2.23
 133785.271     8.133    -0.66    2.22
 134073.162     8.466     1.16    2.49
 134361.074     8.776     1.08    2.61
 134649.009     9.087     1.08    2.60
 134936.966     9.439     1.22    2.38
 135224.945     9.709     0.94    2.28
 135512.947    10.052     1.19    2.29
 135800.970    10.404     1.22    2.26
 136089.016    10.650     0.85    2.27
 136377.084    10.799     0.52    2.49
 136665.174    11.374     2.00    2.57
 136953.286    11.916     1.88    2.62
 137241.421    12.404     1.70    2.36
 137529.577    11.951    -1.57    2.82
 137817.756    11.595    -1.23    2.85
 138105.957    11.232    -1.26    2.84
 138394.180    11.204    -0.09    3.06
 138682.426    11.156    -0.17    3.18
 138970.694    10.879    -0.96    2.98
 139258.984    10.868    -0.04    2.59
 139547.296    11.305     1.52    2.49
 139835.631    11.598     1.01    2.43
 140123.988    11.845     0.86    2.25
 140412.367    11.890     0.16    2.02
 140700.768    11.968     0.27    1.84
 140989.192    11.879    -0.31    1.80
 141277.637    11.754    -0.43    1.58
 141566.106    11.689    -0.23    1.51
 141854.596    11.732     0.15    1.38
 142143.109    11.584    -0.52    1.16
 142431.644    11.639     0.19    1.05
 142720.201    11.509    -0.45    1.02
 143008.781    11.482    -0.09    1.05
 143297.383    11.520     0.13    0.99
 143586.007    11.637     0.40    1.32
 143874.654    11.904     0.93    1.50
 144163.323    12.125     0.77    1.72
 144452.014    12.416     1.01    1.80
 144740.728    12.570     0.53    1.93
 145029.464    12.618     0.17    1.69
 145318.222    12.629     0.04    1.49
 145607.003    12.616    -0.05    1.21
 145895.806    12.497    -0.41    1.21
 146184.632    12.369    -0.44    1.30
 146473.479    12.218    -0.52    1.22
 146762.350    12.206    -0.04    1.07
 147051.242    12.235     0.10    1.05
 147340.157    12.240     0.02    1.07
 147629.095    12.365     0.43    1.05
 147918.055    12.226    -0.48    1.05
 148207.037    12.025    -0.69    1.03
 148496.042    11.869    -0.54    1.09
 148785.069    11.604    -0.91    1.12
 149074.118    11.470    -0.46    1.23
 149363.190    11.289    -0.63    1.30
 149652.284    11.114    -0.60    1.33
 149941.401    10.903    -0.73    1.36
 150230.540    10.926     0.08    1.36
 150519.702    10.993     0.23    1.34
 150808.886    11.186     0.67    1.24
 151098.093    11.148    -0.13    1.15
 151387.322    11.339     0.66    1.05
 151676.574    11.508     0.58    1.03
 151965.848    11.530     0.08    1.08
 152255.144    11.508    -0.08    1.08
 152544.463    11.710     0.70    0.99
 152833.805    11.631    -0.27    1.03
 153123.169    11.622    -0.03    1.16
 153412.556    11.620    -0.01    1.20
 153701.965    11.609    -0.04    1.15
 153991.396    11.800     0.66    1.10
 154280.850    11.530    -0.93    1.44
 154570.327    11.362    -0.58    1.56
 154859.826    11.595     0.81    1.77
 155149.348    11.493    -0.35    1.88
 155438.892    11.527     0.12    1.94
 155728.459    11.478    -0.17    1.91
 156018.048    11.509     0.11    1.96
 156307.660    11.474    -0.12    1.94
 156597.295    11.520     0.16    1.93
 156886.952    11.474    -0.16    1.86
 157176.632    11.847     1.29    1.97
 157466.334    12.430     2.01    1.89
 157756.059    12.728     1.03    1.82
 158045.806    12.999     0.94    1.78
 158334.492    13.427     1.48    1.74
 158619.516    13.683     0.90    1.64
 158904.562    13.916     0.82    1.61
 159189.629    14.020     0.37    1.64
 159474.717    14.152     0.46    1.67
 159759.828    14.004    -0.52    1.59
 160044.959    13.598    -1.43    1.51
 160330.113    13.179    -1.47    1.56
 160615.288    13.125    -0.19    1.51
 160900.485    13.009    -0.41    1.45
 161185.703    13.137     0.45    1.50
 161470.943    13.451     1.10    1.56
 161756.204    13.775     1.14    1.69
 162041.488    14.177     1.41    1.78
 162326.792    14.573     1.39    1.48
 162612.119    15.023     1.58    1.31
 162897.467    15.137     0.40    1.27
 163182.837    15.259     0.43    1.26
 163468.228    15.547     1.01    1.17
 163753.641    15.800     0.89    1.06
 164039.076    15.993     0.68    1.05
 164324.532    16.038     0.16    1.05
 164610.010    16.137     0.35    1.00
 164895.510    16.067    -0.25    1.02
 165181.032    15.856    -0.74    1.10
 165466.575    15.857     0.00    1.15
 165752.140    15.972     0.40    1.35
 166037.726    16.206     0.82    1.37
 166323.334    16.334     0.45    1.32
 166608.964    16.451     0.41    1.38
 166894.616    16.718     0.94    1.31
 167180.289    16.903     0.65    1.30
 167465.985    17.261     1.25    1.34
 167751.701    17.519     0.90    1.51
 168037.440    17.944     1.49    1.61
 168323.200    18.305     1.26    1.46
 168608.983    18.697     1.37    1.33
 168894.786    19.121     1.48    1.19
 169180.612    19.470     1.22    1.21
 169466.459    19.665     0.68    1.20
 169752.329    19.700     0.12    1.25
 170038.220    19.900     0.70    1.20
 170324.132    19.923     0.08    1.15
 170610.067    19.933     0.03    1.22
 170896.023    20.004     0.25    1.22
 171182.001    19.967    -0.13    1.19
 171468.001    20.078     0.39    1.23
 171754.023    20.189     0.39    1.17
 172040.066    20.100    -0.31    1.15
 172326.132    20.175     0.26    1.10
 172612.219    20.362     0.65    1.06
 172898.328    20.474     0.39    1.11
 173184.459    20.418    -0.20    1.18
 173470.611    20.317    -0.35    1.21
 173756.786    20.193    -0.43    1.32
 174042.982    20.182    -0.04    1.32
 174329.201    20.196     0.05    1.33
 174615.441    20.156    -0.14    1.36
 174901.703    20.122    -0.12    1.34
 175187.986    19.923    -0.69    1.38
 175474.292    19.800    -0.43    1.40
 175760.620    19.710    -0.31    1.45
 176046.969    19.643    -0.24    1.39
 176333.341    19.553    -0.31    1.33
 176619.734    19.311    -0.84    1.13
 176906.149    19.283    -0.10    1.25
 177192.586    19.249    -0.12    1.28
 177479.045    19.171    -0.27    1.27
 177765.526    19.254     0.29    1.17
 178052.029    19.266     0.04    1.19
 178338.554    19.240    -0.09    1.17
 178625.100    19.100    -0.49    1.10
 178911.669    19.013    -0.30    1.11
 179198.260    18.923    -0.31    1.13
 179484.872    18.834    -0.31    1.11
 179771.507    18.744    -0.31    1.07
 180058.163    18.857     0.39    1.12
 180344.841    18.721    -0.47    1.08
 180631.542    18.721     0.00    1.22
 180918.264    18.800     0.27    1.19
 181205.008    18.756    -0.16    1.16
 181491.775    18.755    -0.00    1.18
 181778.563    18.789     0.12    1.19
 182065.373    18.733    -0.19    1.18
 182352.206    18.822     0.31    1.07
 182639.060    18.720    -0.36    1.06
 182925.936    18.672    -0.17    1.05
 183212.835    18.517    -0.54    1.15
 183499.755    18.478    -0.14    1.12
 183786.698    18.148    -1.15    1.17
 184073.662    17.869    -0.97    1.14
 184360.649    17.753    -0.41    1.13
 184647.657    17.683    -0.24    1.20
 184934.688    17.567    -0.41    1.25
 185221.740    17.379    -0.65    1.16
 185508.815    17.459     0.28    1.30
 185795.912    17.720     0.91    1.43
 186083.031    17.732     0.04    1.41
 186370.172    17.788     0.20    1.41
 186657.335    18.044     0.89    1.33
 186944.520    18.386     1.19    1.14
 187231.727    18.532     0.51    1.07
 187518.956    18.513    -0.06    1.14
 187806.208    18.597     0.29    1.08
 188093.481    18.753     0.54    1.20
 188380.777    18.881     0.45    1.14
 188668.095    19.055     0.61    1.11
 188955.434    19.144     0.31    1.24
 189242.796    19.300     0.54    1.09
 189530.181    19.397     0.34    1.05
 189817.587    19.440     0.15    1.06
 190105.015    19.561     0.42    1.18
 190392.466    19.590     0.10    1.19
 190679.939    19.648     0.20    1.22
 190967.433    19.753     0.36    1.22
 191254.951    19.788     0.12    1.14
 191542.490    19.740    -0.17    1.14
 191830.051    19.752     0.04    1.14
 192117.635    19.660    -0.32    1.07
 192405.241    19.696     0.13    1.08
 192692.869    19.581    -0.40    1.05
 192980.519    19.389    -0.67    1.14
 193268.191    19.196    -0.67    1.19
 193555.886    19.036    -0.56    1.13
 193843.603    18.789    -0.86    1.11
 194131.342    18.756    -0.11    1.11
 194419.103    18.672    -0.29    1.14
 194706.887    18.621    -0.17    1.11
 194994.692    18.674     0.18    1.16
 195282.520    18.686     0.04    1.18
 195570.371    18.684    -0.01    1.22
