-337694.695    21.837     0.00    0.00
-337405.255    21.837     0.00    0.00
-337115.792    21.837     0.00    0.00
-336826.306    21.837     0.00    0.00
-336536.798    21.837     0.00    0.00
-336247.268    21.837     0.00    0.00
-335957.714    21.837     0.00    0.00
-335668.139    21.837     0.00    0.00
-335378.540    21.837     0.00    0.00
-335088.920    21.837     0.00    0.00
-334799.276    21.837     0.00    0.00
-334511.552    21.837     0.00    0.00
-334226.630    21.837     0.00    0.00
-333941.687    21.837     0.00    0.00
-333656.721    21.837     0.00    0.00
-333371.734    21.837     0.00    0.00
-333086.726    21.837     0.00    0.00
-332801.696    21.837     0.00    0.00
-332516.644    21.837     0.00    0.00
-332231.571    21.837     0.00    0.00
-331946.476    21.837     0.00    0.00
-331661.360    21.837     0.00    0.00
-331376.222    21.837     0.00    0.00
-331091.062    21.837     0.00    0.00
-330805.881    21.837     0.00    0.00
-330520.678    21.837     0.00    0.00
-330235.454    21.837     0.00    0.00
-329950.207    21.837     0.00    0.00
-329664.940    21.837     0.00    0.00
-329379.650    21.837     0.00    0.00
-329094.339    21.837     0.00    0.00
-328809.006    21.837     0.00    0.00
-328523.652    21.837     0.00    0.00
-328238.276    21.837     0.00    0.00
-327952.878    21.837     0.00    0.00
-327667.458    21.837     0.00    0.00
-327382.017    21.837     0.00    0.00
-327096.554    21.837     0.00    0.00
-326811.070    21.837     0.00    0.00
-326525.564    21.837     0.00    0.00
-326240.036    21.837     0.00    0.00
-325954.486    21.837     0.00    0.00
-325668.915    21.837     0.00    0.00
-325383.322    21.837     0.00    0.00
-325097.707    21.837     0.00    0.00
-324812.070    21.837     0.00    0.00
-324526.412    21.837     0.00    0.00
-324240.732    21.837     0.00    0.00
-323955.030    21.837     0.00    0.00
-323669.307    21.837     0.00    0.00
-323383.561    21.837     0.00    0.00
-323097.794    21.837     0.00    0.00
-322812.005    21.837     0.00    0.00
-322526.195    21.837     0.00    0.00
-322240.362    21.837     0.00    0.00
-321954.508    21.837     0.00    0.00
-321668.632    21.837     0.00    0.00
-321382.735    21.837     0.00    0.00
-321096.815    21.837     0.00    0.00
-320810.874    21.837     0.00    0.00
-320524.911    21.837     0.00    0.00
-320238.926    21.837     0.00    0.00
-319952.919    21.837     0.00    0.00
-319666.890    21.837     0.00    0.00
-319380.840    21.907     0.24    0.65
-319094.767    22.140     0.81    1.67
-318808.673    22.676     1.88    3.30
-318522.557    22.759     0.29    3.61
-318236.420    22.604    -0.54    3.31
-317950.260    22.326    -0.97    2.61
-317664.078    22.008    -1.11    1.49
-317377.875    21.849    -0.56    0.11
-317091.650    21.837    -0.04    0.00
-316805.402    21.837     0.00    0.00
-316519.133    21.837     0.00    0.00
-316232.842    21.837     0.00    0.00
-315946.530    21.837     0.00    0.00
-315660.195    21.837     0.00    0.00
-315373.838    21.837     0.00    0.00
-315087.460    21.837     0.00    0.00
-314801.059    21.837     0.00    0.00
-314514.637    21.837     0.00    0.00
-314228.193    21.837     0.00    0.00
-313941.726    21.837     0.00    0.00
-313655.238    21.837     0.00    0.00
-313368.728    21.837     0.00    0.00
-313082.196    21.837     0.00    0.00
-312795.642    21.837     0.00    0.00
-312509.066    21.837     0.00    0.00
-312222.468    21.837     0.00    0.00
-311935.848    21.837     0.00    0.00
-311649.206    21.837     0.00    0.00
-311362.542    21.837     0.00    0.00
-311075.857    21.837     0.00    0.00
-310789.149    21.837     0.00    0.00
-310502.419    21.837     0.00    0.00
-310215.667    21.837     0.00    0.00
-309928.893    21.837     0.00    0.00
-309642.097    21.837     0.00    0.00
-309355.280    21.837     0.00    0.00
-309068.440    21.837     0.00    0.00
-308781.578    21.837     0.00    0.00
-308494.694    21.837     0.00    0.00
-308207.788    21.837     0.00    0.00
-307920.860    21.837     0.00    0.00
-307633.910    21.837     0.00    0.00
-307346.938    21.837     0.00    0.00
-307059.943    21.837     0.00    0.00
-306772.927    21.837     0.00    0.00
-306485.889    21.837     0.00    0.00
-306198.828    21.837     0.00    0.00
-305911.746    21.837     0.00    0.00
-305624.641    21.837     0.00    0.00
-305337.515    21.837     0.00    0.00
-305050.366    21.837     0.00    0.00
-304763.195    21.837     0.00    0.00
-304476.002    21.837     0.00    0.00
-304188.787    21.837     0.00    0.00
-303901.550    21.837     0.00    0.00
-303614.291    21.837     0.00    0.00
-303327.009    21.837     0.00    0.00
-303039.706    21.837     0.00    0.00
-302752.380    21.837     0.00    0.00
-302465.032    21.837     0.00    0.00
-302177.662    21.837     0.00    0.00
-301890.270    21.837     0.00    0.00
-301602.856    21.837     0.00    0.00
-301315.419    21.837     0.00    0.00
-301027.961    21.837     0.00    0.00
-300740.480    21.837     0.00    0.00
-300452.977    21.837     0.00    0.00
-300165.452    21.837     0.00    0.00
-299877.904    21.837     0.00    0.00
-299590.335    21.837     0.00    0.00
-299302.743    21.837     0.00    0.00
-299015.129    21.837     0.00    0.00
-298727.493    21.837     0.00    0.00
-298439.834    21.837     0.00    0.00
-298152.153    21.837     0.00    0.00
-297864.451    21.837     0.00    0.00
-297576.725    21.837     0.00    0.00
-297288.978    21.837     0.00    0.00
-297001.208    21.837     0.00    0.00
-296713.417    21.837     0.00    0.00
-296425.602    21.837     0.00    0.00
-296137.766    21.837     0.00    0.00
-295849.907    22.264     1.48    2.33
-295562.026    23.894     5.66    7.34
-295274.123    27.292    11.80   13.38
-294986.198    32.568    18.32   20.19
-294698.250    38.104    19.22   25.26
-294410.280    43.126    17.44   28.73
-294122.287    47.815    16.28   30.80
-293834.273    52.615    16.66   32.50
-293546.236    55.883    11.34   34.03
-293258.176    58.747     9.94   34.85
-292970.095    59.983     4.29   35.13
-292681.991    60.410     1.48   35.22
-292393.865    60.421     0.04   35.22
-292105.716    59.628    -2.75   35.61
-291817.545    58.548    -3.75   36.02
-291529.352    58.748     0.69   36.38
-291241.136    58.200    -1.90   36.30
-290952.898    57.037    -4.03   36.65
-290664.637    57.326     1.00   37.54
-290376.355    56.024    -4.52   37.89
-290088.049    54.661    -4.73   37.35
-289799.722    51.155   -12.16   34.86
-289511.372    50.665    -1.70   34.83
-289223.000    51.303     2.21   34.85
-288934.605    49.493    -6.28   33.27
-288646.188    48.548    -3.27   31.82
-288357.748    50.746     7.62   32.89
-288069.286    55.400    16.13   35.14
-287780.802    58.366    10.28   35.90
-287492.295    59.721     4.70   35.44
-287203.766    59.528    -0.67   34.82
-286915.214    63.535    13.88   35.44
-286626.640    66.988    11.96   36.66
-286338.043    67.500     1.77   36.93
-286049.424    66.849    -2.26   37.87
-285760.783    67.462     2.13   39.17
-285472.119    65.939    -5.27   39.54
-285183.432    60.485   -18.89   38.42
-284894.724    53.964   -22.58   34.97
-284605.992    47.780   -21.41   30.69
-284317.238    42.942   -16.75   27.59
-284028.462    38.512   -15.34   23.43
-283739.663    35.218   -11.40   21.12
-283450.842    34.372    -2.93   23.11
-283161.998    33.430    -3.26   24.14
-282873.131    31.942    -5.15   24.21
-282584.243    29.837    -7.28   21.87
-282295.331    26.349   -12.07   15.48
-282006.397    23.208   -10.87    4.11
-281717.441    22.579    -2.18    1.51
-281428.462    22.702     0.43    1.65
-281139.460    22.826     0.43    1.77
-280850.436    22.941     0.40    1.99
-280561.389    22.860    -0.28    1.88
-280272.320    22.826    -0.12    1.89
-279983.228    22.680    -0.50    1.78
-279694.114    22.504    -0.61    1.61
-279404.977    22.315    -0.65    1.40
-279115.817    22.145    -0.59    1.07
-278826.635    22.028    -0.40    0.72
-278537.430    22.028     0.00    0.81
-278248.203    22.107     0.27    1.05
-277958.953    22.174     0.23    1.11
-277669.680    22.253     0.27    1.19
-277380.385    22.310     0.20    1.21
-277091.067    22.595     0.99    1.64
-276801.727    23.026     1.49    2.85
-276512.364    23.650     2.16    4.94
-276222.978    24.593     3.26    6.57
-275933.569    25.826     4.26    9.51
-275644.138    28.508     9.26   15.48
-275354.685    32.048    12.23   20.63
-275065.208    34.315     7.83   23.15
-274775.709    34.493     0.61   22.63
-274486.188    34.837     1.19   22.17
-274196.643    36.859     6.98   23.62
-273907.076    39.421     8.85   25.86
-273617.486    41.757     8.06   27.54
-273327.874    44.500     9.47   28.82
-273038.239    44.072    -1.48   26.95
-272748.581    41.421    -9.15   23.79
-272462.135    39.058    -8.25   20.38
-272177.232    37.663    -4.90   17.15
-271892.308    37.360    -1.06   15.74
-271607.363    38.076     2.51   17.06
-271322.395    40.258     7.65   20.74
-271037.406    43.104     9.98   24.65
-270752.395    46.962    13.53   28.60
-270467.363    49.267     8.09   30.85
-270182.308    48.756    -1.79   32.12
-269897.233    45.488   -11.46   31.32
-269612.135    40.744   -16.64   28.94
-269327.016    32.623   -28.48   21.69
-269041.875    27.860   -16.70   15.03
-268756.712    24.058   -13.33    6.10
-268471.527    22.698    -4.77    1.26
-268186.321    22.621    -0.27    1.21
-267901.093    22.747     0.44    1.27
-267615.844    22.959     0.74    1.58
-267330.572    23.985     3.59    2.66
-267045.279    25.221     4.33    3.48
-266759.964    26.616     4.89    3.97
-266474.627    28.174     5.46    4.09
-266189.269    29.640     5.13    3.77
-265903.888    31.480     6.45    3.36
-265618.486    33.500     7.08    3.74
-265333.063    35.314     6.35    4.50
-265047.617    37.558     7.86    4.95
-264762.150    40.030     8.66    5.15
-264476.660    42.691     9.32    5.58
-264191.149    45.826    10.98    6.58
-263905.616    49.508    12.89    7.31
-263620.062    52.895    11.86    7.51
-263334.485    55.698     9.81    7.50
-263048.887    58.872    11.11    6.89
-262763.267    62.558    12.90    5.59
-262477.625    66.081    12.33    4.62
-262191.961    68.698     9.16    4.80
-261906.276    70.733     7.12    4.87
-261620.568    72.733     7.00    4.78
-261334.839    74.917     7.64    5.02
-261049.087    77.115     7.69    5.18
-260763.314    79.466     8.23    5.55
-260477.519    81.905     8.53    5.54
-260191.703    84.430     8.83    5.22
-259905.864    86.151     6.02    4.99
-259620.003    86.906     2.64    4.51
-259334.121    86.814    -0.32    4.83
-259048.216    85.442    -4.80    6.33
-258762.290    82.965    -8.66    8.47
-258476.342    79.233   -13.05   10.16
-258190.372    76.053   -11.12    9.65
-257904.379    74.084    -6.88    8.26
-257618.365    73.269    -2.85    7.14
-257332.330    73.814     1.91    7.21
-257046.272    75.458     5.74    7.69
-256760.192    77.709     7.87    8.11
-256474.090    80.538     9.89    7.52
-256187.966    82.616     7.26    6.92
-255901.821    84.116     5.24    5.91
-255615.653    85.412     4.53    4.44
-255329.463    86.233     2.87    3.64
-255043.252    86.849     2.15    3.33
-254757.018    87.258     1.43    3.15
-254470.763    87.905     2.26    3.22
-254184.485    88.689     2.74    3.44
-253898.186    89.780     3.81    3.56
-253611.864    91.212     5.00    3.37
-253325.521    92.469     4.39    2.95
-253039.155    93.698     4.29    2.75
-252752.767    94.602     3.16    2.32
-252466.358    95.314     2.49    2.06
-252179.926    95.724     1.43    1.85
-251893.473    95.985     0.91    1.86
-251606.997    96.221     0.82    1.82
-251320.499    96.121    -0.35    1.73
-251033.979    95.939    -0.63    1.46
-250747.438    95.584    -1.24    1.43
-250460.874    95.159    -1.48    1.41
-250174.288    94.780    -1.32    1.52
-249887.680    94.326    -1.58    1.66
-249601.050    93.791    -1.87    1.69
-249314.397    93.035    -2.64    1.96
-249027.723    92.021    -3.54    2.29
-248741.027    90.492    -5.33    3.42
-248454.308    89.349    -3.99    3.76
-248167.568    88.545    -2.80    4.00
-247880.805    88.219    -1.14    3.79
-247594.020    87.667    -1.93    3.93
-247307.213    87.527    -0.49    3.58
-247020.384    87.035    -1.71    3.78
-246733.533    86.419    -2.15    4.02
-246446.660    84.267    -7.50    5.16
-246159.764    82.000    -7.90    5.42
-245872.847    80.314    -5.88    5.69
-245585.907    78.988    -4.62    5.98
-245298.945    78.292    -2.43    6.49
-245011.961    78.084    -0.72    7.10
-244724.955    78.537     1.58    7.30
-244437.926    79.129     2.06    6.99
-244150.876    80.331     4.19    5.85
-243863.803    81.453     3.91    3.44
-243576.708    81.616     0.57    2.31
-243289.591    81.140    -1.66    2.23
-243002.452    80.430    -2.47    2.27
-242715.290    79.642    -2.75    2.34
-242428.106    78.702    -3.27    2.28
-242140.900    77.860    -2.93    2.29
-241853.672    76.871    -3.44    2.20
-241566.422    75.826    -3.63    2.09
-241279.149    74.782    -3.64    1.99
-240991.854    73.792    -3.44    2.02
-240704.537    72.792    -3.48    2.01
-240417.197    71.814    -3.40    2.10
-240129.836    70.803    -3.52    2.07
-239842.452    69.646    -4.02    2.16
-239555.046    68.399    -4.34    2.36
-239267.617    67.204    -4.16    2.71
-238980.167    66.159    -3.63    2.71
-238692.694    64.871    -4.48    2.76
-238405.198    63.702    -4.07    2.78
-238117.681    62.448    -4.36    2.87
-237830.141    61.090    -4.72    3.22
-237542.579    59.519    -5.46    4.08
-237254.994    58.082    -5.00    4.31
-236967.387    56.442    -5.70    4.43
-236679.758    54.749    -5.88    4.37
-236392.107    53.000    -6.08    4.61
-236104.433    50.982    -7.02    4.87
-235816.737    48.871    -7.34    4.91
-235529.019    47.230    -5.70    4.98
-235241.278    45.433    -6.25    5.08
-234953.515    43.737    -5.89    4.94
-234665.729    42.218    -5.28    4.77
-234377.921    40.582    -5.68    4.87
-234090.091    39.145    -4.99    4.81
-233802.238    38.211    -3.24    4.51
-233514.363    37.429    -2.72    4.21
-233226.466    37.299    -0.45    3.80
-232938.546    37.275    -0.08    3.54
-232650.604    37.343     0.23    3.31
-232362.639    37.455     0.39    3.36
-232074.653    37.215    -0.83    4.16
-231786.643    36.571    -2.24    4.92
-231498.611    35.087    -5.15    6.40
-231210.557    33.321    -6.13    7.29
-230922.480    31.315    -6.96    7.32
-230634.381    29.628    -5.85    6.56
-230346.260    28.288    -4.65    5.41
-230058.116    27.604    -2.37    4.49
-229769.949    27.337    -0.93    3.94
-229481.761    27.508     0.59    3.76
-229193.549    27.737     0.80    3.71
-228905.315    28.004     0.92    3.53
-228617.059    28.455     1.57    3.57
-228328.780    28.269    -0.65    3.54
-228040.479    27.814    -1.58    3.66
-227752.155    28.076     0.91    3.96
-227463.809    28.712     2.21    6.48
-227175.440    29.504     2.74    8.95
-226887.049    29.860     1.23    9.55
-226598.635    29.420    -1.53    9.00
-226310.199    29.904     1.68    8.79
-226021.740    31.587     5.83   11.33
-225733.259    33.814     7.72   13.97
-225444.755    37.233    11.85   15.49
-225156.229    40.527    11.42   17.02
-224867.680    41.244     2.49   16.34
-224579.109    41.093    -0.52   15.34
-224290.514    40.722    -1.28   14.18
-224001.898    39.849    -3.03   14.31
-223713.259    39.511    -1.17   14.80
-223424.597    39.320    -0.66   15.07
-223135.913    39.110    -0.73   14.51
-222847.206    40.269     4.01   15.85
-222558.476    40.558     1.00   16.45
-222269.724    40.756     0.68   17.69
-221980.950    40.988     0.81   19.85
-221692.152    40.251    -2.55   20.33
-221403.332    39.504    -2.59   20.32
-221114.490    37.508    -6.91   18.87
-220825.625    35.612    -6.56   17.21
-220536.737    33.332    -7.89   14.90
-220247.827    31.780    -5.37   12.97
-219958.894    30.384    -4.83   10.49
-219669.938    29.535    -2.94    8.48
-219380.960    28.446    -3.77    6.16
-219091.959    27.291    -4.00    3.23
-218802.935    27.291     0.00    3.03
-218513.889    27.576     0.99    3.07
-218224.820    27.905     1.14    3.16
-217935.728    28.326     1.46    2.98
-217646.614    28.526     0.69    2.91
-217357.477    28.682     0.54    2.85
-217068.317    28.448    -0.81    2.70
-216779.134    28.271    -0.61    2.41
-216489.929    28.118    -0.53    2.02
-216200.701    27.925    -0.67    1.79
-215911.451    28.022     0.33    1.63
-215622.178    28.211     0.65    1.61
-215332.881    28.299     0.30    1.64
-215043.563    28.194    -0.36    1.58
-214754.221    28.110    -0.29    1.54
-214464.857    28.315     0.71    1.80
-214175.470    28.530     0.74    1.96
-213886.060    28.989     1.59    2.13
-213596.628    29.392     1.39    2.34
-213307.172    29.794     1.39    2.31
-213017.694    30.203     1.41    2.26
-212728.194    30.716     1.77    2.29
-212438.670    30.972     0.88    2.12
-212149.124    31.163     0.66    2.12
-211859.554    31.159    -0.01    2.03
-211569.962    30.771    -1.34    1.90
-211280.348    30.511    -0.90    1.71
-210990.710    30.068    -1.53    1.27
-210701.050    29.848    -0.76    1.21
-210415.852    29.584    -0.92    1.11
-210130.965    29.804     0.77    2.46
-209846.056    30.486     2.39    4.22
-209561.125    31.906     4.98    6.33
-209276.173    33.389     5.20    7.85
-208991.199    34.959     5.51    9.05
-208706.203    36.090     3.97    9.75
-208421.185    37.783     5.94   10.60
-208136.146    39.739     6.86   11.22
-207851.084    40.620     3.09   11.44
-207566.001    41.109     1.72   11.43
-207280.897    40.959    -0.52   11.04
-206995.770    41.326     1.29   10.88
-206710.621    41.635     1.08   10.77
-206425.451    41.534    -0.35   10.72
-206140.259    42.237     2.47   11.11
-205855.045    43.185     3.32   11.64
-205569.809    44.980     6.29   12.18
-205284.552    46.794     6.36   12.33
-204999.272    48.642     6.48   12.31
-204713.971    50.142     5.26   12.33
-204428.648    52.348     7.73   11.64
-204143.302    54.197     6.48   10.51
-203857.936    55.444     4.37    9.20
-203572.547    56.084     2.24    7.65
-203287.136    56.211     0.44    5.66
-203001.704    55.558    -2.29    4.42
-202716.249    53.881    -5.87    4.59
-202430.773    51.266    -9.16    5.62
-202145.275    48.235   -10.61    6.08
-201859.754    45.902    -8.17    5.91
-201574.212    43.747    -7.55    4.90
-201288.648    42.354    -4.88    3.85
-201003.063    41.725    -2.20    3.12
-200717.455    42.002     0.97    3.06
-200431.825    42.727     2.54    3.31
-200146.173    43.859     3.96    3.39
-199860.500    44.935     3.77    2.90
-199574.804    45.772     2.93    2.84
-199289.087    46.332     1.96    2.95
-199003.347    46.691     1.26    3.14
-198717.586    46.815     0.43    3.36
-198431.802    46.714    -0.35    3.49
-198145.997    46.982     0.94    3.54
-197860.170    47.402     1.47    3.70
-197574.320    47.991     2.06    3.80
-197288.449    48.826     2.92    4.06
-197002.556    49.870     3.65    4.12
-196716.641    50.848     3.42    4.39
-196430.703    51.705     3.00    4.44
-196144.744    52.462     2.65    4.69
-195858.763    52.769     1.07    5.03
-195572.759    53.548     2.72    5.59
-195286.734    54.255     2.47    5.72
-195000.686    54.902     2.26    5.69
-194714.617    55.794     3.12    5.70
-194428.526    56.011     0.76    6.21
-194142.412    55.989    -0.08    6.81
-193856.276    55.551    -1.53    7.13
-193570.119    54.444    -3.87    7.60
-193283.939    52.906    -5.37    7.98
-192997.737    51.615    -4.51    8.06
-192711.513    50.145    -5.14    7.52
-192425.268    48.631    -5.29    7.04
-192139.000    47.457    -4.10    6.40
-191852.709    46.555    -3.15    5.74
-191566.397    45.750    -2.81    5.30
-191280.063    44.837    -3.19    5.00
-190993.707    43.937    -3.14    4.45
-190707.328    43.377    -1.95    3.92
-190420.927    43.671     1.02    4.08
-190134.505    44.079     1.43    4.66
-189848.060    44.913     2.91    5.92
-189561.593    46.315     4.89    7.21
-189275.104    48.065     6.11    8.55
-188988.592    50.218     7.51   10.28
-188702.059    52.604     8.33   11.73
-188415.503    56.237    12.68   13.27
-188128.925    60.975    16.53   14.39
-187842.325    65.248    14.91   15.29
-187555.703    70.519    18.38   15.54
-187269.059    75.902    18.78   15.00
-186982.393    81.228    18.58   14.10
-186695.704    86.174    17.25   13.59
-186408.993    91.098    17.17   12.94
-186122.260    94.882    13.19   12.12
-185835.505    98.726    13.40   11.35
-185548.727   102.676    13.77   10.14
-185261.928   105.037     8.23    9.39
-184975.106   107.716     9.34    8.06
-184688.262   109.957     7.81    6.85
-184401.395   111.826     6.52    5.51
-184114.507   113.261     5.00    4.05
-183827.596   114.337     3.75    2.88
-183540.663   115.002     2.32    2.14
-183253.708   115.348     1.21    1.42
-182966.730   115.113    -0.82    1.40
-182679.730   114.237    -3.05    2.53
-182392.708   112.442    -6.26    4.64
-182105.664   109.750    -9.37    7.03
-181818.597   106.457   -11.47    8.32
-181531.508   104.044    -8.40    7.94
-181244.397   102.239    -6.28    7.08
-180957.263   101.771    -1.63    6.50
-180670.108   102.383     2.13    7.04
-180382.929   104.712     8.11    7.92
-180095.729   108.068    11.68    7.92
-179808.506   111.489    11.91    7.51
-179521.261   115.142    12.71    6.49
-179233.994   118.565    11.92    5.78
-178946.704   121.555    10.40    5.14
-178659.392   123.935     8.28    4.76
-178372.057   126.137     7.66    4.70
-178084.701   128.371     7.77    4.17
-177797.321   130.219     6.43    3.57
-177509.920   131.606     4.83    2.90
-177222.496   132.642     3.60    2.20
-176935.050   133.192     1.91    1.77
-176647.581   133.568     1.31    1.69
-176360.090   133.935     1.28    1.61
-176072.577   134.200     0.92    1.71
-175785.041   134.482     0.98    1.96
-175497.483   134.612     0.45    2.28
-175209.902   134.404    -0.73    2.72
-174922.299   134.046    -1.24    3.09
-174634.674   133.117    -3.23    3.77
-174347.026   131.946    -4.07    4.15
-174059.356   130.525    -4.94    3.92
-173771.663   129.024    -5.22    4.10
-173483.948   127.057    -6.84    4.79
-173196.210   125.365    -5.88    5.03
-172908.450   123.871    -5.19    5.13
-172620.668   122.376    -5.19    4.92
-172332.863   120.587    -6.21    4.80
-172045.035   118.493    -7.27    4.79
-171757.185   116.457    -7.07    5.30
-171469.313   114.783    -5.81    5.56
-171181.418   113.000    -6.19    5.18
-170893.501   111.332    -5.79    4.53
-170605.561   110.511    -2.85    4.13
-170317.599   110.208    -1.05    4.11
-170029.614   110.606     1.38    4.22
-169741.606   112.128     5.28    3.71
-169453.576   113.294     4.05    3.43
-169165.524   114.210     3.18    3.56
-168877.449   114.348     0.48    3.62
-168589.352   113.750    -2.07    4.32
-168301.232   112.848    -3.13    4.99
-168013.089   111.410    -4.99    5.33
-167724.924   109.508    -6.60    5.10
-167436.736   107.000    -8.70    4.40
-167148.526   105.007    -6.91    4.11
-166860.294   103.044    -6.81    4.57
-166572.038   100.337    -9.39    4.93
-166283.760    97.663    -9.27    5.28
-165995.460    94.626   -10.53    5.49
-165707.137    91.542   -10.70    6.06
-165418.791    88.259   -11.38    6.69
-165130.423    84.924   -11.56    6.70
-164842.032    81.859   -10.63    6.33
-164553.618    78.568   -11.41    5.83
-164265.182    75.381   -11.05    5.20
-163976.724    72.826    -8.85    4.74
-163688.242    70.559    -7.86    4.26
-163399.738    69.371    -4.12    3.98
-163111.212    69.171    -0.69    4.31
-162822.662    69.215     0.15    5.15
-162534.090    69.376     0.56    6.10
-162245.496    69.682     1.06    6.93
-161956.879    70.115     1.50    7.16
-161668.239    70.082    -0.12    7.60
-161379.576    69.059    -3.54    7.50
-161090.891    66.881    -7.55    7.03
-160802.183    64.300    -8.94    6.40
-160513.452    62.159    -7.41    6.19
-160224.699    60.287    -6.48    6.07
-159935.923    58.152    -7.39    5.58
-159647.124    56.093    -7.13    4.44
-159358.303    54.689    -4.86    3.11
-159069.459    53.893    -2.76    2.17
-158780.592    54.059     0.57    2.49
-158491.702    54.971     3.15    3.96
-158202.790    56.680     5.92    5.72
-157913.855    59.343     9.22    7.82
-157624.897    62.826    12.05    9.69
-157335.917    66.937    14.23   10.93
-157046.913    71.233    14.86   11.13
-156757.887    75.337    14.20   10.25
-156468.838    79.815    15.49    8.17
-156179.767    83.215    11.76    7.52
-155890.672    86.601    11.71    7.64
-155601.555    90.087    12.06    8.42
-155312.415    94.205    14.24   10.10
-155023.252    99.110    16.96   12.09
-154734.067   104.251    17.78   13.99
-154444.858   109.053    16.60   14.82
-154155.627   112.972    13.55   15.13
-153866.373   116.792    13.20   14.97
-153577.096   119.556     9.56   14.95
-153287.797   122.224     9.22   14.80
-152998.474   124.883     9.19   14.35
-152709.129   126.349     5.07   13.57
-152419.761   127.745     4.83   12.06
-152130.370   129.110     4.72   10.54
-151840.956   130.927     6.28    9.46
-151551.519   130.927     0.00    8.61
-151262.059   129.556    -4.74    8.04
-150972.577   128.360    -4.13    8.21
-150683.072   129.033     2.32    8.45
-150393.543   131.017     6.85    8.66
-150103.992   132.974     6.76    8.95
-149814.418   135.010     7.03    9.02
-149524.821   137.871     9.88    8.36
-149235.201   139.837     6.79    6.80
-148945.558   139.959     0.42    6.29
-148656.779   138.644    -4.55    6.84
-148371.934   136.372    -7.98    7.03
-148087.067   133.637    -9.60    7.19
-147802.178   131.033    -9.14    6.98
-147517.268   128.504    -8.87    6.32
-147232.336   126.747    -6.16    5.62
-146947.382   125.604    -4.01    4.91
-146662.406   124.624    -3.44    4.29
-146377.408   123.894    -2.56    3.63
-146092.388   123.872    -0.08    3.10
-145807.347   124.008     0.48    2.57
-145522.283   125.136     3.96    3.61
-145237.198   127.428     8.04    6.10
-144952.091   130.455    10.62    7.52
-144666.961   133.269     9.87    6.87
-144381.810   135.635     8.30    5.56
-144096.638   136.917     4.49    4.31
-143811.443   136.803    -0.40    4.21
-143526.226   135.871    -3.27    4.39
-143240.987   133.665    -7.73    4.73
-142955.727   131.917    -6.13    4.98
-142670.444   131.950     0.12    5.90
-142385.140   132.615     2.33    7.26
-142099.813   134.118     5.27    8.15
-141814.465   136.144     7.10    8.60
-141529.095   139.262    10.93    6.39
-141243.702   141.582     8.13    3.57
-140958.288   142.570     3.46    2.91
-140672.852   142.553    -0.06    3.31
-140387.394   142.571     0.06    3.61
-140101.913   142.893     1.13    3.75
-139816.411   143.248     1.25    3.92
-139530.887   143.542     1.03    3.63
-139245.341   143.590     0.17    3.56
-138959.773   143.926     1.18    3.11
-138674.183   143.860    -0.23    2.90
-138388.571   143.737    -0.43    2.76
-138102.936   143.041    -2.44    2.98
-137817.280   142.142    -3.15    3.44
-137531.602   140.837    -4.57    4.19
-137245.902   139.431    -4.92    4.61
-136960.179   138.259    -4.10    4.37
-136674.435   137.980    -0.98    4.38
-136388.669   138.475     1.73    4.63
-136102.880   139.493     3.56    4.69
-135817.070   141.013     5.32    4.60
-135531.237   142.393     4.83    3.96
-135245.382   143.663     4.44    3.58
-134959.506   144.891     4.29    3.37
-134673.607   145.710     2.86    3.44
-134387.686   146.762     3.68    3.40
-134101.743   147.620     3.00    3.21
-133815.778   147.493    -0.44    4.21
-133529.791   146.770    -2.53    5.16
-133243.781   145.959    -2.83    5.41
-132957.750   145.859    -0.35    5.33
-132671.696   145.646    -0.75    5.32
-132385.621   145.009    -2.22    5.11
-132099.523   144.881    -0.45    4.79
-131813.403   144.718    -0.57    4.27
-131527.261   144.152    -1.98    4.17
-131241.097   142.320    -6.40    4.95
-130954.910   139.207   -10.88    5.92
-130668.702   135.988   -11.25    6.95
-130382.471   131.848   -14.46    8.20
-130096.218   128.093   -13.12    8.26
-129809.943   124.321   -13.17    7.97
-129523.646   120.475   -13.43    7.47
-129237.326   116.882   -12.55    6.84
-128950.985   113.617   -11.40    6.58
-128664.621   110.544   -10.73    6.37
-128378.235   107.869    -9.34    6.11
-128091.827   104.923   -10.28    6.09
-127805.396   102.461    -8.60    6.14
-127518.944   101.446    -3.54    5.61
-127232.469   101.504     0.20    5.93
-126945.972   102.237     2.56    6.61
-126659.453   103.486     4.36    6.80
-126372.911   104.750     4.41    6.77
-126086.347   105.633     3.08    6.57
-125799.761   106.475     2.94    6.25
-125513.153   107.185     2.48    6.86
-125226.522   108.255     3.73    7.84
-124939.869   110.251     6.96    9.30
-124653.194   112.881     9.17   10.11
-124366.497   117.522    16.19   11.23
-124079.777   122.934    18.87   10.16
-123793.035   127.826    17.06    8.28
-123506.271   131.392    12.43    6.90
-123219.484   133.537     7.48    6.01
-122932.676   134.571     3.60    5.25
-122645.844   135.226     2.29    4.90
-122358.991   135.071    -0.54    4.93
-122072.115   135.489     1.46    5.00
-121785.217   136.160     2.34    5.07
-121498.297   136.511     1.22    5.46
-121211.354   136.726     0.75    6.10
-120924.389   136.705    -0.07    6.49
-120637.401   136.482    -0.78    6.77
-120350.391   135.404    -3.76    6.40
-120063.359   133.804    -5.57    5.60
-119776.304   131.671    -7.43    5.40
-119489.228   129.182    -8.67    5.90
-119202.128   126.573    -9.08    6.76
-118915.007   124.134    -8.50    7.27
-118627.862   121.085   -10.62    6.98
-118340.696   117.685   -11.84    6.44
-118053.507   114.230   -12.03    6.42
-117766.296   110.881   -11.66    7.06
-117479.062   108.515    -8.24    6.30
-117191.806   107.760    -2.63    5.84
-116904.527   108.748     3.44    7.44
-116617.226   111.343     9.03    9.68
-116329.903   115.392    14.09   11.22
-116042.557   121.426    21.00   11.09
-115755.189   127.804    22.19   10.10
-115467.798   132.993    18.05    8.59
-115180.385   137.141    14.43    6.51
-114892.949   139.804     9.26    5.31
-114605.491   141.464     5.77    4.11
-114318.011   142.002     1.87    3.78
-114030.508   142.048     0.16    3.85
-113742.982   141.637    -1.43    3.84
-113455.434   140.759    -3.05    3.53
-113167.864   139.601    -4.03    3.29
-112880.271   137.950    -5.74    4.61
-112592.655   135.904    -7.11    6.13
-112305.017   134.046    -6.46    6.47
-112017.357   131.982    -7.18    6.43
-111729.674   130.388    -5.54    5.88
-111441.968   130.051    -1.17    5.53
-111154.240   130.860     2.81    5.97
-110866.489   133.451     9.00    5.49
-110578.716   135.548     7.29    5.59
-110290.921   137.387     6.39    5.91
-110003.102   138.573     4.12    6.05
-109715.261   140.792     7.71    5.92
-109427.398   143.383     9.00    6.07
-109139.512   145.837     8.53    6.29
-108851.603   148.596     9.58    5.97
-108563.672   150.682     7.24    5.78
-108275.719   152.266     5.50    4.93
-107987.742   154.013     6.07    4.05
-107699.743   155.354     4.66    3.48
-107411.722   155.905     1.91    3.61
-107123.678   155.405    -1.74    4.14
-106835.611   154.599    -2.80    4.71
-106547.522   153.615    -3.41    4.94
-106259.410   152.497    -3.88    5.22
-105971.275   150.958    -5.34    5.57
-105683.118   148.882    -7.20    5.94
-105394.938   146.377    -8.69    6.26
-105106.735   143.530    -9.87    6.54
-104818.510   140.601   -10.16    6.67
-104530.262   137.219   -11.73    6.78
-104241.992   134.442    -9.63    6.46
-103953.699   131.826    -9.07    5.96
-103665.383   128.793   -10.52    6.62
-103377.044   126.382    -8.36    6.90
-103088.683   125.599    -2.72    6.96
-102800.299   126.459     2.98    7.24
-102511.893   128.680     7.70    8.60
-102223.463   132.134    11.97   10.43
-101935.011   136.398    14.78   11.47
-101646.536   141.590    18.00   11.17
-101358.039   146.882    18.34   11.02
-101069.519   152.226    18.52   11.15
-100780.976   156.991    16.51   11.33
-100492.410   161.612    16.01   10.62
-100203.822   165.826    14.60    7.94
 -99915.210   169.013    11.04    5.86
 -99626.577   171.526     8.71    4.64
 -99337.920   173.057     5.30    4.69
 -99049.240   173.737     2.36    5.12
 -98760.538   173.515    -0.77    5.74
 -98471.813   172.215    -4.50    6.93
 -98183.065   170.022    -7.59    8.78
 -97894.295   166.620   -11.78   10.01
 -97605.501   161.848   -16.52   10.66
 -97316.685   156.024   -20.16   11.02
 -97027.846   150.237   -20.03   10.87
 -96738.985   143.749   -22.46   10.98
 -96450.100   138.937   -16.66   10.35
 -96161.193   135.708   -11.18    8.72
 -95872.262   134.063    -5.69    8.18
 -95583.309   133.982    -0.28    8.95
 -95294.333   135.200     4.22   10.13
 -95005.334   136.915     5.93   10.77
 -94716.313   138.464     5.36   10.96
 -94427.268   139.277     2.81   11.40
 -94138.201   141.568     7.93   12.54
 -93849.111   144.565    10.37   13.84
 -93559.998   146.437     6.47   14.07
 -93270.862   148.142     5.89   12.99
 -92981.703   150.044     6.58   11.36
 -92692.521   151.718     5.79    9.81
 -92403.316   153.104     4.79    7.59
 -92114.089   154.396     4.47    6.75
 -91824.838   155.837     4.98    6.46
 -91535.565   158.112     7.86    5.96
 -91246.269   160.547     8.42    4.99
 -90956.950   162.071     5.27    4.16
 -90667.607   162.468     1.37    3.85
 -90378.242   162.193    -0.95    4.38
 -90088.854   161.558    -2.19    5.12
 -89799.443   160.304    -4.33    5.35
 -89510.009   158.902    -4.84    5.03
 -89220.553   157.132    -6.12    4.56
 -88931.073   155.369    -6.09    4.58
 -88641.570   153.500    -6.45    4.80
 -88352.044   151.079    -8.36    5.68
 -88062.495   148.082   -10.35    6.22
 -87772.923   145.065   -10.42    6.29
 -87483.329   142.181    -9.96    5.59
 -87193.711   139.732    -8.46    4.94
 -86904.070   137.561    -7.50    4.58
 -86616.456   135.076    -8.64    5.79
 -86331.613   131.693   -11.88    8.35
 -86046.748   127.393   -15.09   10.46
 -85761.862   121.315   -21.33   12.43
 -85476.953   115.289   -21.15   11.86
 -85192.022   110.880   -15.47    9.08
 -84907.070   109.109    -6.21    7.00
 -84622.095   109.727     2.17    7.65
 -84337.099   112.289     8.99    9.37
 -84052.081   115.315    10.62    9.69
 -83767.040   118.259    10.33    8.06
 -83481.978   119.837     5.53    6.95
 -83196.894   120.994     4.06    6.68
 -82911.787   122.067     3.76    7.13
 -82626.659   122.371     1.06    7.72
 -82341.509   122.304    -0.23    7.65
 -82056.337   124.118     6.36    8.37
 -81771.143   127.927    13.35    9.33
 -81485.927   131.882    13.87    9.08
 -81200.689   133.426     5.41    8.60
 -80915.429   134.704     4.48    8.09
 -80630.146   136.511     6.34    6.25
 -80344.842   136.542     0.11    6.19
 -80059.516   135.648    -3.13    6.32
 -79774.168   135.082    -1.99    6.58
 -79488.798   135.415     1.17    7.05
 -79203.405   135.759     1.20    7.01
 -78917.991   135.332    -1.50    6.78
 -78632.555   134.326    -3.52    6.24
 -78347.096   133.282    -3.66    5.43
 -78061.616   131.928    -4.74    4.56
 -77776.113   130.253    -5.87    4.25
 -77490.589   128.287    -6.89    5.06
 -77205.042   126.564    -6.03    6.10
 -76919.473   125.068    -5.24    5.99
 -76633.882   124.112    -3.35    5.64
 -76348.270   123.387    -2.54    4.84
 -76062.635   123.398     0.04    4.57
 -75776.977   123.559     0.57    4.70
 -75491.298   123.650     0.32    5.02
 -75205.597   123.337    -1.10    5.26
 -74919.873   121.945    -4.87    5.63
 -74634.128   121.337    -2.13    5.52
 -74348.360   121.392     0.19    5.61
 -74062.570   121.504     0.39    5.21
 -73776.758   121.037    -1.63    5.05
 -73490.924   119.611    -4.99    5.74
 -73205.068   117.519    -7.32    7.06
 -72919.189   114.870    -9.26    8.78
 -72633.289   111.087   -13.23    8.44
 -72347.366   108.050   -10.62    7.21
 -72061.421   106.037    -7.04    6.80
 -71775.454   104.241    -6.28    7.08
 -71489.465   102.246    -6.98    7.58
 -71203.453   100.189    -7.19    7.63
 -70917.420    98.145    -7.15    6.82
 -70631.364    96.536    -5.62    6.21
 -70345.286    95.518    -3.56    5.42
 -70059.185    94.985    -1.86    4.29
 -69773.063    94.934    -0.18    4.00
 -69486.918    95.562     2.20    4.03
 -69200.751    96.584     3.57    4.25
 -68914.562    98.076     5.21    4.28
 -68628.351    99.235     4.05    4.55
 -68342.117   100.039     2.81    5.03
 -68055.861   100.525     1.70    5.55
 -67769.583   100.672     0.51    5.82
 -67483.283   100.676     0.01    6.27
 -67196.960    99.622    -3.68    6.09
 -66910.615    97.826    -6.27    5.65
 -66624.248    96.413    -4.93    5.14
 -66337.858    95.015    -4.88    5.45
 -66051.446    93.760    -4.38    5.89
 -65765.012    92.870    -3.11    6.25
 -65478.556    91.683    -4.14    5.99
 -65192.077    90.493    -4.16    5.38
 -64905.576    89.916    -2.01    4.97
 -64619.053    89.758    -0.55    4.85
 -64332.507    90.349     2.06    4.92
 -64045.940    91.337     3.45    5.18
 -63759.349    92.615     4.46    5.61
 -63472.737    94.337     6.01    5.80
 -63186.102    96.383     7.14    5.99
 -62899.444    99.393    10.50    6.47
 -62612.765   102.028     9.19    7.07
 -62326.063   104.343     8.07    8.12
 -62039.338   105.197     2.98    8.84
 -61752.592   105.388     0.67   10.09
 -61465.823   105.171    -0.76   12.00
 -61179.031   105.604     1.51   13.88
 -60892.217   105.994     1.36   14.75
 -60605.381   107.084     3.80   15.52
 -60318.522   107.515     1.50   15.80
 -60031.641   107.439    -0.26   15.43
 -59744.738   107.504     0.22   14.83
 -59457.812   109.226     6.00   13.91
 -59170.863   111.859     9.18   13.38
 -58883.893   115.293    11.96   13.46
 -58596.900   118.927    12.66   13.16
 -58309.884   121.293     8.24   12.45
 -58022.846   122.848     5.42   11.16
 -57735.786   123.186     1.17   10.32
 -57448.703   123.604     1.46    9.66
 -57161.597   124.399     2.77    9.60
 -56874.469   127.053     9.24   10.48
 -56587.319   130.726    12.79   12.00
 -56300.146   135.915    18.07   12.84
 -56012.951   142.019    21.25   12.16
 -55725.733   147.972    20.73   11.74
 -55438.493   152.983    17.45   12.55
 -55151.230   158.280    18.44   13.39
 -54863.945   161.504    11.22   14.68
 -54576.637   162.519     3.53   15.87
 -54289.307   161.448    -3.72   17.67
 -54001.954   158.815    -9.16   20.69
 -53714.579   153.771   -17.55   21.52
 -53427.181   149.587   -14.56   20.30
 -53139.761   147.239    -8.17   18.11
 -52852.318   147.525     0.99   17.55
 -52564.852   149.163     5.70   16.97
 -52277.364   151.892     9.49   16.64
 -51989.854   153.282     4.83   12.66
 -51702.321   152.446    -2.91   11.63
 -51414.765   148.551   -13.54   11.00
 -51127.187   142.816   -19.94   11.61
 -50839.586   137.892   -17.12   11.34
 -50551.963   133.968   -13.64   10.00
 -50264.316   131.311    -9.24    9.11
 -49976.648   129.343    -6.84    9.43
 -49688.957   128.508    -2.90   11.07
 -49401.243   129.826     4.58   12.82
 -49113.506   133.726    13.55   13.26
 -48825.747   137.880    14.44   13.14
 -48537.966   140.995    10.82   11.78
 -48250.161   142.469     5.12    9.46
 -47962.334   141.565    -3.14    9.22
 -47674.485   139.026    -8.82   10.44
 -47386.613   135.082   -13.70   11.66
 -47098.718   131.457   -12.59   11.16
 -46810.800   128.890    -8.91    9.80
 -46522.860   127.069    -6.33    9.75
 -46234.897   126.128    -3.27   10.95
 -45946.912   126.696     1.97   11.37
 -45658.903   128.126     4.97   10.87
 -45370.872   129.555     4.96    9.99
 -45082.819   129.975     1.46    9.36
 -44794.742   131.332     4.71    9.96
 -44506.643   133.178     6.41   11.51
 -44218.522   135.718     8.82   12.18
 -43930.377   137.604     6.55   12.23
 -43642.210   138.429     2.86   13.09
 -43354.020   138.710     0.97   12.68
 -43065.808   138.868     0.55   12.35
 -42777.572   138.858    -0.03   11.81
 -42489.314   139.639     2.71   11.51
 -42201.033   140.237     2.07   11.31
 -41912.730   140.386     0.51   11.16
 -41624.404   138.071    -8.03   11.21
 -41336.054   134.973   -10.75   11.63
 -41047.683   132.444    -8.77   11.01
 -40759.288   131.881    -1.95   10.35
 -40470.870   133.259     4.78   11.19
 -40182.430   135.978     9.43   12.07
 -39893.967   139.135    10.94   12.07
 -39605.481   141.827     9.33   10.71
 -39316.973   143.210     4.79    9.14
 -39028.441   142.446    -2.65    9.81
 -38739.887   140.200    -7.78   10.89
 -38451.310   137.892    -8.00   11.69
 -38162.710   137.284    -2.11   12.24
 -37874.087   138.348     3.68   13.09
 -37585.442   140.380     7.04   12.77
 -37296.773   141.620     4.30   11.72
 -37008.082   142.573     3.30   10.93
 -36719.368   144.587     6.97   10.04
 -36430.631   147.178     8.97   10.10
 -36141.871   149.691     8.71   10.41
 -35853.088   152.752    10.60   10.83
 -35564.283   155.696    10.19   11.40
 -35275.454   158.055     8.17   11.83
 -34986.603   160.870     9.75   11.60
 -34697.729   164.231    11.63   11.64
 -34408.831   167.669    11.90   10.77
 -34119.911   170.300     9.11    8.50
 -33830.968   171.120     2.84    7.20
 -33542.002   171.671     1.91    6.09
 -33253.014   171.533    -0.48    6.47
 -32964.002   171.220    -1.08    7.44
 -32674.967   171.816     2.06    8.22
 -32385.909   172.794     3.38    8.92
 -32096.829   173.288     1.71    9.49
 -31807.725   173.337     0.17   10.70
 -31518.599   173.022    -1.09   11.62
 -31229.449   172.486    -1.85   12.39
 -30940.277   172.227    -0.90   13.18
 -30651.081   173.654     4.94   14.30
 -30361.863   177.771    14.23   15.78
 -30072.622   184.544    23.42   17.76
 -29783.357   194.478    34.34   21.66
 -29494.070   204.827    35.77   25.25
 -29204.759   212.469    26.41   24.89
 -28915.426   217.289    16.66   22.75
 -28626.070   220.606    11.47   21.68
 -28336.690   221.980     4.75   22.76
 -28047.288   217.848   -14.28   24.25
 -27757.862   210.564   -25.17   23.68
 -27468.414   202.585   -27.57   21.34
 -27178.942   195.946   -22.93   19.36
 -26889.447   191.989   -13.67   15.95
 -26599.930   188.804   -11.00   12.21
 -26310.389   188.644    -0.55    9.85
 -26020.825   191.248     8.99   10.80
 -25731.238   195.699    15.37   12.35
 -25441.628   201.392    19.66   12.42
 -25151.995   207.558    21.29   12.72
 -24862.339   214.815    25.05   14.15
 -24575.922   222.052    25.27   16.48
 -24291.100   228.553    22.82   16.63
 -24006.256   233.022    15.69   14.75
 -23721.391   235.079     7.22   12.96
 -23436.503   235.255     0.62   11.97
 -23151.593   233.090    -7.60   12.51
 -22866.662   227.371   -20.07   13.48
 -22581.708   221.971   -18.95   12.48
 -22296.733   216.615   -18.79   11.31
 -22011.735   211.515   -17.89    9.79
 -21726.716   207.459   -14.23    8.98
 -21441.674   203.348   -14.42    8.73
 -21156.610   199.015   -15.20    8.57
 -20871.525   194.415   -16.14    8.60
 -20586.417   190.131   -15.03    8.23
 -20301.287   185.590   -15.92    7.70
 -20016.135   181.515   -14.29    7.44
 -19730.962   177.556   -13.88    6.93
 -19445.766   174.288   -11.46    6.87
 -19160.548   171.782    -8.78    6.46
 -18875.308   170.343    -5.05    6.85
 -18590.046   170.453     0.38    8.70
 -18304.761   171.464     3.54   10.64
 -18019.455   174.544    10.80   12.94
 -17734.127   177.718    11.12   14.46
 -17448.776   181.171    12.10   14.03
 -17163.404   182.804     5.72   12.64
 -16878.009   182.482    -1.13   11.50
 -16592.592   181.381    -3.86   11.36
 -16307.154   177.762   -12.68   11.39
 -16021.693   172.952   -16.85   11.17
 -15736.209   167.358   -19.59   11.07
 -15450.704   161.565   -20.29   10.94
 -15165.177   156.112   -19.10   10.13
 -14879.627   152.375   -13.09    8.18
 -14594.056   150.635    -6.09    6.69
 -14308.462   151.618     3.44    8.05
 -14022.846   154.752    10.97   11.18
 -13737.208   160.468    20.01   14.18
 -13451.547   167.859    25.87   15.47
 -13165.865   175.966    28.38   15.90
 -12880.160   183.869    27.66   16.53
 -12594.433   191.741    27.55   17.45
 -12308.684   198.793    24.68   17.68
 -12022.913   205.074    21.98   17.65
 -11737.119   210.235    18.06   17.84
 -11451.304   215.598    18.76   18.27
 -11165.466   220.071    15.65   18.30
 -10879.606   223.266    11.18   18.66
 -10593.724   225.204     6.78   18.87
 -10307.819   226.204     3.50   19.47
 -10021.892   227.937     6.06   19.12
  -9735.943   231.402    12.12   17.02
  -9449.972   233.915     8.79   13.92
  -9163.978   236.343     8.49    9.46
  -8877.963   237.399     3.69    7.99
  -8591.924   237.736     1.18    8.36
  -8305.864   237.159    -2.02    9.26
  -8019.782   236.537    -2.17    8.91
  -7733.677   232.471   -14.21   12.73
  -7447.550   226.837   -19.69   18.07
  -7161.400   219.026   -27.30   23.16
  -6875.228   208.382   -37.20   27.10
  -6589.034   194.123   -49.82   30.49
  -6302.818   182.148   -41.84   28.88
  -6016.579   171.442   -37.40   25.98
  -5730.318   161.693   -34.06   24.84
  -5444.035   155.079   -23.10   25.44
  -5157.729   149.980   -17.81   26.57
  -4871.401   144.989   -17.43   27.98
  -4585.051   135.500   -33.14   31.04
  -4298.678   126.568   -31.19   34.19
  -4012.283   118.665   -27.60   36.52
  -3725.866   107.848   -37.77   43.59
  -3439.426    90.966   -58.94   51.63
  -3152.964    68.087   -79.87   55.12
  -2866.480    47.444   -72.06   52.67
  -2579.973    29.272   -63.42   45.82
  -2293.444    14.620   -51.14   32.85
  -2006.892     3.772   -37.86   15.55
  -1720.318    -0.163   -13.73    0.00
  -1433.722    -0.163     0.00    0.00
  -1147.103    -0.163     0.00    0.00
   -860.462    -0.163     0.00    0.00
   -573.798    -0.163     0.00    0.00
   -287.112    -0.163     0.00    0.00
     -0.403    -0.163     0.00    0.00
    286.328    -0.163     0.00    0.00
    573.081    -0.163     0.00    0.00
    859.857    -0.163     0.00    0.00
   1146.655    -0.163     0.00    0.00
   1433.476    -0.163     0.00    0.00
   1720.319    -0.142     0.07    0.21
   2007.185     1.142     4.47    4.34
   2294.073     3.654     8.76    7.98
   2580.983     7.106    12.03   11.13
   2867.916    12.719    19.56   15.16
   3154.872    18.446    19.96   17.16
   3441.850    25.396    24.22   18.06
   3728.851    31.980    22.94   17.13
   4015.874    36.178    14.63   16.85
   4302.919    39.748    12.44   16.30
   4589.987    43.682    13.70   14.44
   4877.078    46.266     9.00   12.51
   5164.191    47.548     4.47   10.68
   5451.327    47.404    -0.50   10.68
   5738.485    46.348    -3.68   12.85
   6025.666    46.098    -0.87   15.26
   6312.869    45.082    -3.54   16.74
   6600.095    44.233    -2.96   17.43
   6887.344    43.571    -2.31   17.50
   7174.615    42.871    -2.44   17.24
   7461.908    42.304    -1.97   16.64
   7749.224    42.671     1.28   15.71
   8036.563    42.582    -0.31   14.86
   8323.925    43.337     2.63   13.42
   8611.308    43.937     2.09   12.47
   8898.715    43.770    -0.58   12.59
   9186.144    43.772     0.01   12.15
   9473.596    45.015     4.32   10.10
   9761.070    45.112     0.34    8.93
  10048.567    45.815     2.45    6.81
  10336.087    45.182    -2.20    6.84
  10623.629    44.211    -3.38    8.62
  10911.194    42.315    -6.59   10.46
  11198.782    39.215   -10.78   12.46
  11486.392    36.398    -9.80   14.85
  11774.025    32.617   -13.14   16.32
  12061.680    29.228   -11.78   17.25
  12349.358    26.386    -9.88   17.10
  12637.059    23.609    -9.65   17.26
  12924.783    20.654   -10.27   17.12
  13212.529    17.343   -11.51   16.11
  13500.298    14.203   -10.91   14.60
  13788.090    12.305    -6.60   13.49
  14075.904    10.421    -6.55   11.83
  14363.741     8.295    -7.39    8.81
  14651.601     6.522    -6.16    4.57
  14939.483     5.761    -2.64    1.57
  15227.388     5.794     0.11    1.50
  15515.316     5.964     0.59    1.49
  15803.267     6.121     0.55    1.56
  16091.240     6.020    -0.35    1.51
  16379.237     6.052     0.11    1.52
  16667.255     6.392     1.18    1.65
  16955.297     6.606     0.74    1.77
  17243.362     6.848     0.84    1.80
  17531.449     7.114     0.92    1.74
  17819.559     7.233     0.41    1.78
  18107.692     7.189    -0.15    1.95
  18395.847     6.933    -0.89    2.03
  18684.025     6.493    -1.53    2.07
  18972.227     6.132    -1.25    1.99
  19260.451     5.826    -1.06    1.76
  19548.697     5.472    -1.23    1.51
  19836.967     5.181    -1.01    1.46
  20125.259     5.153    -0.10    1.41
  20413.574     5.037    -0.40    1.39
  20701.913     4.955    -0.28    1.45
  20990.273     4.728    -0.79    1.55
  21278.657     4.489    -0.83    1.46
  21567.064     4.279    -0.73    1.61
  21855.493     3.921    -1.24    2.00
  22143.945     3.381    -1.87    2.26
  22432.421     2.988    -1.36    2.41
  22720.919     2.730    -0.89    2.44
  23009.440     2.196    -1.85    2.54
  23297.983     1.486    -2.46    2.32
  23586.550     0.977    -1.76    1.95
  23875.140     0.665    -1.08    1.63
  24163.752     0.429    -0.82    1.45
  24452.388     0.011    -1.45    0.78
  24741.046    -0.163    -0.60    0.00
  25029.727    -0.163     0.00    0.00
  25318.431    -0.163     0.00    0.00
  25607.158    -0.163     0.00    0.00
  25895.909    -0.163     0.00    0.00
  26184.682    -0.163     0.00    0.00
  26473.477    -0.163     0.00    0.00
  26762.296    -0.163     0.00    0.00
  27051.138    -0.163     0.00    0.00
  27340.003    -0.163     0.00    0.00
  27628.891    -0.163     0.00    0.00
  27917.801    -0.163     0.00    0.00
  28206.735    -0.163     0.00    0.00
  28495.692    -0.163     0.00    0.00
  28784.672    -0.163     0.00    0.00
  29073.674    -0.163     0.00    0.00
  29362.700    -0.163     0.00    0.00
  29651.749    -0.163     0.00    0.00
  29940.821    -0.163     0.00    0.00
  30229.915    -0.163     0.00    0.00
  30519.033    -0.163     0.00    0.00
  30808.174    -0.163     0.00    0.00
  31097.338    -0.163     0.00    0.00
  31386.525    -0.163     0.00    0.00
  31675.735    -0.163     0.00    0.00
  31964.968    -0.163     0.00    0.00
  32254.224    -0.163     0.00    0.00
  32543.503    -0.163     0.00    0.00
  32832.805    -0.163     0.00    0.00
  33122.131    -0.163     0.00    0.00
  33411.479    -0.163     0.00    0.00
  33700.851    -0.163     0.00    0.00
  33990.245    -0.163     0.00    0.00
  34279.663    -0.163     0.00    0.00
  34569.104    -0.163     0.00    0.00
  34858.568    -0.163     0.00    0.00
  35148.055    -0.163     0.00    0.00
  35437.565    -0.163     0.00    0.00
  35727.098    -0.163     0.00    0.00
  36016.655    -0.163     0.00    0.00
  36306.234    -0.163     0.00    0.00
  36595.837    -0.163     0.00    0.00
  36885.463    -0.163     0.00    0.00
  37175.112    -0.163     0.00    0.00
  37460.393    -0.163     0.00    0.00
  37745.206    -0.163     0.00    0.00
  38030.040    -0.163     0.00    0.00
  38314.897    -0.163     0.00    0.00
  38599.775    -0.163     0.00    0.00
  38884.676    -0.163     0.00    0.00
  39169.598    -0.078     0.30    0.60
  39454.543     0.401     1.68    1.60
  39739.510     1.025     2.19    2.15
  40024.498     1.699     2.37    2.55
  40309.509     2.185     1.71    2.66
  40594.542     2.457     0.95    2.65
  40879.597     3.018     1.97    2.76
  41164.674     3.868     2.98    2.89
  41449.773     4.454     2.05    2.95
  41734.895     4.966     1.80    3.04
  42020.038     5.224     0.91    3.02
  42305.203     6.321     3.85    4.77
  42590.391     8.806     8.71    8.71
  42875.601    11.620     9.87   11.64
  43160.832    14.913    11.55   13.91
  43446.086    18.233    11.64   15.18
  43731.363    22.085    13.50   15.49
  44016.661    25.562    12.19   15.20
  44301.981    28.816    11.40   13.78
  44587.324    32.015    11.21   11.62
  44872.688    34.259     7.87    8.95
  45158.075    36.152     6.63    4.95
  45443.484    36.978     2.89    1.58
  45728.915    37.000     0.08    1.82
  46014.369    36.927    -0.26    1.95
  46299.844    36.715    -0.74    2.19
  46585.342    36.233    -1.69    2.36
  46870.862    35.716    -1.81    2.50
  47156.404    35.120    -2.09    2.47
  47441.968    34.266    -2.99    2.52
  47727.555    33.381    -3.10    2.32
  48013.163    32.396    -3.45    2.41
  48298.794    31.542    -2.99    2.56
  48584.448    30.858    -2.39    2.94
  48870.123    30.332    -1.84    3.54
  49155.821    30.454     0.43    3.71
  49441.540    30.986     1.86    3.58
  49727.283    31.608     2.18    3.50
  50013.047    32.582     3.41    3.08
  50298.834    33.450     3.04    2.59
  50584.643    34.622     4.10    2.51
  50870.474    35.890     4.44    2.77
  51156.327    37.431     5.39    3.57
  51442.203    38.827     4.88    3.71
  51728.101    40.300     5.15    3.79
  52014.021    41.859     5.45    3.63
  52299.964    43.424     5.47    3.17
  52585.929    44.603     4.12    2.95
  52871.916    45.730     3.94    2.78
  53157.926    46.936     4.22    2.53
  53443.958    48.079     4.00    2.33
  53730.012    49.020     3.29    1.97
  54016.088    49.727     2.47    1.66
  54302.187    50.074     1.21    1.56
  54588.308    50.082     0.03    1.46
  54874.452    50.071    -0.04    1.54
  55160.618    49.631    -1.54    1.81
  55446.806    49.065    -1.98    2.24
  55733.017    48.272    -2.77    2.62
  56019.250    47.242    -3.60    2.93
  56305.505    46.015    -4.29    3.38
  56591.783    44.239    -6.20    3.71
  56878.083    42.420    -6.36    3.71
  57164.405    40.676    -6.09    3.86
  57450.750    38.682    -6.96    3.99
  57737.118    36.606    -7.25    4.05
  58023.507    34.343    -7.91    4.77
  58309.920    31.869    -8.64    5.21
  58596.354    29.074    -9.76    5.57
  58882.811    26.515    -8.93    4.91
  59169.290    24.762    -6.12    3.83
  59455.792    24.995     0.81    5.34
  59742.317    27.858     9.99   10.17
  60028.863    32.858    17.45   14.70
  60315.433    38.536    19.81   16.73
  60602.024    44.295    20.09   16.04
  60888.638    48.733    15.49   14.13
  61175.275    53.223    15.66   10.83
  61461.934    56.241    10.53    8.01
  61748.616    58.135     6.61    6.70
  62035.320    59.210     3.75    5.48
  62322.046    60.462     4.37    4.53
  62608.795    61.868     4.90    3.29
  62895.567    63.167     4.53    3.11
  63182.361    64.364     4.17    3.28
  63469.177    65.465     3.84    3.40
  63756.016    66.250     2.74    3.54
  64042.878    67.332     3.77    3.18
  64329.762    68.482     4.01    2.83
  64616.669    69.551     3.73    2.68
  64903.598    70.407     2.98    2.64
  65190.550    71.299     3.11    2.56
  65477.524    72.224     3.23    2.35
  65764.521    73.126     3.14    2.08
  66051.540    73.748     2.17    1.72
  66338.582    74.315     1.98    1.67
  66625.647    74.870     1.93    1.64
  66912.734    75.218     1.21    1.55
  67199.844    75.571     1.23    1.59
  67486.976    75.782     0.74    1.49
  67774.131    75.609    -0.60    1.74
  68061.308    75.250    -1.25    1.93
  68348.509    74.533    -2.50    2.62
  68635.731    73.893    -2.23    2.99
  68922.977    73.871    -0.08    3.08
  69210.245    74.024     0.53    3.18
  69497.535    74.882     2.99    3.11
  69784.849    75.461     2.02    3.19
  70072.185    76.694     4.29    2.53
  70359.543    77.497     2.79    2.27
  70646.924    77.902     1.41    2.11
  70934.328    78.192     1.01    2.00
  71221.755    78.627     1.51    2.21
  71509.204    78.826     0.70    2.22
  71796.676    79.106     0.97    2.24
  72084.170    79.275     0.59    2.16
  72371.688    79.290     0.05    2.16
  72659.228    79.461     0.59    1.94
  72946.790    79.386    -0.26    1.84
  73234.376    78.837    -1.91    1.83
  73521.984    78.307    -1.85    1.86
  73809.615    77.837    -1.63    1.88
  74097.268    77.310    -1.83    1.90
  74384.944    76.739    -1.98    1.67
  74672.643    76.206    -1.86    1.43
  74960.365    75.775    -1.50    1.38
  75248.110    75.386    -1.35    1.28
  75535.877    75.109    -0.96    1.23
  75823.667    74.965    -0.50    1.19
  76111.479    75.066     0.35    1.53
  76399.315    74.975    -0.32    1.67
  76687.173    74.858    -0.41    1.82
  76975.054    74.472    -1.34    2.11
  77262.958    74.016    -1.58    2.37
  77550.885    73.504    -1.78    2.34
  77838.834    72.773    -2.54    1.90
  78126.806    72.137    -2.21    1.48
  78414.801    71.882    -0.89    1.35
  78702.819    71.923     0.14    1.32
  78990.860    71.935     0.04    1.30
  79278.923    71.859    -0.26    1.30
  79567.010    72.082     0.77    1.36
  79855.119    72.259     0.62    1.38
  80143.251    72.257    -0.01    1.45
  80431.406    72.087    -0.59    1.47
  80719.584    71.968    -0.41    1.49
  81007.784    71.815    -0.53    1.52
  81296.008    71.565    -0.87    1.60
  81584.254    71.196    -1.28    1.65
  81872.523    70.461    -2.55    1.99
  82160.815    69.604    -2.97    2.53
  82449.130    68.826    -2.70    2.78
  82737.468    67.609    -4.22    3.03
  83025.829    66.239    -4.75    3.00
  83314.212    64.912    -4.60    2.38
  83602.619    63.859    -3.65    2.13
  83891.048    63.104    -2.62    1.98
  84179.501    62.446    -2.28    1.72
  84467.976    61.859    -2.04    1.47
  84756.474    61.518    -1.18    1.22
  85044.996    61.257    -0.91    1.08
  85333.540    61.132    -0.43    1.06
  85622.107    61.074    -0.20    1.10
  85910.697    60.966    -0.37    1.09
  86199.310    60.974     0.03    1.10
  86487.946    60.880    -0.33    1.09
  86776.605    60.795    -0.29    1.12
  87065.287    60.660    -0.47    1.11
  87353.992    60.511    -0.52    1.13
  87642.720    60.311    -0.69    1.04
  87931.470    60.290    -0.07    1.07
  88220.244    60.337     0.16    1.16
  88509.041    60.348     0.04    1.16
  88797.861    60.422     0.26    1.24
  89086.704    60.773     1.21    1.35
  89375.570    61.029     0.89    1.46
  89664.459    61.229     0.69    1.41
  89953.371    61.483     0.88    1.51
  90242.306    61.921     1.52    1.73
  90531.265    62.515     2.05    2.34
  90820.246    63.353     2.90    2.77
  91109.250    64.098     2.58    2.78
  91398.277    64.773     2.34    2.59
  91687.328    65.284     1.77    2.25
  91976.401    65.763     1.66    1.87
  92265.498    65.910     0.51    1.42
  92554.618    66.046     0.47    1.39
  92843.760    66.210     0.57    1.70
  93132.926    66.568     1.24    1.81
  93422.115    67.224     2.27    1.93
  93711.327    67.571     1.20    1.84
  94000.563    67.901     1.14    1.76
  94289.821    68.117     0.75    1.53
  94579.102    68.273     0.54    1.36
  94868.407    68.601     1.13    1.37
  95157.735    69.149     1.90    1.60
  95447.086    69.646     1.72    1.50
  95736.460    70.126     1.66    1.45
  96025.857    70.730     2.09    1.50
  96315.277    71.299     1.97    1.57
  96604.721    71.988     2.38    1.75
  96894.188    72.904     3.17    2.13
  97183.677    74.037     3.92    2.66
  97473.191    75.343     4.51    3.13
  97762.727    77.033     5.84    3.74
  98052.286    78.870     6.34    4.31
  98341.869    81.371     8.64    4.87
  98631.475    83.555     7.54    5.16
  98921.104    86.278     9.40    5.45
  99210.130    88.642     8.18    5.14
  99494.903    90.804     7.59    4.69
  99779.699    92.582     6.24    3.96
 100064.516    94.257     5.88    3.24
 100349.356    95.337     3.79    3.20
 100634.218    96.439     3.87    3.11
 100919.102    97.266     2.90    2.96
 101204.008    97.901     2.23    2.55
 101488.936    98.658     2.66    2.13
 101773.886    99.016     1.26    1.86
 102058.858    98.785    -0.81    2.35
 102343.853    97.974    -2.84    3.09
 102628.869    97.014    -3.37    3.62
 102913.908    95.983    -3.62    3.68
 103198.969    95.007    -3.42    3.55
 103484.052    94.295    -2.50    3.39
 103769.157    94.160    -0.47    3.70
 104054.284    94.462     1.06    4.46
 104339.433    95.139     2.37    4.98
 104624.605    96.627     5.22    5.08
 104909.798    97.934     4.58    5.08
 105195.014    99.153     4.27    5.18
 105480.252   100.163     3.54    4.79
 105765.512   100.998     2.93    4.57
 106050.795   101.282     0.99    4.00
 106336.099   101.076    -0.72    4.01
 106621.426   100.697    -1.33    4.04
 106906.775   100.500    -0.69    4.13
 107192.146    99.826    -2.36    4.31
 107477.540    99.282    -1.91    4.41
 107762.955    99.128    -0.54    4.57
 108048.393    98.892    -0.83    4.47
 108333.853    99.138     0.86    4.47
 108619.335    99.332     0.68    4.29
 108904.840   100.007     2.37    4.09
 109190.366   100.721     2.50    3.70
 109475.915   101.027     1.07    3.30
 109761.486   100.795    -0.81    2.99
 110047.080   100.316    -1.68    3.06
 110332.696    99.160    -4.05    3.58
 110618.334    97.507    -5.79    3.95
 110903.994    95.337    -7.60    4.53
 111189.676    92.606    -9.56    5.61
 111475.381    89.103   -12.26    7.14
 111761.108    85.035   -14.24    8.97
 112046.858    80.753   -14.99    9.76
 112332.630    76.146   -16.12    9.48
 112618.424    71.869   -14.97    8.86
 112904.240    68.117   -13.13    7.21
 113190.079    65.199   -10.21    5.73
 113475.940    63.138    -7.21    4.62
 113761.823    61.526    -5.64    3.50
 114047.729    60.364    -4.06    2.65
 114333.657    59.678    -2.40    2.01
 114619.607    59.152    -1.84    1.61
 114905.580    58.704    -1.57    1.25
 115191.575    58.185    -1.81    1.82
 115477.592    57.429    -2.64    2.61
 115763.632    56.396    -3.61    3.43
 116049.694    53.398   -10.48    8.12
 116335.779    49.515   -13.57   10.77
 116621.886    45.210   -15.05   11.81
 116908.015    40.988   -14.76   11.17
 117194.167    37.139   -13.45    9.25
 117480.341    34.568    -8.98    6.67
 117766.538    33.611    -3.34    4.31
 118052.757    35.400     6.25    5.80
 118338.998    38.129     9.54    7.79
 118625.262    41.497    11.77    9.38
 118911.548    45.585    14.28    9.60
 119197.857    49.348    13.14    9.17
 119484.188    52.590    11.32    7.96
 119770.541    55.595    10.50    6.35
 120056.917    57.986     8.35    4.85
 120343.316    59.353     4.77    5.15
 120629.737    60.848     5.22    5.35
 120916.180    62.348     5.24    4.94
 121202.646    63.676     4.64    4.65
 121489.134    65.135     5.09    4.12
 121775.645    66.284     4.01    3.59
 122062.179    67.074     2.76    3.37
 122348.734    67.760     2.40    2.87
 122635.313    68.304     1.90    2.45
 122921.914    68.644     1.19    2.08
 123208.537    68.731     0.30    1.82
 123495.183    68.261    -1.64    1.84
 123781.851    67.947    -1.10    1.96
 124068.542    67.522    -1.48    2.05
 124355.256    67.178    -1.20    2.29
 124641.992    66.579    -2.09    2.58
 124928.750    65.793    -2.74    2.66
 125215.531    64.913    -3.07    2.65
 125502.335    64.031    -3.08    2.78
 125789.161    63.375    -2.29    2.79
 126076.010    62.564    -2.83    2.83
 126362.882    62.090    -1.65    3.01
 126649.775    61.385    -2.46    3.10
 126936.692    60.400    -3.43    3.49
 127223.631    59.901    -1.74    3.64
 127510.593    59.353    -1.91    3.78
 127797.577    59.348    -0.02    3.21
 128084.584    59.389     0.15    3.05
 128371.614    59.504     0.40    2.73
 128658.666    59.944     1.53    2.27
 128945.741    59.879    -0.22    2.04
 129232.838    59.556    -1.13    2.09
 129519.958    59.139    -1.45    2.15
 129807.101    58.385    -2.63    2.37
 130094.267    57.416    -3.37    2.39
 130381.455    56.547    -3.03    2.41
 130668.665    55.783    -2.66    2.50
 130955.899    55.142    -2.23    3.11
 131243.155    54.288    -2.98    3.51
 131530.433    53.783    -1.76    3.33
 131817.735    53.728    -0.19    3.25
 132105.059    54.071     1.19    3.43
 132392.406    54.448     1.31    3.88
 132679.775    55.033     2.03    4.39
 132967.167    56.018     3.43    5.11
 133254.582    57.413     4.85    5.25
 133542.020    58.661     4.34    5.45
 133829.480    59.762     3.83    5.40
 134116.963    61.171     4.90    5.28
 134404.469    62.396     4.26    4.98
 134691.998    63.716     4.59    4.30
 134979.549    65.013     4.51    3.33
 135267.123    65.922     3.16    2.81
 135554.720    66.858     3.26    2.38
 135842.340    67.627     2.67    2.30
 136129.982    68.106     1.67    2.19
 136417.647    68.348     0.84    2.18
 136705.335    68.702     1.23    2.06
 136993.046    68.879     0.62    1.97
 137280.779    68.806    -0.25    1.74
 137568.535    68.574    -0.81    1.67
 137856.314    68.493    -0.28    1.72
 138144.116    68.373    -0.42    1.80
 138431.941    68.108    -0.92    1.88
 138719.789    67.627    -1.67    2.22
 139007.659    67.129    -1.73    2.47
 139295.552    66.577    -1.92    2.63
 139583.468    66.237    -1.18    2.70
 139871.407    65.585    -2.27    2.86
 140159.369    64.671    -3.17    2.86
 140447.353    63.900    -2.68    2.77
 140735.361    63.535    -1.27    2.70
 141023.391    63.052    -1.68    2.62
 141311.444    62.342    -2.46    2.40
 141599.520    61.837    -1.75    2.17
 141887.619    61.421    -1.44    2.16
 142175.741    60.812    -2.11    2.06
 142463.886    60.152    -2.29    2.10
 142752.053    59.266    -3.08    2.31
 143040.244    58.347    -3.19    2.63
