#   37.992  -0.214   1.659 ;Mean Elev.(m), Avg Gradient(m/km), RMS Gradient(m/km) - SRTM1     
#   36.547  -0.221   3.288 ;Mean Elev.(m), Avg Gradient(m/km), RMS Gradient(m/km) - ASTER GDEM
#   24.889  -0.408   1.803 ;Mean Elev.(m), Avg Gradient(m/km), RMS Gradient(m/km) - GMTED2010 
   2  49.187796  53.230218    27.462    27.137  7 54672.20513049 30.113
   3  49.184264  53.230065    24.605    24.588  7 54682.12077373 23.206
   4  49.185646  53.230814    28.796    28.798  8 54692.03641630 45.838
   5  49.188230  53.229489    27.019    26.784  7 54701.95205620 33.632
   6  49.190885  53.228889    27.906    28.082  7 54711.86770402 28.583
   7  49.191883  53.229399    28.236    28.358  7 54721.78335515 33.444
   8  49.189888  53.229912    27.630    27.598  7 54731.69900357 24.944
   9  49.185451  53.229936    28.522    28.535  7 54741.61465020 37.855
  10  49.184155  53.230604    34.745    35.479  8 54751.53029720 21.225
  11  49.184857  53.230817    40.012    38.629  7 54761.44594414 23.098
  12  49.187123  53.230236    33.572    28.157  7 54771.36158868 23.902
  13  49.188727  53.229298    30.353    29.747  8 54781.27722992 23.318
  14  49.190234  53.229101    30.691    28.180  8 54791.19286859 27.017
  15  49.190119  53.229228    28.557    28.448  7 54801.10850590 23.397
  16  49.189789  53.228951    28.586    28.617  8 54811.02414306 29.764
  17  49.191016  53.229446    28.848    28.818  7 54820.93978347 49.970
  18  49.189208  53.229319    29.158    29.129  7 54830.85543533 43.159
  19  49.186455  53.229701    28.739    28.740  8 54840.77107377 36.688
  20  49.183410  53.231423    35.861    36.242  7 54850.68672276 29.534
  21  49.178948  53.231917    37.879    38.923  7 54860.60237111 28.344
  22  49.177047  53.232222    40.960    39.910  7 54870.51801980 24.712
  23  49.179257  53.231787    42.381    42.611  7 54880.43366744 23.249
  24  49.183219  53.230368    43.543    44.637  7 54890.34931183 22.120
  25  49.186827  53.230329    44.742    44.686  7 54900.26495329 21.293
  26  49.185981  53.230677    43.350    43.919  8 54910.18059220 17.488
  27  49.183403  53.230840    28.687    28.655  7 54920.09622957 35.462
  28  49.183528  53.230449    28.611    28.576  8 54930.01186663 30.056
  29  49.189096  53.230135    28.394    28.526  7 54939.92750309 32.816
  30  49.193492  53.227802    30.735    30.730  7 54949.84313749 48.945
  31  49.198139  53.228435    39.411    40.837  7 54959.75877661 29.264
  32  49.194298  53.228430    29.296    29.307  7 54969.67442480 25.768
  33  49.187152  53.226874    29.569    29.529  5 54979.59007140 56.847
  34  49.188459  53.230346    28.458    28.399  7 54989.50571947 21.899
  35  49.187251  53.230202    28.328    28.311  8 54999.42136677 24.584
  36  49.186471  53.229947    28.464    28.380  8 55009.33701226 25.412
  37  49.186246  53.230098    28.888    27.990  7 55019.25265607 26.431
  38  49.184994  53.231043    44.354    46.475  8 55029.16829850 34.296
  39  49.182435  53.231088    27.887    27.800  7 55039.08394001 31.000
  40  49.182705  53.230621    28.531    28.436  7 55048.99958037 23.216
  41  49.187484  53.229881    28.306    28.295  8 55058.91521902 33.433
  42  49.192745  53.228813    28.613    28.606  7 55068.83085841 39.009
  43  49.194499  53.229316    38.998    38.119  7 55078.74650841 29.515
  44  49.190850  53.229534    28.458    28.449  7 55088.66215583 25.636
  45  49.186389  53.230640    28.291    28.249  7 55098.57780203 22.749
  46  49.183427  53.230983    30.172    28.167  7 55108.49344778 27.312
  47  49.185294  53.230825    35.076    36.098  8 55118.40909288 23.381
  48  49.188658  53.229479    28.761    28.696  7 55128.32473552 47.876
  49  49.191781  53.229101    28.490    28.451  8 55138.24037611 35.189
  50  49.191406  53.229163    32.421    33.584  8 55148.15601474 24.793
  51  49.189071  53.229444    30.474    28.393  8 55158.07165254 31.993
  52  49.187439  53.229258    32.740    34.759  7 55167.98729008 23.962
  53  49.189091  53.229269    28.433    28.464  8 55177.90292726 48.345
  54  49.190713  53.229420    32.497    34.231  7 55187.81857180 30.664
  55  49.187924  53.229521    37.603    38.382  7 55197.73422232 24.419
  56  49.184522  53.230733    39.414    38.511  7 55207.64987204 19.640
  57  49.181640  53.231918    39.794    40.208  8 55217.56552133 19.119
  58  49.180454  53.232093    40.943    41.124  7 55227.48116997 18.003
  59  49.182390  53.231362    40.683    41.493  8 55237.39681593 17.949
  60  49.186902  53.230667    40.674    42.032  7 55247.31245860 16.751
  61  49.187705  53.229093    40.595    40.899  7 55257.22809817 16.490
  62  49.188258  53.230222    34.628    35.159  7 55267.14373708 17.158
  63  49.184868  53.229848    41.631    41.346  7 55277.05937472 14.071
  64  49.185441  53.229790    28.745    28.738  7 55286.97501162 32.972
  65  49.189319  53.228577    28.808    28.882  7 55296.89064635 28.972
  66  49.194242  53.228348    28.974    28.998  7 55306.80628751 49.002
  67  49.194517  53.228305    30.278    30.303  7 55316.72193409 39.701
  68  49.191944  53.228761    30.205    30.247  8 55326.63757938 31.853
  69  49.188951  53.229917    28.765    28.619  7 55336.55322384 27.631
  70  49.185707  53.229877    29.617    29.616  8 55346.46886763 46.555
  71  49.185887  53.230291    28.351    28.282  7 55356.38451048 22.167
  72  49.186044  53.229802    28.617    28.191  8 55366.30015110 30.846
  73  49.187592  53.230053    28.553    28.592  7 55376.21579042 37.818
  74  49.187750  53.229754    28.223    28.281  7 55386.13142847 40.459
  75  49.188249  53.229554    28.221    28.269  8 55396.04706561 27.041
  76  49.189930  53.229516    28.104    28.146  7 55405.96270664 29.467
  77  49.189242  53.228992    28.185    28.191  7 55415.87835763 29.674
  78  49.190628  53.228834    28.369    28.446  7 55425.79400565 29.862
  79  49.190828  53.228449    28.048    28.029  7 55435.70965096 35.324
  80  49.189604  53.229105    28.237    28.225  8 55445.62529512 22.215
  81  49.186809  53.229557    28.334    28.330  7 55455.54093843 32.499
  82  49.186002  53.230136    28.016    28.039  7 55465.45658124 28.789
  83  49.187934  53.229361    28.711    28.687  8 55475.37222114 49.322
  84  49.192380  53.228591    30.312    28.158  7 55485.28785814 24.633
  85  49.196124  53.228323    30.527    28.162  6 55495.20349296 28.623
  86  49.196295  53.228229    31.958    32.500  6 55505.11912661 24.875
  87  49.190306  53.228503    28.474    28.492  7 55515.03477649 30.057
  88  49.187339  53.229621    36.255    36.511  8 55524.95042588 23.069
  89  49.186481  53.230569    31.712    28.638  8 55534.86607352 35.087
  90  49.185180  53.230156    41.377    43.046  7 55544.78171897 33.553
  91  49.184654  53.230649    28.481    28.483  7 55554.69736285 40.526
  92  49.183685  53.231120    35.562    35.842  8 55564.61300582 28.227
  93  49.183208  53.230264    36.133    37.337  7 55574.52864808 23.309
  94  49.186060  53.229803    39.250    38.903  8 55584.44428921 19.428
  95  49.190423  53.229257    41.436    41.613  7 55594.35992704 17.583
  96  49.194326  53.228811    38.252    37.945  7 55604.27556148 16.253
  97  49.196291  53.228292    40.554    40.552  6 55614.19119350 14.372
  98  49.196575  53.228756    39.827    39.812  7 55624.10683173 14.873
  99  49.191789  53.228496    38.286    38.438  7 55634.02248363 15.336
 100  49.191509  53.229530    28.599    28.583  7 55643.93813390 17.021
 101  49.190730  53.228791    28.783    28.794  7 55653.85378101 20.592
 102  49.192780  53.229274    28.981    28.971  7 55663.76942417 34.335
 103  49.191308  53.228433    28.978    28.988  7 55673.68506395 46.867
 104  49.189743  53.228344    30.508    30.521  7 55683.60070246 52.060
 105  49.189683  53.228770    29.325    29.347  7 55693.51633992 26.801
 106  49.190227  53.228325    29.043    28.965  7 55703.43197583 26.903
 107  49.191098  53.229293    28.706    28.404  8 55713.34762097 23.272
 108  49.188012  53.229225    28.140    28.179  7 55723.26326999 28.978
 109  49.186190  53.230201    39.651    40.504  7 55733.17891723 22.156
 110  49.184972  53.230704    28.431    28.432  7 55743.09456308 25.466
 111  49.184800  53.230220    28.453    28.359  8 55753.01020746 26.060
 112  49.187782  53.229470    28.111    28.081  7 55762.92584978 24.028
 113  49.192411  53.229465    28.319    28.272  7 55772.84148959 41.625
 114  49.194752  53.228848    30.943    28.537  7 55782.75712567 43.841
 115  49.196040  53.229176    28.149    28.141  7 55792.67275941 30.950
 116  49.196328  53.229123    31.953    33.260  7 55802.58839396 37.158
 117  49.193279  53.229131    28.280    28.262  7 55812.50404388 23.526
 118  49.193077  53.228943    28.366    28.334  7 55822.41969235 23.814
 119  49.195738  53.229276    28.269    28.229  7 55832.33533635 24.990
 120  49.196687  53.228656    36.799    38.709  7 55842.25097554 24.315
 121  49.195801  53.228237    30.907    28.180  6 55852.16661140 34.649
 122  49.193524  53.227669    28.202    28.240  7 55862.08224499 22.472
 123  49.189889  53.229550    28.095    28.102  8 55871.99789936 23.626
 124  49.187605  53.228975    28.109    28.089  7 55881.91354863 24.582
 125  49.189609  53.229760    28.880    28.901  8 55891.82919199 39.959
 126  49.190790  53.229517    31.204    28.988  7 55901.74482943 40.345
 127  49.189728  53.228332    28.746    28.718  7 55911.66046337 28.317
 128  49.187009  53.230717    33.128    35.273  7 55921.57611816 24.444
 129  49.186176  53.231043    28.224    28.266  7 55931.49177018 22.152
 130  49.187651  53.229710    30.797    28.752  8 55941.40741808 20.615
 131  49.191036  53.229176    39.838    40.670  7 55951.32306178 16.524
 132  49.190726  53.228239    40.770    40.707  7 55961.23870122 16.089
 133  49.189460  53.228657    39.204    38.773  7 55971.15433841 16.739
 134  49.189267  53.229184    41.058    41.404  8 55981.06997441 15.024
 135  49.193263  53.229473    41.203    42.583  7 55990.98560952 17.346
 136  49.194151  53.228434    42.140    42.200  7 56000.90125466 15.700
 137  49.194245  53.228200    38.157    41.276  7 56010.81690477 16.822
 138  49.193518  53.229015    28.594    28.547  7 56020.73255118 22.788
 139  49.188953  53.228872    28.928    28.889  7 56030.64819426 43.644
 140  49.187383  53.230704    28.531    28.534  7 56040.56383606 43.208
 141  49.185960  53.230119    30.519    30.498  7 56050.47947532 35.281
 142  49.188843  53.230104    29.988    29.976  7 56060.39511241 41.485
 143  49.193018  53.229639    30.343    30.336  7 56070.31074946 45.431
 144  49.190068  53.229530    29.368    28.993  7 56080.22640005 28.344
 145  49.186546  53.229986    39.332    39.071  8 56090.14204787 28.801
 146  49.184339  53.230545    28.915    28.938  8 56100.05769330 27.708
 147  49.185770  53.230654    29.306    28.541  8 56109.97332487 26.107
 148  49.189385  53.229045    27.927    27.934  8 56119.88896486 28.423
 149  49.196293  53.228761    28.117    28.066  7 56129.80460174 26.672
 150  49.198313  53.227482    28.246    28.254  6 56139.72023498 33.447
 151  49.194652  53.229514    27.972    28.017  7 56149.63588513 24.110
 152  49.188762  53.229622    28.199    28.192  8 56159.55153387 42.804
 153  49.187293  53.229701    28.156    28.241  7 56169.46718168 26.129
 154  49.190258  53.229491    28.219    28.264  7 56179.38282642 23.914
 155  49.193481  53.228903    29.388    29.940  7 56189.29846687 25.886
 156  49.194046  53.228348    27.835    27.786  7 56199.21410384 33.619
 157  49.192502  53.228375    41.567    39.779  7 56209.12973791 26.388
 158  49.190780  53.228263    28.585    28.458  7 56219.04537009 47.255
 159  49.189204  53.229507    46.561    46.650  7 56228.96101713 26.410
 160  49.187995  53.229547    28.178    28.190  7 56238.87667066 28.340
 161  49.188911  53.230267    28.341    28.398  7 56248.79232068 23.187
 162  49.188667  53.229951    28.817    28.765  8 56258.70796562 31.159
 163  49.187354  53.230163    28.465    28.506  7 56268.62360769 25.571
 164  49.186381  53.230134    28.545    28.532  8 56278.53924811 48.520
 165  49.186222  53.231054    28.713    28.713  7 56288.45489799 37.955
 166  49.186416  53.229360    28.290    28.319  7 56298.37054674 32.896
 167  49.190608  53.229777    37.095    37.738  7 56308.28619222 27.311
 168  49.190087  53.228545    39.205    39.554  7 56318.20183429 23.712
 169  49.188846  53.229699    45.591    45.781  7 56328.11747530 13.316
 170  49.187889  53.230570    45.103    45.028  7 56338.03311523 18.963
 171  49.188740  53.229922    44.353    44.365  7 56347.94875318 18.370
 172  49.192080  53.228111    41.842    42.061  7 56357.86438842 17.182
 173  49.193752  53.229028    29.025    29.082  7 56367.78003806 25.447
 175  49.186823  53.230045    29.357    29.429  7 56387.61133137 32.535
 176  49.184519  53.231477    37.003    36.652  7 56397.52697495 26.541
 177  49.183567  53.231262    30.790    30.743  8 56407.44261610 42.826
 178  49.186113  53.230458    30.870    30.842  8 56417.35825357 36.487
 179  49.190590  53.228972    29.818    29.779  8 56427.27388633 51.673
 180  49.189324  53.229729    29.545    29.582  7 56437.18953862 27.837
 181  49.186213  53.230457    35.783    37.393  7 56447.10518985 29.657
 182  49.183830  53.230939    29.004    28.950  7 56457.02083879 25.551
 183  49.183710  53.230683    29.911    29.013  8 56466.93648460 26.022
 184  49.186487  53.229974    28.448    28.351  8 56476.85212661 26.888
 185  49.190914  53.229209    29.916    28.594  8 56486.76776516 25.609
 186  49.192621  53.228232    28.126    28.141  7 56496.68340088 34.258
 187  49.194312  53.228888    28.044    28.070  7 56506.59903562 28.615
 188  49.192965  53.227742    30.216    28.284  7 56516.51467040 40.538
 189  49.191295  53.229215    28.532    28.601  7 56526.43032524 27.042
 190  49.190878  53.229235    36.589    36.245  7 56536.34597578 25.460
 192  49.188618  53.229083    27.827    27.792  7 56556.17726617 25.266
 193  49.186460  53.229787    28.263    28.319  7 56566.09290872 24.072
 194  49.185225  53.230631    28.310    28.320  7 56576.00854997 28.472
 195  49.186204  53.230385    28.090    28.178  8 56585.92418799 25.846
 196  49.188269  53.229136    28.358    28.370  7 56595.83982585 37.289
 197  49.187350  53.229505    28.894    28.905  8 56605.75547816 44.957
 198  49.186645  53.229768    28.165    28.177  7 56615.67112573 33.668
 199  49.186706  53.230147    30.691    28.185  7 56625.58676989 29.138
 200  49.186540  53.229568    47.038    47.031  7 56635.50241117 26.875
 201  49.189339  53.229355    29.166    29.128  7 56645.41805041 46.850
 202  49.189096  53.229710    28.953    29.001  7 56655.33370322 36.962
 203  49.189509  53.229682    28.729    28.711  8 56665.24935165 32.604
 204  49.187957  53.228970    31.028    29.434  7 56675.16499696 28.821
 205  49.187985  53.230252    33.098    32.304  8 56685.08064153 21.740
 206  49.186643  53.229837    37.242    37.031  8 56694.99628361 17.927
 207  49.188482  53.229313    35.436    36.749  8 56704.91192149 19.645
 208  49.192155  53.228316    38.298    39.172  7 56714.82755405 18.208
 209  49.189799  53.228978    34.930    35.827  8 56724.74320551 18.057
 210  49.185995  53.229809    29.121    29.112  7 56734.65885529 30.375
 211  49.182604  53.230748    29.185    29.186  8 56744.57450188 40.147
 212  49.182634  53.231321    39.678    40.462  7 56754.49014448 27.324
 213  49.185681  53.230790    31.024    28.175  7 56764.40578165 29.646
 214  49.188697  53.229719    30.225    30.196  7 56774.32141797 54.871
 215  49.185750  53.230571    30.203    30.247  7 56784.23707494 27.631
 216  49.182508  53.231328    30.575    31.230  7 56794.15272811 24.900
 217  49.180832  53.232059    29.291    29.364  7 56804.06837797 41.787
 218  49.182574  53.231579    32.626    33.118  7 56813.98402053 29.479
 219  49.185778  53.230537    28.269    28.266  7 56823.89965963 21.906
 220  49.190349  53.230075    37.339    36.523  7 56833.81529495 30.316
 221  49.193603  53.229261    44.360    44.313  7 56843.73092676 37.292
 222  49.191564  53.228550    30.825    28.671  7 56853.64656913 39.381
 223  49.188203  53.229361    28.274    28.285  7 56863.56222302 26.364
 224  49.187016  53.230509    28.318    28.309  7 56873.47787662 25.084
 225  49.186728  53.230968    44.335    46.163  7 56883.39352702 26.368
 226  49.185296  53.230269    28.273    28.306  7 56893.30917372 28.044
 227  49.184321  53.230864    27.746    27.747  8 56903.22481741 30.032
 228  49.181619  53.231454    28.657    28.363  8 56913.14045887 30.320
 229  49.181234  53.232009    26.064    26.435  7 56923.05609876 33.216
 230  49.182151  53.230872    28.266    28.287  7 56932.97173606 23.454
 231  49.187344  53.229939    28.719    28.699  8 56942.88736851 54.802
 232  49.189061  53.229375    28.354    28.367  8 56952.80301341 22.966
 233  49.187599  53.229999    28.490    28.399  8 56962.71866399 30.462
 234  49.184905  53.230218    28.803    28.815  8 56972.63430966 44.947
 235  49.184248  53.230027    30.923    28.620  7 56982.54995131 36.872
 236  49.187692  53.229471    28.785    28.775  8 56992.46558873 50.409
 237  49.195191  53.229445    28.564    28.556  7 57002.38122407 48.831
 238  49.191574  53.228121    28.741    28.687  7 57012.29688080 33.316
 239  49.191099  53.229786    31.243    32.917  7 57022.21253254 20.744
 240  49.186713  53.229837    34.766    35.315  8 57032.12818073 17.382
 241  49.185176  53.230527    32.462    33.623  8 57042.04382710 16.123
 242  49.185119  53.230065    37.339    37.399  7 57051.95947125 16.630
 243  49.189241  53.230069    39.469    38.480  7 57061.87511158 17.106
 244  49.191111  53.228612    34.392    34.598  7 57071.79074610 17.256
 245  49.193366  53.229081    35.420    35.318  7 57081.70637693 17.041
 246  49.188405  53.229127    28.687    28.698  7 57091.62202077 21.282
 247  49.182412  53.230520    28.735    28.717  7 57101.53767801 29.853
 248  49.181238  53.231186    28.636    28.601  8 57111.45333222 29.846
 249  49.183669  53.230564    28.512    28.615  7 57121.36898075 29.307
 250  49.186909  53.230330    28.865    28.854  8 57131.28462370 51.894
 251  49.187304  53.229567    28.955    28.921  7 57141.20026109 52.664
 252  49.187959  53.230016    29.284    29.220  7 57151.11589530 30.244
 253  49.189811  53.229283    29.286    29.321  7 57161.03152611 27.669
 254  49.189421  53.229696    31.368    29.036  7 57170.94718107 25.257
 255  49.189694  53.228900    27.123    27.128  7 57180.86283575 31.909
 256  49.189925  53.228458    28.568    28.578  7 57190.77848658 34.602
 257  49.188137  53.228835    28.787    28.805  7 57200.69413424 35.247
 258  49.186545  53.230429    28.162    28.281  7 57210.60976859 27.682
 259  49.184995  53.230736    28.594    28.594  8 57220.52541259 25.869
 260  49.185496  53.230009    28.349    28.325  8 57230.44105545 30.944
 261  49.188136  53.229658    28.500    28.537  7 57240.35669623 24.666
 262  49.191021  53.229424    28.459    28.383  7 57250.27233422 40.155
 263  49.191767  53.229638    33.354    29.114  7 57260.18796980 38.490
 264  49.190373  53.229567    28.372    28.352  7 57270.10360375 25.176
 265  49.185815  53.230467    28.893    28.846  7 57280.01925651 49.851
 266  49.184575  53.231174    28.957    28.970  8 57289.93491188 52.889
 267  49.184252  53.230060    28.641    28.634  7 57299.85056411 32.885
 268  49.186144  53.229505    28.103    28.079  7 57309.76621306 30.640
 269  49.186902  53.230480    44.777    47.017  7 57319.68185881 24.765
 270  49.183808  53.230464    28.046    27.959  8 57329.59750128 27.993
 271  49.183572  53.231548    31.633    32.209  7 57339.51314207 27.311
 272  49.183309  53.231534    41.992    46.352  8 57349.42879180 28.259
 273  49.185388  53.229803    28.579    28.540  7 57359.34443758 31.426
 274  49.188859  53.228801    41.913    40.329  7 57369.26008037 29.384
 275  49.190308  53.229186    28.869    28.866  8 57379.17572047 51.160
 276  49.189181  53.229695    28.573    28.577  8 57389.09135883 38.964
 277  49.188650  53.229623    33.836    36.063  7 57399.00699617 26.982
 278  49.191429  53.229600    41.101    39.672  7 57408.92263347 20.697
 279  49.190617  53.229449    33.066    28.671  8 57418.83828611 24.867
 280  49.188994  53.229475    28.859    28.862  7 57428.75393618 22.042
 281  49.186300  53.230608    39.016    39.879  7 57438.66958403 16.091
 282  49.182343  53.231179    33.597    29.309  8 57448.58523051 22.125
 283  49.180592  53.231612    28.880    28.879  7 57458.50087599 26.146
 284  49.183280  53.231694    28.790    28.774  7 57468.41651893 32.244
 285  49.188116  53.230541    28.224    28.339  7 57478.33215780 36.579
 286  49.190857  53.228518    33.922    36.297  7 57488.24779312 28.791
 287  49.194975  53.229049    29.372    29.352  7 57498.16342680 32.122
 288  49.194112  53.229531    29.936    29.963  7 57508.07906711 30.069
 289  49.189344  53.230163    31.488    31.442  7 57517.99472266 55.942
 290  49.187121  53.229757    30.203    30.159  8 57527.91037538 26.696
 291  49.189713  53.230031    34.106    34.224  7 57537.82602585 31.160
 292  49.189656  53.228796    28.389    28.399  7 57547.74167327 27.679
 293  49.190292  53.229918    28.331    28.359  7 57557.65731985 23.605
 294  49.186647  53.229739    28.524    28.534  7 57567.57296489 24.209
 295  49.184916  53.230264    28.195    28.239  8 57577.48860957 31.797
 296  49.184925  53.230310    28.333    28.376  8 57587.40425307 29.974
 297  49.186323  53.230102    30.710    28.388  8 57597.31989421 39.285
