#  -15.472  -1.815   4.399 ;Mean Elev.(m), Avg Gradient(m/km), RMS Gradient(m/km) - SRTM1     
#  -14.224  -2.347   4.559 ;Mean Elev.(m), Avg Gradient(m/km), RMS Gradient(m/km) - ASTER GDEM
#  -14.910  -1.700   4.102 ;Mean Elev.(m), Avg Gradient(m/km), RMS Gradient(m/km) - GMTED2010 
   1   -16.040 54665.25496939 39.97  45.983518  48.275049  0.956 -100.00 -100.00 -100.00
   1   -16.172 54665.25496998 34.44  45.985785  48.277208   -100 -100.00 -100.00 -100.00
   1   -13.135 54665.25497057 27.47  45.988052  48.279367 13.070 -100.00 -100.00 -100.00
   2   -15.433 54675.17061419 38.77  45.981982  48.276590 23.802 -100.00 -100.00 -100.00
   2   -15.980 54675.17061478 44.86  45.984249  48.278749   -100 -100.00 -100.00 -100.00
   2   -15.876 54675.17061537 47.93  45.986517  48.280908   -100 -100.00 -100.00 -100.00
   2   -16.201 54675.17061596 46.93  45.988784  48.283067 18.624 -100.00 -100.00 -100.00
   3   -15.844 54685.08625755 40.75  45.980933  48.278393   -100 -100.00 -100.00 -100.00
   3   -15.871 54685.08625814 33.03  45.983200  48.280552   -100 -100.00 -100.00 -100.00
   3   -15.989 54685.08625873 31.81  45.985467  48.282711   -100 -100.00 -100.00 -100.00
   4   -15.418 54695.00189925 41.90  45.981664  48.278700 25.272 -100.00 -100.00 -100.00
   4   -15.705 54695.00189984 47.06  45.983931  48.280859   -100 -100.00 -100.00 -100.00
   4   -15.869 54695.00190043 52.27  45.986199  48.283018   -100 -100.00 -100.00 -100.00
   5   -14.914 54704.91753791 39.76  45.983183  48.275757 18.551 -100.00 -100.00 -100.00
   5   -15.664 54704.91753850 47.25  45.985450  48.277916   -100 -100.00 -100.00 -100.00
   5   -15.989 54704.91753909 57.11  45.987717  48.280075 15.395 -100.00 -100.00 -100.00
   6   -15.436 54714.83318922 40.72  45.984308  48.274741 26.832 -100.00 -100.00 -100.00
   6   -15.822 54714.83318981 46.35  45.986575  48.276900   -100 -100.00 -100.00 -100.00
   6   -16.117 54714.83319040 50.31  45.988842  48.279058 22.039 -100.00 -100.00 -100.00
   7   -15.757 54724.74883939 32.93  45.984758  48.274275   -100 -100.00 -100.00 -100.00
   7   -15.662 54724.74883998 28.00  45.987025  48.276433 31.360 -100.00 -100.00 -100.00
   7   -14.389 54724.74884057 28.34  45.989292  48.278592 27.835 -100.00 -100.00 -100.00
   8   -16.081 54734.66448795 37.40  45.983754  48.276368 29.249 -100.00 -100.00 -100.00
   8   -16.182 54734.66448854 32.71  45.986021  48.278527 16.696 -100.00 -100.00 -100.00
   8   -14.417 54734.66448913 30.70  45.988289  48.280685 10.227 -100.00 -100.00 -100.00
   9   -16.326 54744.58013569 35.49  45.981815  48.279939  2.275 -100.00 -100.00 -100.00
   9   -16.382 54744.58013628 30.90  45.984082  48.282097   -100 -100.00 -100.00 -100.00
   9   -16.485 54744.58013687 29.31  45.986350  48.284256 27.853 -100.00 -100.00 -100.00
  10   -16.262 54754.49578293 31.04  45.980749  48.282228   -100 -100.00 -100.00 -100.00
  10   -16.007 54754.49578352 25.76  45.983017  48.284387 19.134 -100.00 -100.00 -100.00
  10   -16.356 54754.49578411 26.41  45.985285  48.286545 22.280 -100.00 -100.00 -100.00
  11   -15.713 54764.41142858 32.36  45.980222  48.280431   -100 -100.00 -100.00 -100.00
  11   -16.285 54764.41142917 33.03  45.982490  48.282590   -100 -100.00 -100.00 -100.00
  11   -16.462 54764.41142976 26.76  45.984758  48.284749 22.197 -100.00 -100.00 -100.00
  12   -16.350 54774.32707148 34.10  45.982013  48.277567   -100 -100.00 -100.00 -100.00
  12   -16.011 54774.32707207 27.21  45.984281  48.279725 26.619 -100.00 -100.00 -100.00
  12   -14.626 54774.32707266 26.85  45.986549  48.281884 23.491 -100.00 -100.00 -100.00
  13   -16.362 54784.24271218 35.45  45.984982  48.276821   -100 -100.00 -100.00 -100.00
  13   -15.136 54784.24271277 27.74  45.987249  48.278980 19.264 -100.00 -100.00 -100.00
  13   -14.924 54784.24271336 30.29  45.989518  48.281139 26.116 -100.00 -100.00 -100.00
  14   -15.872 54794.15835071 45.13  45.985496  48.276705   -100 -100.00 -100.00 -100.00
  14   -15.897 54794.15835130 51.31  45.987764  48.278864   -100 -100.00 -100.00 -100.00
  14   -16.228 54794.15835189 53.18  45.990032  48.281023 24.605 -100.00 -100.00 -100.00
  15   -15.766 54804.07398773 33.91  45.983151  48.275488   -100 -100.00 -100.00 -100.00
  15   -15.798 54804.07398832 30.38  45.985419  48.277647   -100 -100.00 -100.00 -100.00
  15   -15.013 54804.07398891 26.90  45.987686  48.279806 25.430 -100.00 -100.00 -100.00
  16   -15.304 54813.98962483 26.64  45.983675  48.275823 25.746 -100.00 -100.00 -100.00
  16   -14.937 54813.98962542 23.74  45.985943  48.277982 13.736 -100.00 -100.00 -100.00
  16   -14.550 54813.98962601 26.42  45.988210  48.280141 20.477 -100.00 -100.00 -100.00
  17   -14.994 54823.90526946 28.10  45.984693  48.277057 19.140 -100.00 -100.00 -100.00
  17   -14.774 54823.90527005 26.48  45.986960  48.279216 13.667 -100.00 -100.00 -100.00
  17   -14.660 54823.90527064 26.88  45.989228  48.281375 13.182 -100.00 -100.00 -100.00
  18   -13.796 54833.82090897 39.68  45.982452  48.276270 27.691 -100.00 -100.00 -100.00
  18   -13.814 54833.82090956 40.80  45.984719  48.278429 26.819 -100.00 -100.00 -100.00
  18   -14.342 54833.82091015 46.95  45.986987  48.280588   -100 -100.00 -100.00 -100.00
  18   -14.520 54833.82091074 48.60  45.989255  48.282746   -100 -100.00 -100.00 -100.00
  19   -12.095 54843.73655910 38.17  45.981236  48.278149   -100 -100.00 -100.00 -100.00
  19   -11.869 54843.73655969 40.82  45.983504  48.280308   -100 -100.00 -100.00 -100.00
  19   -11.714 54843.73656028 37.90  45.985772  48.282467 30.767 -100.00 -100.00 -100.00
  20   -11.612 54853.65220845 30.94  45.979612  48.280706 15.170 -100.00 -100.00 -100.00
  20   -11.548 54853.65220904 32.21  45.981880  48.282865 17.649 -100.00 -100.00 -100.00
  20   -11.711 54853.65220963 32.14  45.984148  48.285024 17.712 -100.00 -100.00 -100.00
  21   -12.197 54863.56785762 32.53  45.977881  48.283066 19.140 -100.00 -100.00 -100.00
  21   -12.150 54863.56785821 32.57  45.980149  48.285225 19.434 -100.00 -100.00 -100.00
  21   -12.099 54863.56785880 33.16  45.982417  48.287384 21.143 -100.00 -100.00 -100.00
  22   -12.436 54873.48350648 36.12  45.977117  48.283900 27.730 -100.00 -100.00 -100.00
  22   -12.415 54873.48350707 38.13  45.979385  48.286059   -100 -100.00 -100.00 -100.00
  22   -12.491 54873.48350767 39.66  45.981653  48.288218   -100 -100.00 -100.00 -100.00
  23   -12.766 54883.39915274 33.97  45.977828  48.282480 29.336 -100.00 -100.00 -100.00
  23   -12.630 54883.39915333 32.74  45.980096  48.284639 25.094 -100.00 -100.00 -100.00
  23   -12.513 54883.39915392 32.98  45.982364  48.286799 22.480 -100.00 -100.00 -100.00
  24   -13.226 54893.31479550 34.75  45.979718  48.280087   -100 -100.00 -100.00 -100.00
  24   -13.079 54893.31479609 31.22  45.981986  48.282246 20.871 -100.00 -100.00 -100.00
  24   -12.935 54893.31479668 35.68  45.984255  48.284406   -100 -100.00 -100.00 -100.00
  25   -13.371 54903.23043552 36.77  45.980997  48.278532   -100 -100.00 -100.00 -100.00
  25   -13.497 54903.23043611 37.90  45.983266  48.280691   -100 -100.00 -100.00 -100.00
  25   -13.386 54903.23043670 40.72  45.985534  48.282850   -100 -100.00 -100.00 -100.00
  26   -15.839 54913.14607460 35.16  45.982331  48.279858   -100 -100.00 -100.00 -100.00
  26   -15.994 54913.14607519 31.02  45.984599  48.282017 31.928 -100.00 -100.00 -100.00
  26   -12.558 54913.14607578 27.96  45.986868  48.284176 19.823 -100.00 -100.00 -100.00
  27   -16.136 54923.06171258 43.41  45.982022  48.281122   -100 -100.00 -100.00 -100.00
  27   -16.084 54923.06171317 41.20  45.984290  48.283281   -100 -100.00 -100.00 -100.00
  27   -16.291 54923.06171377 46.19  45.986559  48.285440  3.698 -100.00 -100.00 -100.00
  28   -16.257 54932.97734923 39.50  45.981173  48.279761   -100 -100.00 -100.00 -100.00
  28   -16.224 54932.97734982 45.36  45.983441  48.281920   -100 -100.00 -100.00 -100.00
  28   -15.746 54932.97735041 45.33  45.985709  48.284079 28.169 -100.00 -100.00 -100.00
  29   -14.863 54942.89298382 43.77  45.982332  48.276135   -100 -100.00 -100.00 -100.00
  29   -15.265 54942.89298441 45.05  45.984600  48.278294   -100 -100.00 -100.00 -100.00
  29   -15.085 54942.89298500 40.21  45.986867  48.280453   -100 -100.00 -100.00 -100.00
  29   -15.208 54942.89298559 40.22  45.989135  48.282612   -100 -100.00 -100.00 -100.00
  30   -11.148 54952.80861725 37.56  45.987721  48.274293   -100 -100.00 -100.00 -100.00
  30   -10.883 54952.80861784 36.94  45.989988  48.276452 26.734 -100.00 -100.00 -100.00
  32   -12.173 54972.63990921 36.48  45.987492  48.274998   -100 -100.00 -100.00 -100.00
  32   -11.871 54972.63990980 36.53  45.989759  48.277157   -100 -100.00 -100.00 -100.00
  33   -12.126 54982.55555685 35.01  45.984232  48.275990 31.881 -100.00 -100.00 -100.00
  33   -12.225 54982.55555744 35.07  45.986500  48.278149 31.911 -100.00 -100.00 -100.00
  33   -11.880 54982.55555803 35.41  45.988767  48.280308 26.818 -100.00 -100.00 -100.00
  34   -14.790 54992.47120453 34.37  45.982790  48.277746 31.844 -100.00 -100.00 -100.00
  34   -12.373 54992.47120512 28.99  45.985057  48.279905 14.222 -100.00 -100.00 -100.00
  34   -12.487 54992.47120571 29.84  45.987325  48.282064 15.260 -100.00 -100.00 -100.00
  35   -15.926 55002.38685133 42.05  45.981938  48.278516   -100 -100.00 -100.00 -100.00
  35   -16.158 55002.38685192 40.27  45.984206  48.280675   -100 -100.00 -100.00 -100.00
  35   -16.012 55002.38685251 41.56  45.986473  48.282834   -100 -100.00 -100.00 -100.00
  36   -15.735 55012.30249651 43.94  45.982907  48.280166 31.533 -100.00 -100.00 -100.00
  36   -15.863 55012.30249710 49.48  45.985175  48.282325   -100 -100.00 -100.00 -100.00
  36   -16.054 55012.30249769 50.39  45.987443  48.284484   -100 -100.00 -100.00 -100.00
  37   -16.053 55022.21813962 33.79  45.982125  48.279482   -100 -100.00 -100.00 -100.00
  37   -13.311 55022.21814021 28.36  45.984393  48.281641 23.059 -100.00 -100.00 -100.00
  37   -13.341 55022.21814080 28.62  45.986661  48.283799 21.892 -100.00 -100.00 -100.00
  38   -16.181 55032.13378209 35.90  45.981986  48.280535 22.101 -100.00 -100.00 -100.00
  38   -16.116 55032.13378268 34.27  45.984253  48.282694 15.438 -100.00 -100.00 -100.00
  38   -16.065 55032.13378327 33.94  45.986521  48.284852 13.776 -100.00 -100.00 -100.00
  39   -15.263 55042.04942332 31.29  45.980316  48.279791   -100 -100.00 -100.00 -100.00
  39   -16.142 55042.04942391 32.39  45.982583  48.281950   -100 -100.00 -100.00 -100.00
  39   -15.877 55042.04942450 30.95  45.984851  48.284109 26.560 -100.00 -100.00 -100.00
  40   -15.410 55051.96506324 31.45  45.981658  48.279024 27.305 -100.00 -100.00 -100.00
  40   -15.313 55051.96506383 27.59  45.983925  48.281183 15.379 -100.00 -100.00 -100.00
  40   -13.825 55051.96506442 28.95  45.986193  48.283342 20.750 -100.00 -100.00 -100.00
  41   -15.311 55061.88070091 42.10  45.984294  48.277101 25.320 -100.00 -100.00 -100.00
  41   -15.781 55061.88070150 47.35  45.986561  48.279260   -100 -100.00 -100.00 -100.00
  41   -15.744 55061.88070209 52.13  45.988828  48.281418   -100 -100.00 -100.00 -100.00
  42   -15.918 55071.79634355 37.90  45.985022  48.274960 28.268 -100.00 -100.00 -100.00
  42   -16.007 55071.79634414 31.65  45.987289  48.277118 10.497 -100.00 -100.00 -100.00
  42   -13.907 55071.79634473 31.46  45.989556  48.279277  8.792 -100.00 -100.00 -100.00
  43   -15.847 55081.71199225 33.08  45.985102  48.275444   -100 -100.00 -100.00 -100.00
  43   -16.291 55081.71199285 31.12  45.987370  48.277603   -100 -100.00 -100.00 -100.00
  43   -13.968 55081.71199344 32.78  45.989637  48.279762   -100 -100.00 -100.00 -100.00
  44   -16.132 55091.62763971 34.62  45.984374  48.277592 19.250 -100.00 -100.00 -100.00
  44   -15.888 55091.62764030 31.20  45.986641  48.279750  9.891 -100.00 -100.00 -100.00
  44   -13.986 55091.62764089 30.55  45.988909  48.281909  7.732 -100.00 -100.00 -100.00
  45   -16.240 55101.54328654 29.66  45.982127  48.279200 12.585 -100.00 -100.00 -100.00
  45   -16.115 55101.54328713 29.36  45.984395  48.281359 12.400 -100.00 -100.00 -100.00
  45   -16.346 55101.54328772 29.05  45.986662  48.283517 11.762 -100.00 -100.00 -100.00
  46   -15.778 55111.45893340 27.79  45.982274  48.281752 25.793 -100.00 -100.00 -100.00
  46   -16.672 55111.45893399 28.54  45.984542  48.283911 29.626 -100.00 -100.00 -100.00
  47   -16.395 55121.37457723 30.40  45.981404  48.279550   -100 -100.00 -100.00 -100.00
  47   -16.297 55121.37457782 27.87  45.983671  48.281709 29.401 -100.00 -100.00 -100.00
  47   -14.243 55121.37457841 24.95  45.985939  48.283868 16.687 -100.00 -100.00 -100.00
  48   -14.466 55131.29021872 27.52  45.984076  48.278523 26.849 -100.00 -100.00 -100.00
  48   -14.471 55131.29021931 26.97  45.986344  48.280682 23.333 -100.00 -100.00 -100.00
  48   -14.326 55131.29021990 25.86  45.988612  48.282841 19.725 -100.00 -100.00 -100.00
  49   -15.211 55141.20585791 26.38  45.985335  48.277066 10.947 -100.00 -100.00 -100.00
  49   -14.906 55141.20585850 27.06  45.987603  48.279224 12.480 -100.00 -100.00 -100.00
  49   -14.471 55141.20585909 30.90  45.989871  48.281383 21.618 -100.00 -100.00 -100.00
  50   -16.013 55151.12149616 29.20  45.984547  48.276450   -100 -100.00 -100.00 -100.00
  50   -15.213 55151.12149675 27.15  45.986815  48.278609 25.155 -100.00 -100.00 -100.00
  50   -14.050 55151.12149734 28.35  45.989083  48.280768 22.301 -100.00 -100.00 -100.00
  51   -16.072 55161.03713445 32.54  45.983604  48.276462   -100 -100.00 -100.00 -100.00
  51   -15.713 55161.03713504 28.85  45.985872  48.278621 27.942 -100.00 -100.00 -100.00
  51   -14.310 55161.03713563 29.10  45.988139  48.280780 23.229 -100.00 -100.00 -100.00
  52   -16.034 55170.95277221 34.22  45.983004  48.275745   -100 -100.00 -100.00 -100.00
  52   -16.327 55170.95277280 32.45  45.985271  48.277905   -100 -100.00 -100.00 -100.00
  52   -14.670 55170.95277339 28.88  45.987538  48.280064 27.638 -100.00 -100.00 -100.00
  53   -15.652 55180.86840899 27.13  45.985429  48.276213 12.968 -100.00 -100.00 -100.00
  53   -15.567 55180.86840958 27.22  45.987696  48.278372 12.322 -100.00 -100.00 -100.00
  53   -15.454 55180.86841017 31.29  45.989964  48.280531 23.258 -100.00 -100.00 -100.00
  54   -15.360 55190.78405722 39.08  45.983210  48.276001   -100 -100.00 -100.00 -100.00
  54   -15.061 55190.78405781 39.39  45.985477  48.278160   -100 -100.00 -100.00 -100.00
  54   -15.082 55190.78405840 40.87  45.987745  48.280319   -100 -100.00 -100.00 -100.00
  55   -16.123 55200.69970799 38.21  45.982379  48.279257   -100 -100.00 -100.00 -100.00
  55   -16.258 55200.69970858 38.13  45.984647  48.281416   -100 -100.00 -100.00 -100.00
  55   -16.070 55200.69970917 42.35  45.986915  48.283575   -100 -100.00 -100.00 -100.00
  56   -14.657 55210.61535812 38.97  45.981465  48.281917   -100 -100.00 -100.00 -100.00
  56   -14.667 55210.61535871 43.10  45.983733  48.284076   -100 -100.00 -100.00 -100.00
  56   -14.019 55210.61535930 42.93  45.986001  48.286235 26.429 -100.00 -100.00 -100.00
  57   -13.171 55220.53100717 37.22  45.979166  48.281439 25.928 -100.00 -100.00 -100.00
  57   -13.028 55220.53100776 36.16  45.981434  48.283598 21.987 -100.00 -100.00 -100.00
  57   -13.113 55220.53100835 40.89  45.983702  48.285757   -100 -100.00 -100.00 -100.00
  58   -12.611 55230.44665554 24.12  45.979497  48.281343  4.043 -100.00 -100.00 -100.00
  58   -12.593 55230.44665613 24.54  45.981765  48.283502  4.730 -100.00 -100.00 -100.00
  58   -12.736 55230.44665672 25.01  45.984033  48.285661  4.831 -100.00 -100.00 -100.00
  59   -12.883 55240.36230095 22.09  45.982168  48.281731  3.488 -100.00 -100.00 -100.00
  59   -13.088 55240.36230154 22.24  45.984437  48.283891  3.768 -100.00 -100.00 -100.00
  60   -13.099 55250.27794197 39.55  45.981785  48.279481   -100 -100.00 -100.00 -100.00
  60   -13.069 55250.27794256 38.64  45.984053  48.281640 29.619 -100.00 -100.00 -100.00
  60   -13.170 55250.27794316 38.70  45.986321  48.283799 30.752 -100.00 -100.00 -100.00
  61   -13.455 55260.19358100 30.30  45.982209  48.279428 17.074 -100.00 -100.00 -100.00
  61   -13.451 55260.19358159 30.55  45.984477  48.281587 16.676 -100.00 -100.00 -100.00
  61   -13.479 55260.19358218 30.23  45.986745  48.283746 15.485 -100.00 -100.00 -100.00
  62   -13.730 55270.10921874 34.78  45.981205  48.278404 30.066 -100.00 -100.00 -100.00
  62   -13.742 55270.10921933 33.84  45.983473  48.280563 27.122 -100.00 -100.00 -100.00
  62   -13.777 55270.10921992 32.31  45.985741  48.282722 21.650 -100.00 -100.00 -100.00
  63   -14.016 55280.02485692 35.70  45.982949  48.279402   -100 -100.00 -100.00 -100.00
  63   -13.942 55280.02485751 37.51  45.985217  48.281561   -100 -100.00 -100.00 -100.00
  63   -14.004 55280.02485810 39.90  45.987485  48.283720   -100 -100.00 -100.00 -100.00
  64   -15.153 55289.94049313 33.45  45.983309  48.277215   -100 -100.00 -100.00 -100.00
  64   -15.207 55289.94049372 30.52  45.985577  48.279374 26.645 -100.00 -100.00 -100.00
  64   -13.402 55289.94049431 27.39  45.987845  48.281533 15.601 -100.00 -100.00 -100.00
  65   -15.884 55299.85612702 37.78  45.985073  48.274465   -100 -100.00 -100.00 -100.00
  65   -13.385 55299.85612761 32.31  45.987340  48.276624 26.805 -100.00 -100.00 -100.00
  65   -13.383 55299.85612820 30.73  45.989608  48.278783 18.563 -100.00 -100.00 -100.00
  66   -15.927 55309.77177201 48.15  45.986501  48.274741   -100 -100.00 -100.00 -100.00
  66   -16.184 55309.77177260 46.79  45.988769  48.276900   -100 -100.00 -100.00 -100.00
  66   -16.026 55309.77177319 47.10  45.991036  48.279058   -100 -100.00 -100.00 -100.00
  67   -11.965 55319.68741777 51.89  45.986142  48.275445 10.336 -100.00 -100.00 -100.00
  67   -11.838 55319.68741836 48.00  45.988410  48.277604   -100 -100.00 -100.00 -100.00
  67   -11.945 55319.68741895 48.28  45.990677  48.279763   -100 -100.00 -100.00 -100.00
  68   -10.560 55329.60306247 40.70  45.984025  48.275964 32.237 -100.00 -100.00 -100.00
  68   -10.635 55329.60306306 41.67  45.986292  48.278123   -100 -100.00 -100.00 -100.00
  68   -10.532 55329.60306365 41.12  45.988560  48.280282   -100 -100.00 -100.00 -100.00
  69   -11.804 55339.51870703 36.78  45.981997  48.276722   -100 -100.00 -100.00 -100.00
  69   -11.851 55339.51870762 33.20  45.984264  48.278881 25.309 -100.00 -100.00 -100.00
  69   -11.847 55339.51870821 33.56  45.986532  48.281040 26.814 -100.00 -100.00 -100.00
  69   -11.582 55339.51870880 33.91  45.988800  48.283199 23.613 -100.00 -100.00 -100.00
  70   -11.921 55349.43435149 31.31  45.981848  48.277599 19.310 -100.00 -100.00 -100.00
  70   -12.096 55349.43435208 33.46  45.984116  48.279758 28.548 -100.00 -100.00 -100.00
  70   -11.997 55349.43435267 32.88  45.986383  48.281917 22.751 -100.00 -100.00 -100.00
  71   -13.500 55359.34999420 32.76  45.983524  48.279012 28.072 -100.00 -100.00 -100.00
  71   -12.460 55359.34999479 29.54  45.985791  48.281171 18.111 -100.00 -100.00 -100.00
  71   -12.360 55359.34999538 29.21  45.988059  48.283330 12.384 -100.00 -100.00 -100.00
  72   -13.029 55369.26563427 27.38  45.983442  48.279022 16.535 -100.00 -100.00 -100.00
  72   -12.750 55369.26563486 27.36  45.985709  48.281181 17.381 -100.00 -100.00 -100.00
  72   -12.459 55369.26563545 27.28  45.987977  48.283340 13.467 -100.00 -100.00 -100.00
  73   -14.545 55379.18127225 27.30  45.981383  48.277202 18.772 -100.00 -100.00 -100.00
  73   -13.270 55379.18127284 27.22  45.983650  48.279361 16.260 -100.00 -100.00 -100.00
  73   -13.129 55379.18127343 28.16  45.985918  48.281520 21.826 -100.00 -100.00 -100.00
  73   -12.796 55379.18127402 26.05  45.988186  48.283679 10.658 -100.00 -100.00 -100.00
  74   -16.292 55389.09690994 42.37  45.981820  48.277242 27.515 -100.00 -100.00 -100.00
  74   -16.709 55389.09691053 42.68  45.984087  48.279401   -100 -100.00 -100.00 -100.00
  74   -16.557 55389.09691112 43.83  45.986355  48.281560   -100 -100.00 -100.00 -100.00
  75   -15.551 55399.01254645 32.55  45.983184  48.276025 21.412 -100.00 -100.00 -100.00
  75   -16.335 55399.01254704 34.67  45.985451  48.278184 28.614 -100.00 -100.00 -100.00
  75   -15.974 55399.01254763 37.65  45.987718  48.280343   -100 -100.00 -100.00 -100.00
  76   -16.532 55408.92819247 35.73  45.985794  48.276106   -100 -100.00 -100.00 -100.00
  76   -16.224 55408.92819306 38.35  45.988061  48.278265   -100 -100.00 -100.00 -100.00
  76   -13.624 55408.92819365 39.10  45.990329  48.280424 30.453 -100.00 -100.00 -100.00
  77   -16.244 55418.84384250 43.03  45.984460  48.274141   -100 -100.00 -100.00 -100.00
  77   -16.416 55418.84384309 43.02  45.986727  48.276300   -100 -100.00 -100.00 -100.00
  77   -16.556 55418.84384368 39.08  45.988994  48.278459 28.959 -100.00 -100.00 -100.00
  78   -15.450 55428.75948989 25.58  45.984809  48.275232 18.409 -100.00 -100.00 -100.00
  78   -15.216 55428.75949048 23.50  45.987077  48.277391 12.595 -100.00 -100.00 -100.00
  78   -13.542 55428.75949107 25.10  45.989344  48.279549 13.410 -100.00 -100.00 -100.00
  79   -15.416 55438.67513468 23.97  45.983299  48.276509 17.251 -100.00 -100.00 -100.00
  79   -14.992 55438.67513527 23.92  45.985566  48.278668 16.355 -100.00 -100.00 -100.00
  79   -13.922 55438.67513586 24.89  45.987834  48.280827 17.209 -100.00 -100.00 -100.00
  80   -14.556 55448.59077852 21.48  45.982783  48.278762 11.909 -100.00 -100.00 -100.00
  80   -14.129 55448.59077911 21.32  45.985050  48.280920 11.308 -100.00 -100.00 -100.00
  80   -14.110 55448.59077970 22.88  45.987318  48.283079 13.275 -100.00 -100.00 -100.00
  81   -15.259 55458.50642159 21.03  45.981747  48.278297 14.798 -100.00 -100.00 -100.00
  81   -15.656 55458.50642218 22.81  45.984015  48.280456 18.778 -100.00 -100.00 -100.00
  81   -14.602 55458.50642277 23.79  45.986283  48.282614 20.019 -100.00 -100.00 -100.00
  82   -15.550 55468.42206385 21.00  45.981842  48.276667 10.549 -100.00 -100.00 -100.00
  82   -15.330 55468.42206444 22.95  45.984109  48.278826 12.003 -100.00 -100.00 -100.00
  82   -14.103 55468.42206503 22.81  45.986377  48.280985 11.348 -100.00 -100.00 -100.00
  82   -14.551 55468.42206562 25.43  45.988645  48.283144 19.509 -100.00 -100.00 -100.00
  83   -15.571 55478.33770294 24.06  45.983535  48.274786 22.508 -100.00 -100.00 -100.00
  83   -15.485 55478.33770353 22.85  45.985803  48.276945 15.961 -100.00 -100.00 -100.00
  83   -14.629 55478.33770412 24.95  45.988070  48.279104 23.283 -100.00 -100.00 -100.00
  83   -14.115 55478.33770471 30.06  45.990338  48.281263   -100 -100.00 -100.00 -100.00
  84   -15.500 55488.25333908 21.98  45.985448  48.273601 11.236 -100.00 -100.00 -100.00
  84   -15.123 55488.25333967 24.36  45.987715  48.275760 16.500 -100.00 -100.00 -100.00
  84   -14.795 55488.25334026 25.91  45.989983  48.277919 20.398 -100.00 -100.00 -100.00
  85   -16.025 55498.16897272 21.39  45.985969  48.272625 14.826 -100.00 -100.00 -100.00
  85   -15.407 55498.16897331 24.78  45.988237  48.274784 22.695 -100.00 -100.00 -100.00
  85   -15.128 55498.16897390 24.01  45.990504  48.276943 17.232 -100.00 -100.00 -100.00
  86   -16.890 55508.08461123 39.28  45.985845  48.274158 27.706 -100.00 -100.00 -100.00
  86   -16.152 55508.08461182 41.29  45.988112  48.276317 20.149 -100.00 -100.00 -100.00
  86   -16.997 55508.08461241 53.30  45.990379  48.278476   -100 -100.00 -100.00 -100.00
  87   -15.479 55518.00026168 22.94  45.984330  48.276809 14.222 -100.00 -100.00 -100.00
  87   -14.370 55518.00026227 22.96  45.986598  48.278968 12.344 -100.00 -100.00 -100.00
  87   -14.335 55518.00026286 30.06  45.988866  48.281127 29.773 -100.00 -100.00 -100.00
  88   -15.553 55527.91591089 23.07  45.983079  48.277595 13.795 -100.00 -100.00 -100.00
  88   -14.259 55527.91591148 20.82  45.985346  48.279754  8.806 -100.00 -100.00 -100.00
  88   -14.201 55527.91591207 24.19  45.987614  48.281913 14.338 -100.00 -100.00 -100.00
  89   -15.715 55537.83155799 23.00  45.981761  48.277255 12.787 -100.00 -100.00 -100.00
  89   -15.606 55537.83155858 22.47  45.984028  48.279414 10.548 -100.00 -100.00 -100.00
  89   -14.816 55537.83155917 23.92  45.986296  48.281573 12.340 -100.00 -100.00 -100.00
  90   -15.961 55547.74720353 25.87  45.982509  48.279264 21.333 -100.00 -100.00 -100.00
  90   -15.499 55547.74720412 27.14  45.984777  48.281423 21.218 -100.00 -100.00 -100.00
  90   -15.612 55547.74720471 31.08  45.987045  48.283582   -100 -100.00 -100.00 -100.00
  91   -16.080 55557.66284685 42.27  45.980238  48.279671 25.539 -100.00 -100.00 -100.00
  91   -16.242 55557.66284744 43.49  45.982505  48.281830 28.070 -100.00 -100.00 -100.00
  91   -16.498 55557.66284803 49.83  45.984773  48.283989   -100 -100.00 -100.00 -100.00
  92   -16.305 55567.57848967 31.28  45.979476  48.280722   -100 -100.00 -100.00 -100.00
  92   -15.804 55567.57849026 24.62  45.981743  48.282881 11.060 -100.00 -100.00 -100.00
  92   -15.850 55567.57849085 25.86  45.984011  48.285040 14.583 -100.00 -100.00 -100.00
  93   -15.732 55577.49413172 40.36  45.980767  48.280296 29.186 -100.00 -100.00 -100.00
  93   -15.099 55577.49413231 43.40  45.983034  48.282455 25.551 -100.00 -100.00 -100.00
  93   -15.742 55577.49413290 55.44  45.985302  48.284614 12.665 -100.00 -100.00 -100.00
  94   -14.613 55587.40977145 40.78  45.983235  48.277985   -100 -100.00 -100.00 -100.00
  94   -14.400 55587.40977204 36.51  45.985503  48.280144 29.607 -100.00 -100.00 -100.00
  94   -14.221 55587.40977263 44.13  45.987771  48.282303   -100 -100.00 -100.00 -100.00
  95   -14.525 55597.32540771 36.00  45.985215  48.274038 28.984 -100.00 -100.00 -100.00
  95   -14.451 55597.32540830 34.92  45.987483  48.276197 23.096 -100.00 -100.00 -100.00
  95   -14.533 55597.32540889 34.43  45.989751  48.278356 22.102 -100.00 -100.00 -100.00
  96   -14.822 55607.24104177 27.67  45.988141  48.273743  8.719 -100.00 -100.00 -100.00
  96   -14.880 55607.24104236 27.64  45.990409  48.275902  8.454 -100.00 -100.00 -100.00
  97   -14.778 55617.15667299 23.90  45.987016  48.272032  5.855 -100.00 -100.00 -100.00
  97   -14.833 55617.15667358 23.92  45.989284  48.274191  5.870 -100.00 -100.00 -100.00
  97   -14.787 55617.15667417 23.48  45.991551  48.276350  5.108 -100.00 -100.00 -100.00
  98   -15.177 55627.07231769 29.68  45.986852  48.275453 13.652 -100.00 -100.00 -100.00
  98   -15.275 55627.07231828 28.74  45.989120  48.277612 12.765 -100.00 -100.00 -100.00
  99   -15.055 55636.98796876 28.41  45.984147  48.275427 25.360 -100.00 -100.00 -100.00
  99   -15.009 55636.98796935 27.20  45.986415  48.277586 21.784 -100.00 -100.00 -100.00
  99   -14.970 55636.98796994 30.77  45.988682  48.279746   -100 -100.00 -100.00 -100.00
 100   -15.599 55646.90361802 42.88  45.984319  48.275198   -100 -100.00 -100.00 -100.00
 100   -15.669 55646.90361861 42.66  45.986586  48.277357   -100 -100.00 -100.00 -100.00
 100   -15.718 55646.90361920 45.56  45.988854  48.279516   -100 -100.00 -100.00 -100.00
 101   -15.666 55656.81926441 28.60  45.984963  48.274323   -100 -100.00 -100.00 -100.00
 101   -15.260 55656.81926500 26.27  45.987230  48.276482 22.456 -100.00 -100.00 -100.00
 101   -14.529 55656.81926559 28.75  45.989498  48.278641 30.337 -100.00 -100.00 -100.00
 102   -16.264 55666.73490665 44.37  45.985163  48.274254   -100 -100.00 -100.00 -100.00
 102   -16.437 55666.73490724 44.42  45.987430  48.276413   -100 -100.00 -100.00 -100.00
 102   -16.489 55666.73490783 49.51  45.989698  48.278572   -100 -100.00 -100.00 -100.00
 103   -15.018 55676.65054617 46.23  45.983981  48.274749   -100 -100.00 -100.00 -100.00
 103   -15.391 55676.65054676 46.74  45.986248  48.276908   -100 -100.00 -100.00 -100.00
 103   -15.176 55676.65054735 43.24  45.988516  48.279066   -100 -100.00 -100.00 -100.00
 104    33.769 55686.56618413 17.95  45.983222  48.275888   -100 -100.00 -100.00 -100.00
 104    33.026 55686.56618472 16.08  45.985489  48.278046   -100 -100.00 -100.00 -100.00
 104    34.773 55686.56618531 17.96  45.987757  48.280205 16.758 -100.00 -100.00 -100.00
 105   -11.314 55696.48182098 36.75  45.983917  48.276463   -100 -100.00 -100.00 -100.00
 105   -11.611 55696.48182157 35.52  45.986184  48.278622 30.877 -100.00 -100.00 -100.00
 105   -11.342 55696.48182216 34.94  45.988452  48.280781 25.299 -100.00 -100.00 -100.00
 106   -12.526 55706.39745636 42.93  45.985797  48.275171   -100 -100.00 -100.00 -100.00
 106   -12.573 55706.39745695 39.77  45.988064  48.277330   -100 -100.00 -100.00 -100.00
 106   -12.304 55706.39745754 39.93  45.990331  48.279489   -100 -100.00 -100.00 -100.00
 107   -13.080 55716.31310627 30.66  45.985264  48.275334 24.112 -100.00 -100.00 -100.00
 107   -12.632 55716.31310686 29.34  45.987531  48.277493 16.759 -100.00 -100.00 -100.00
 107   -13.036 55716.31310745 36.16  45.989799  48.279652   -100 -100.00 -100.00 -100.00
 108   -13.134 55726.22875494 28.53  45.983208  48.275951 23.188 -100.00 -100.00 -100.00
 108   -13.022 55726.22875553 26.64  45.985476  48.278110 15.320 -100.00 -100.00 -100.00
 108   -12.937 55726.22875612 28.19  45.987743  48.280269 19.553 -100.00 -100.00 -100.00
 109   -13.533 55736.14440230 27.22  45.982915  48.279161 18.617 -100.00 -100.00 -100.00
 109   -13.278 55736.14440289 25.55  45.985183  48.281320 15.639 -100.00 -100.00 -100.00
 109   -12.976 55736.14440348 25.99  45.987451  48.283479 16.815 -100.00 -100.00 -100.00
 110   -14.492 55746.06004793 23.27  45.981667  48.280641 17.385 -100.00 -100.00 -100.00
 110   -13.297 55746.06004852 22.29  45.983934  48.282800 17.116 -100.00 -100.00 -100.00
 110   -12.809 55746.06004911 23.74  45.986202  48.284959 21.085 -100.00 -100.00 -100.00
 111    44.631 55755.97569125 12.38  45.981177  48.279601  9.839 -100.00 -100.00 -100.00
 111    39.259 55755.97569184 15.15  45.983444  48.281759 14.841 -100.00 -100.00 -100.00
 111    40.699 55755.97569243 15.36  45.985712  48.283918 24.769 -100.00 -100.00 -100.00
 112   -15.544 55765.89133231 28.37  45.984153  48.277852 11.212 -100.00 -100.00 -100.00
 112   -14.071 55765.89133290 29.76  45.986421  48.280011 15.182 -100.00 -100.00 -100.00
 112   -16.262 55765.89133349 36.51  45.988688  48.282170 31.765 -100.00 -100.00 -100.00
 113   -15.787 55775.80696995 42.59  45.985480  48.273716 22.596 -100.00 -100.00 -100.00
 113   -15.547 55775.80697054 43.43  45.987747  48.275875 20.871 -100.00 -100.00 -100.00
 113   -16.297 55775.80697113 49.98  45.990014  48.278034   -100 -100.00 -100.00 -100.00
 114   -16.292 55785.72260539 27.89  45.987411  48.272717  7.450 -100.00 -100.00 -100.00
 114   -16.139 55785.72260598 27.77  45.989678  48.274875  7.023 -100.00 -100.00 -100.00
 114   -13.845 55785.72260657 27.86  45.991945  48.277034  6.647 -100.00 -100.00 -100.00
 115   -16.104 55795.63823895 25.65  45.986810  48.272614 30.231 -100.00 -100.00 -100.00
 115   -15.153 55795.63823954 21.75  45.989077  48.274773 13.429 -100.00 -100.00 -100.00
 115   -15.150 55795.63824013 27.89  45.991345  48.276931 30.596 -100.00 -100.00 -100.00
 116   -15.580 55805.55387916 23.77  45.986480  48.274617 19.076 -100.00 -100.00 -100.00
 116   -15.193 55805.55387975 24.84  45.988747  48.276776 22.670 -100.00 -100.00 -100.00
 116   -14.210 55805.55388034 31.96  45.991014  48.278934   -100 -100.00 -100.00 -100.00
 117   -15.407 55815.46952885 27.62  45.985615  48.276068 29.991 -100.00 -100.00 -100.00
 117   -15.313 55815.46952944 30.89  45.987882  48.278227   -100 -100.00 -100.00 -100.00
 117   -14.228 55815.46953003 30.86  45.990149  48.280385   -100 -100.00 -100.00 -100.00
 118   -15.825 55825.38517542 27.55  45.985723  48.274342 19.523 -100.00 -100.00 -100.00
 118   -15.692 55825.38517601 26.19  45.987990  48.276501 17.564 -100.00 -100.00 -100.00
 118   -13.985 55825.38517660 25.72  45.990258  48.278660 11.636 -100.00 -100.00 -100.00
 119   -15.961 55835.30081749 25.57  45.986719  48.272460 21.812 -100.00 -100.00 -100.00
 119   -15.212 55835.30081808 23.18  45.988986  48.274619 14.385 -100.00 -100.00 -100.00
 119   -15.302 55835.30081867 26.67  45.991253  48.276778 21.212 -100.00 -100.00 -100.00
 120   -16.078 55845.21645637 23.33  45.988523  48.272809 22.029 -100.00 -100.00 -100.00
 120   -15.408 55845.21645696 20.87  45.990790  48.274968 12.495 -100.00 -100.00 -100.00
 121   -16.538 55855.13209188 34.45  45.987148  48.272469   -100 -100.00 -100.00 -100.00
 121   -16.425 55855.13209247 40.60  45.989416  48.274628   -100 -100.00 -100.00 -100.00
 121   -15.473 55855.13209306 39.50  45.991683  48.276787 18.416 -100.00 -100.00 -100.00
 122   -15.559 55865.04773229 25.55  45.986567  48.275057 17.928 -100.00 -100.00 -100.00
 122   -15.486 55865.04773288 25.56  45.988834  48.277216 20.423 -100.00 -100.00 -100.00
 122   -14.209 55865.04773347 33.17  45.991101  48.279375   -100 -100.00 -100.00 -100.00
 123   -16.480 55874.96338541 33.98  45.983863  48.277610   -100 -100.00 -100.00 -100.00
 123   -16.563 55874.96338600 28.74  45.986131  48.279769 17.285 -100.00 -100.00 -100.00
 123   -15.646 55874.96338659 28.58  45.988398  48.281928 15.528 -100.00 -100.00 -100.00
 124   -15.930 55884.87903275 27.43  45.983974  48.278087 19.932 -100.00 -100.00 -100.00
 124   -15.626 55884.87903334 25.60  45.986241  48.280246 12.471 -100.00 -100.00 -100.00
 124   -15.474 55884.87903393 29.83  45.988509  48.282405 26.003 -100.00 -100.00 -100.00
 125   -16.357 55894.79467404 30.06  45.984908  48.277280 31.935 -100.00 -100.00 -100.00
 125   -15.778 55894.79467463 24.28  45.987175  48.279438 13.430 -100.00 -100.00 -100.00
 125   -16.823 55894.79467522 24.63  45.989443  48.281597 14.714 -100.00 -100.00 -100.00
 126   -16.133 55904.71030976 26.25  45.985352  48.274913 15.491 -100.00 -100.00 -100.00
 126   -15.446 55904.71031035 24.79  45.987619  48.277072 10.290 -100.00 -100.00 -100.00
 126   -15.399 55904.71031094 27.19  45.989887  48.279231 15.320 -100.00 -100.00 -100.00
 127   -15.762 55914.62595047 39.15  45.984144  48.274831   -100 -100.00 -100.00 -100.00
 127   -15.590 55914.62595106 40.40  45.986411  48.276990   -100 -100.00 -100.00 -100.00
 127   -15.692 55914.62595165 41.49  45.988678  48.279149   -100 -100.00 -100.00 -100.00
 128   -15.658 55924.54160506 37.56  45.982453  48.278569 18.564 -100.00 -100.00 -100.00
 128   -16.238 55924.54160565 42.67  45.984721  48.280728   -100 -100.00 -100.00 -100.00
 128   -16.505 55924.54160624 47.16  45.986988  48.282887  1.795 -100.00 -100.00 -100.00
 129   -15.935 55934.45725619 25.61  45.981664  48.279782 12.571 -100.00 -100.00 -100.00
 129   -15.776 55934.45725678 28.67  45.983932  48.281941 18.577 -100.00 -100.00 -100.00
 129   -15.773 55934.45725737 26.75  45.986200  48.284101 12.412 -100.00 -100.00 -100.00
 130   -16.143 55944.37290213 38.57  45.981732  48.277553   -100 -100.00 -100.00 -100.00
 130   -15.823 55944.37290272 40.66  45.983999  48.279712 30.309 -100.00 -100.00 -100.00
 130   -15.676 55944.37290331 42.68  45.986267  48.281871 29.234 -100.00 -100.00 -100.00
 131   -12.949 55954.28854422 34.18  45.985024  48.276729 24.006 -100.00 -100.00 -100.00
 131   -12.858 55954.28854481 32.23  45.987292  48.278888 16.908 -100.00 -100.00 -100.00
 131   -12.979 55954.28854540 31.99  45.989560  48.281047 14.820 -100.00 -100.00 -100.00
 132   -13.038 55964.20418258 22.95  45.984309  48.274019  8.391 -100.00 -100.00 -100.00
 132   -13.024 55964.20418317 22.96  45.986577  48.276178  7.290 -100.00 -100.00 -100.00
 132   -13.017 55964.20418376 22.03  45.988845  48.278337  5.700 -100.00 -100.00 -100.00
 133   -13.162 55974.11981975 19.36  45.983598  48.274510  5.479 -100.00 -100.00 -100.00
 133   -13.365 55974.11982034 20.75  45.985865  48.276669  7.661 -100.00 -100.00 -100.00
 133   -13.481 55974.11982093 20.75  45.988133  48.278829  7.239 -100.00 -100.00 -100.00
 133   -13.471 55974.11982152 22.41  45.990401  48.280988  8.952 -100.00 -100.00 -100.00
 134   -13.365 55984.03545605 16.53  45.984398  48.276173 10.352 -100.00 -100.00 -100.00
 134   -13.407 55984.03545664 17.89  45.986666  48.278333 11.855 -100.00 -100.00 -100.00
 134   -13.366 55984.03545723 17.49  45.988934  48.280492 11.434 -100.00 -100.00 -100.00
 135   -13.378 55993.95108941 18.83  45.985291  48.274050  7.728 -100.00 -100.00 -100.00
 135   -13.415 55993.95109000 18.92  45.987558  48.276209  6.927 -100.00 -100.00 -100.00
 135   -13.392 55993.95109059 18.26  45.989825  48.278368  5.706 -100.00 -100.00 -100.00
 136   -13.393 56003.86673978 13.36  45.985408  48.273832  3.923 -100.00 -100.00 -100.00
 136   -13.549 56003.86674037 13.63  45.987675  48.275991  4.107 -100.00 -100.00 -100.00
 136   -13.740 56003.86674096 15.17  45.989943  48.278150  6.205 -100.00 -100.00 -100.00
 137   -13.008 56013.78238835 24.04  45.985597  48.273314 13.840 -100.00 -100.00 -100.00
 137   -12.365 56013.78238894 22.19  45.987864  48.275473 11.570 -100.00 -100.00 -100.00
 137   -12.946 56013.78238953 21.99  45.990132  48.277632 11.078 -100.00 -100.00 -100.00
 138   -16.334 56023.69803417 45.81  45.985629  48.274896   -100 -100.00 -100.00 -100.00
 138   -16.160 56023.69803476 47.03  45.987897  48.277055 32.135 -100.00 -100.00 -100.00
 138   -16.522 56023.69803535 51.67  45.990164  48.279214  1.832 -100.00 -100.00 -100.00
 139   -15.116 56033.61367767 31.51  45.983810  48.276922  9.715 -100.00 -100.00 -100.00
 139   -15.084 56033.61367826 31.05  45.986077  48.279081  9.057 -100.00 -100.00 -100.00
 139   -14.122 56033.61367885 30.62  45.988345  48.281239  7.261 -100.00 -100.00 -100.00
 140   -14.903 56043.52931915 24.31  45.982562  48.278545  8.724 -100.00 -100.00 -100.00
 140   -14.854 56043.52931974 25.00  45.984830  48.280704 10.280 -100.00 -100.00 -100.00
 140   -14.378 56043.52932033 27.42  45.987097  48.282862 14.284 -100.00 -100.00 -100.00
 141   -10.999 56053.44495793 39.83  45.982872  48.279051 31.769 -100.00 -100.00 -100.00
 141   -11.175 56053.44495852 38.49  45.985139  48.281210 30.485 -100.00 -100.00 -100.00
 141   -11.109 56053.44495911 38.65  45.987407  48.283369 29.826 -100.00 -100.00 -100.00
 142   -11.436 56063.36059271 38.97  45.982954  48.275788   -100 -100.00 -100.00 -100.00
 142   -11.486 56063.36059330 35.64  45.985221  48.277947 32.386 -100.00 -100.00 -100.00
 142   -11.434 56063.36059389 36.00  45.987489  48.280106 31.567 -100.00 -100.00 -100.00
 143   -11.191 56073.27623448 37.64  45.983773  48.274354   -100 -100.00 -100.00 -100.00
 143   -11.419 56073.27623507 37.30  45.986040  48.276513   -100 -100.00 -100.00 -100.00
 143   -11.473 56073.27623566 38.15  45.988308  48.278672   -100 -100.00 -100.00 -100.00
 143   -11.048 56073.27623625 39.12  45.990575  48.280831   -100 -100.00 -100.00 -100.00
 144   -11.816 56083.19188484 44.48  45.983534  48.276617   -100 -100.00 -100.00 -100.00
 144   -11.838 56083.19188543 38.57  45.985802  48.278777 22.000 -100.00 -100.00 -100.00
 144   -11.721 56083.19188602 38.30  45.988069  48.280935 18.416 -100.00 -100.00 -100.00
 145   -14.868 56093.10753226 46.01  45.981867  48.277476   -100 -100.00 -100.00 -100.00
 145   -14.770 56093.10753285 47.44  45.984135  48.279635   -100 -100.00 -100.00 -100.00
 145   -14.900 56093.10753344 52.07  45.986402  48.281794   -100 -100.00 -100.00 -100.00
 146   -14.727 56103.02317771 42.87  45.982150  48.279080 30.930 -100.00 -100.00 -100.00
 146   -15.166 56103.02317830 42.54  45.984418  48.281239  0.953 -100.00 -100.00 -100.00
 146   -14.798 56103.02317889 41.04  45.986685  48.283398   -100 -100.00 -100.00 -100.00
 147   -14.123 56112.93880822 27.80  45.982469  48.278102 18.584 -100.00 -100.00 -100.00
 147   -13.235 56112.93880881 27.14  45.984736  48.280261 16.451 -100.00 -100.00 -100.00
 147   -12.943 56112.93880940 27.12  45.987004  48.282419 13.382 -100.00 -100.00 -100.00
 148   -16.341 56122.85444675 41.81  45.984914  48.276597   -100 -100.00 -100.00 -100.00
 148   -16.214 56122.85444734 43.84  45.987181  48.278756   -100 -100.00 -100.00 -100.00
 148   -16.343 56122.85444793 45.64  45.989448  48.280915   -100 -100.00 -100.00 -100.00
 149   -14.239 56132.77008108 24.24  45.986976  48.273181 14.137 -100.00 -100.00 -100.00
 149   -13.528 56132.77008167 28.35  45.989243  48.275340 25.276 -100.00 -100.00 -100.00
 149   -12.899 56132.77008226 26.95  45.991510  48.277499 15.852 -100.00 -100.00 -100.00
 150   -16.412 56142.68571857 29.42  45.988637  48.272670  9.814 -100.00 -100.00 -100.00
 150   -13.571 56142.68571916 27.86  45.990904  48.274828  7.548 -100.00 -100.00 -100.00
 151   -14.602 56152.60136954 21.99  45.985990  48.274593 12.436 -100.00 -100.00 -100.00
 151   -13.679 56152.60137013 22.73  45.988257  48.276752 13.938 -100.00 -100.00 -100.00
 151   -13.741 56152.60137072 31.53  45.990525  48.278910   -100 -100.00 -100.00 -100.00
 152   -15.091 56162.51701908 23.78  45.983628  48.276514 19.276 -100.00 -100.00 -100.00
 152   -13.798 56162.51701967 23.37  45.985895  48.278673 15.752 -100.00 -100.00 -100.00
 152   -13.614 56162.51702026 25.33  45.988162  48.280831 16.991 -100.00 -100.00 -100.00
 153   -14.840 56172.43266658 21.33  45.982751  48.277101 13.257 -100.00 -100.00 -100.00
 153   -13.720 56172.43266717 20.59  45.985018  48.279260  9.744 -100.00 -100.00 -100.00
 153   -14.167 56172.43266776 27.88  45.987286  48.281418 28.244 -100.00 -100.00 -100.00
 154   -15.371 56182.34830943 27.44  45.984809  48.277027  8.853 -100.00 -100.00 -100.00
 154   -14.130 56182.34831002 26.58  45.987077  48.279186  8.455 -100.00 -100.00 -100.00
 154   -13.791 56182.34831061 29.81  45.989344  48.281345 14.767 -100.00 -100.00 -100.00
 155   -15.003 56192.26394821 21.92  45.986415  48.275853 13.305 -100.00 -100.00 -100.00
 155   -14.021 56192.26394880 24.35  45.988682  48.278011 17.288 -100.00 -100.00 -100.00
 155   -13.851 56192.26394939 30.74  45.990950  48.280170 25.974 -100.00 -100.00 -100.00
 156   -15.389 56202.17958365 19.83  45.985071  48.273300  7.742 -100.00 -100.00 -100.00
 156   -15.013 56202.17958424 21.94  45.987338  48.275459  9.609 -100.00 -100.00 -100.00
 156   -13.723 56202.17958483 22.77  45.989606  48.277618 10.822 -100.00 -100.00 -100.00
 157   -15.249 56212.09521802 22.75  45.986714  48.274764 13.681 -100.00 -100.00 -100.00
 157   -13.909 56212.09521861 22.42  45.988982  48.276923  9.722 -100.00 -100.00 -100.00
 157   -14.128 56212.09521920 31.54  45.991249  48.279082 30.882 -100.00 -100.00 -100.00
 158   -16.070 56222.01084956 40.76  45.985649  48.273123 24.499 -100.00 -100.00 -100.00
 158   -15.824 56222.01085015 41.73  45.987916  48.275282 22.118 -100.00 -100.00 -100.00
 158   -16.318 56222.01085074 48.64  45.990183  48.277441   -100 -100.00 -100.00 -100.00
 159   -15.462 56231.92650446 24.97  45.985227  48.277167 18.829 -100.00 -100.00 -100.00
 159   -14.503 56231.92650505 28.73  45.987495  48.279326 27.127 -100.00 -100.00 -100.00
 159   -14.276 56231.92650564 31.78  45.989762  48.281485 25.703 -100.00 -100.00 -100.00
 160   -15.472 56241.84215649 19.10  45.982368  48.276565  7.249 -100.00 -100.00 -100.00
 160   -14.735 56241.84215708 19.65  45.984635  48.278724  7.924 -100.00 -100.00 -100.00
 160   -14.392 56241.84215767 26.45  45.986902  48.280883 19.519 -100.00 -100.00 -100.00
 161   -15.280 56251.75780522 27.56  45.983638  48.278698 16.000 -100.00 -100.00 -100.00
 161   -14.616 56251.75780581 24.93  45.985905  48.280857  9.647 -100.00 -100.00 -100.00
 161   -14.555 56251.75780640 28.92  45.988173  48.283016 17.573 -100.00 -100.00 -100.00
 162   -14.550 56261.67344889 24.31  45.983631  48.278606 13.333 -100.00 -100.00 -100.00
 162   -14.540 56261.67344948 26.13  45.985898  48.280765 19.974 -100.00 -100.00 -100.00
 162   -14.149 56261.67345007 29.13  45.988166  48.282924 25.667 -100.00 -100.00 -100.00
 163   -13.663 56271.58909059 27.08  45.983738  48.278688 20.532 -100.00 -100.00 -100.00
 163   -13.250 56271.58909118 26.05  45.986005  48.280847 16.231 -100.00 -100.00 -100.00
 163   -13.187 56271.58909177 28.69  45.988273  48.283006 21.627 -100.00 -100.00 -100.00
 164   -13.733 56281.50473169 38.25  45.983470  48.277876 31.549 -100.00 -100.00 -100.00
 164   -13.812 56281.50473228 42.83  45.985738  48.280035   -100 -100.00 -100.00 -100.00
 164   -13.599 56281.50473287 43.03  45.988006  48.282194   -100 -100.00 -100.00 -100.00
 165   -12.020 56291.42038419 44.74  45.982513  48.278524   -100 -100.00 -100.00 -100.00
 165   -11.895 56291.42038478 46.92  45.984780  48.280684   -100 -100.00 -100.00 -100.00
 165   -12.139 56291.42038537 48.26  45.987048  48.282843 14.683 -100.00 -100.00 -100.00
 166   -12.056 56301.33603195 43.92  45.982068  48.277600   -100 -100.00 -100.00 -100.00
 166   -11.737 56301.33603254 43.88  45.984336  48.279759 24.060 -100.00 -100.00 -100.00
 166   -12.021 56301.33603313 47.76  45.986604  48.281918   -100 -100.00 -100.00 -100.00
 167   -12.188 56311.25167585 33.97  45.983747  48.277880 28.755 -100.00 -100.00 -100.00
 167   -12.210 56311.25167644 32.31  45.986015  48.280039 23.664 -100.00 -100.00 -100.00
 167   -11.962 56311.25167703 29.09  45.988283  48.282198 12.033 -100.00 -100.00 -100.00
 169   -12.368 56331.08295736 37.74  45.982531  48.276845   -100 -100.00 -100.00 -100.00
 169   -12.260 56331.08295795 37.78  45.984799  48.279004   -100 -100.00 -100.00 -100.00
 169   -12.122 56331.08295854 39.55  45.987067  48.281163   -100 -100.00 -100.00 -100.00
 170   -12.713 56340.99859742 31.69  45.983301  48.277340 25.417 -100.00 -100.00 -100.00
 170   -12.587 56340.99859801 33.77  45.985568  48.279499 32.254 -100.00 -100.00 -100.00
 170   -12.765 56340.99859860 34.76  45.987836  48.281658   -100 -100.00 -100.00 -100.00
 171   -13.051 56350.91423466 27.33  45.983567  48.275035 12.298 -100.00 -100.00 -100.00
 171   -12.925 56350.91423525 26.40  45.985835  48.277194  9.368 -100.00 -100.00 -100.00
 171   -13.039 56350.91423584 26.73  45.988102  48.279353  9.274 -100.00 -100.00 -100.00
 172   -14.341 56360.82987321 35.22  45.986641  48.274796   -100 -100.00 -100.00 -100.00
 172   -14.326 56360.82987380 28.68  45.988908  48.276955 15.089 -100.00 -100.00 -100.00
 172   -14.268 56360.82987439 26.73  45.991175  48.279114 11.776 -100.00 -100.00 -100.00
 173   -15.120 56370.74552279 42.91  45.985414  48.275666 25.915 -100.00 -100.00 -100.00
 173   -15.226 56370.74552338 48.76  45.987681  48.277825   -100 -100.00 -100.00 -100.00
 173   -15.549 56370.74552397 52.16  45.989949  48.279984 17.624 -100.00 -100.00 -100.00
 175   -13.103 56390.57681541 24.71  45.982722  48.280524 12.967 -100.00 -100.00 -100.00
 175   -12.807 56390.57681600 25.43  45.984990  48.282682 11.982 -100.00 -100.00 -100.00
 175   -12.665 56390.57681659 27.57  45.987258  48.284841 15.171 -100.00 -100.00 -100.00
 176   -13.880 56400.49245872 27.17  45.981917  48.280750 11.846 -100.00 -100.00 -100.00
 176   -13.106 56400.49245931 26.18  45.984185  48.282909  8.284 -100.00 -100.00 -100.00
 176   -12.558 56400.49245990 28.66  45.986453  48.285068 12.441 -100.00 -100.00 -100.00
 177   -10.775 56410.40809915 36.65  45.981851  48.279338   -100 -100.00 -100.00 -100.00
 177   -11.048 56410.40809974 36.34  45.984118  48.281497   -100 -100.00 -100.00 -100.00
 177   -10.802 56410.40810033 36.52  45.986386  48.283656 31.664 -100.00 -100.00 -100.00
 178   -10.385 56420.32373492 49.71  45.984046  48.277906 10.498 -100.00 -100.00 -100.00
 178   -10.327 56420.32373551 45.88  45.986314  48.280066   -100 -100.00 -100.00 -100.00
 178   -10.243 56420.32373610 45.43  45.988581  48.282225   -100 -100.00 -100.00 -100.00
 179   -11.369 56430.23937175 38.31  45.985480  48.276909 25.382 -100.00 -100.00 -100.00
 179   -11.153 56430.23937234 38.91  45.987747  48.279068 27.826 -100.00 -100.00 -100.00
 179   -10.914 56430.23937293 38.99  45.990015  48.281227 22.674 -100.00 -100.00 -100.00
 180   -11.689 56440.15502508 44.02  45.983480  48.279417   -100 -100.00 -100.00 -100.00
 180   -11.658 56440.15502567 40.21  45.985748  48.281576   -100 -100.00 -100.00 -100.00
 180   -11.828 56440.15502626 39.29  45.988016  48.283735   -100 -100.00 -100.00 -100.00
 181   -11.722 56450.07067526 37.97  45.980430  48.279236 27.371 -100.00 -100.00 -100.00
 181   -11.668 56450.07067585 36.20  45.982697  48.281395 19.402 -100.00 -100.00 -100.00
 181   -11.589 56450.07067644 35.58  45.984965  48.283554 17.417 -100.00 -100.00 -100.00
 182   -12.692 56459.98632396 29.97  45.982420  48.280971 16.964 -100.00 -100.00 -100.00
 182   -12.686 56459.98632455 30.66  45.984688  48.283130 18.852 -100.00 -100.00 -100.00
 182   -12.345 56459.98632514 32.57  45.986956  48.285289 22.747 -100.00 -100.00 -100.00
 183   -13.795 56469.90196817 32.57  45.981153  48.277766 11.581 -100.00 -100.00 -100.00
 183   -13.940 56469.90196876 33.63  45.983420  48.279925 13.666 -100.00 -100.00 -100.00
 183   -13.286 56469.90196935 33.87  45.985688  48.282084 12.844 -100.00 -100.00 -100.00
 183   -13.102 56469.90196994 34.36  45.987956  48.284242 15.924 -100.00 -100.00 -100.00
 184   -15.135 56479.81760958 44.12  45.983890  48.278020 27.360 -100.00 -100.00 -100.00
 184   -15.460 56479.81761017 47.06  45.986157  48.280179   -100 -100.00 -100.00 -100.00
 184   -15.515 56479.81761076 52.04  45.988425  48.282337  4.486 -100.00 -100.00 -100.00
 185   -13.130 56489.73324639 26.09  45.983661  48.275749  9.591 -100.00 -100.00 -100.00
 185   -13.085 56489.73324699 24.75  45.985929  48.277908  6.791 -100.00 -100.00 -100.00
 185   -12.741 56489.73324758 25.90  45.988196  48.280067  7.366 -100.00 -100.00 -100.00
 186   -16.589 56499.64888114 39.65  45.984057  48.274561 15.695 -100.00 -100.00 -100.00
 186   -13.386 56499.64888173 28.23  45.986324  48.276720 21.571 -100.00 -100.00 -100.00
 186   -13.054 56499.64888232 25.42  45.988591  48.278879 12.800 -100.00 -100.00 -100.00
 187   -16.053 56509.56451489 29.37  45.985642  48.273588 24.935 -100.00 -100.00 -100.00
 187   -15.135 56509.56451548 27.98  45.987909  48.275747 22.597 -100.00 -100.00 -100.00
 187   -13.123 56509.56451607 29.13  45.990176  48.277906 20.848 -100.00 -100.00 -100.00
 188   -14.618 56519.48015669 22.51  45.986025  48.273020 13.723 -100.00 -100.00 -100.00
 188   -13.455 56519.48015728 24.80  45.988292  48.275179 16.742 -100.00 -100.00 -100.00
 188   -12.937 56519.48015787 25.42  45.990559  48.277337 17.738 -100.00 -100.00 -100.00
 189   -15.248 56529.39581074 26.34  45.984763  48.273988 15.863 -100.00 -100.00 -100.00
 189   -13.473 56529.39581133 25.08  45.987030  48.276147 11.540 -100.00 -100.00 -100.00
 189   -13.392 56529.39581192 25.24  45.989298  48.278306 10.259 -100.00 -100.00 -100.00
 190   -14.938 56539.31146073 24.29  45.984359  48.274793 15.587 -100.00 -100.00 -100.00
 190   -13.926 56539.31146133 23.02  45.986626  48.276952 14.099 -100.00 -100.00 -100.00
 190   -13.326 56539.31146192 25.12  45.988893  48.279111 17.581 -100.00 -100.00 -100.00
 191   -14.348 56549.22710671 22.68  45.984735  48.276944 12.220 -100.00 -100.00 -100.00
 191   -13.669 56549.22710730 23.65  45.987003  48.279103 11.672 -100.00 -100.00 -100.00
 191   -13.990 56549.22710789 32.18  45.989271  48.281262   -100 -100.00 -100.00 -100.00
 192   -14.530 56559.14274985 23.62  45.983106  48.278495 15.381 -100.00 -100.00 -100.00
 192   -13.587 56559.14275044 23.06  45.985374  48.280654 12.240 -100.00 -100.00 -100.00
 192   -13.928 56559.14275103 26.43  45.987642  48.282813 17.156 -100.00 -100.00 -100.00
 193   -14.610 56569.05839163 21.11  45.981034  48.278651  8.173 -100.00 -100.00 -100.00
 193   -13.647 56569.05839222 19.19  45.983301  48.280810  6.249 -100.00 -100.00 -100.00
 193   -13.658 56569.05839281 20.88  45.985569  48.282969  7.969 -100.00 -100.00 -100.00
 194   -15.779 56578.97403267 45.05  45.982739  48.280184 26.390 -100.00 -100.00 -100.00
 194   -16.205 56578.97403326 50.25  45.985006  48.282342   -100 -100.00 -100.00 -100.00
 194   -16.689 56578.97403385 54.34  45.987274  48.284501 28.582 -100.00 -100.00 -100.00
 195   -15.612 56588.88966884 28.51  45.983071  48.276483 26.783 -100.00 -100.00 -100.00
 195   -16.308 56588.88966943 29.24  45.985338  48.278642 29.076 -100.00 -100.00 -100.00
 195   -15.154 56588.88967002 33.91  45.987605  48.280801   -100 -100.00 -100.00 -100.00
 196   -15.202 56598.80531282 25.55  45.984944  48.276351 19.485 -100.00 -100.00 -100.00
 196   -13.736 56598.80531341 25.00  45.987211  48.278510 17.216 -100.00 -100.00 -100.00
 196   -14.069 56598.80531400 33.19  45.989479  48.280669   -100 -100.00 -100.00 -100.00
 197   -15.816 56608.72096364 31.82  45.982658  48.276732 13.901 -100.00 -100.00 -100.00
 197   -15.444 56608.72096423 30.34  45.984925  48.278891 12.142 -100.00 -100.00 -100.00
 197   -16.039 56608.72096482 30.29  45.987193  48.281050 12.546 -100.00 -100.00 -100.00
 198   -14.460 56618.63661034 22.35  45.982656  48.279510 12.452 -100.00 -100.00 -100.00
 198   -14.169 56618.63661093 23.21  45.984924  48.281669 17.205 -100.00 -100.00 -100.00
 198   -14.697 56618.63661152 23.92  45.987192  48.283828 17.337 -100.00 -100.00 -100.00
 199   -15.415 56628.55225335 24.69  45.981845  48.279665 19.715 -100.00 -100.00 -100.00
 199   -14.271 56628.55225394 22.92  45.984113  48.281824 14.212 -100.00 -100.00 -100.00
 199   -14.157 56628.55225453 23.08  45.986381  48.283983 13.800 -100.00 -100.00 -100.00
 200   -15.830 56638.46789311 28.41  45.982153  48.277403 23.798 -100.00 -100.00 -100.00
 200   -15.586 56638.46789370 26.09  45.984421  48.279562 16.579 -100.00 -100.00 -100.00
 200   -14.935 56638.46789429 25.46  45.986688  48.281721 13.423 -100.00 -100.00 -100.00
 201   -15.679 56648.38353711 25.85  45.984643  48.276049 18.912 -100.00 -100.00 -100.00
 201   -15.247 56648.38353770 24.87  45.986910  48.278208 14.625 -100.00 -100.00 -100.00
 201   -14.733 56648.38353829 23.64  45.989178  48.280367 10.318 -100.00 -100.00 -100.00
 202   -16.178 56658.29918899 28.69  45.984660  48.276270 23.801 -100.00 -100.00 -100.00
 202   -15.430 56658.29918958 28.03  45.986928  48.278429 18.044 -100.00 -100.00 -100.00
 202   -15.102 56658.29919017 27.03  45.989196  48.280588 16.206 -100.00 -100.00 -100.00
 203   -15.875 56668.21483672 32.98  45.984221  48.277553   -100 -100.00 -100.00 -100.00
 203   -15.135 56668.21483731 34.56  45.986489  48.279713   -100 -100.00 -100.00 -100.00
 203   -15.003 56668.21483790 31.34  45.988758  48.281872 20.169 -100.00 -100.00 -100.00
 204   -15.563 56678.13048168 44.08  45.982627  48.278904   -100 -100.00 -100.00 -100.00
 204   -15.386 56678.13048227 47.23  45.984895  48.281063   -100 -100.00 -100.00 -100.00
 204   -15.861 56678.13048286 51.35  45.987164  48.283222 16.981 -100.00 -100.00 -100.00
 205   -12.416 56688.04612534 43.04  45.982805  48.280416   -100 -100.00 -100.00 -100.00
 205   -12.527 56688.04612593 46.49  45.985073  48.282575   -100 -100.00 -100.00 -100.00
 205   -12.762 56688.04612652 43.31  45.987341  48.284734   -100 -100.00 -100.00 -100.00
 206   -12.327 56697.96176623 25.14  45.983499  48.279169  8.733 -100.00 -100.00 -100.00
 206   -12.191 56697.96176682 25.38  45.985767  48.281328  9.067 -100.00 -100.00 -100.00
 206   -12.547 56697.96176741 25.79  45.988035  48.283487  9.061 -100.00 -100.00 -100.00
 207   -12.255 56707.87740189 31.65  45.983798  48.274614 21.300 -100.00 -100.00 -100.00
 207   -12.496 56707.87740248 31.37  45.986066  48.276773 22.341 -100.00 -100.00 -100.00
 207   -12.153 56707.87740307 30.81  45.988333  48.278932 17.321 -100.00 -100.00 -100.00
 208   -12.373 56717.79303899 31.39  45.987148  48.274646 19.264 -100.00 -100.00 -100.00
 208   -12.285 56717.79303958 31.42  45.989416  48.276805 19.345 -100.00 -100.00 -100.00
 209   -12.454 56727.70869183 38.70  45.984411  48.277125 29.313 -100.00 -100.00 -100.00
 209   -12.544 56727.70869242 42.98  45.986678  48.279284   -100 -100.00 -100.00 -100.00
 209   -12.569 56727.70869301 41.77  45.988946  48.281443   -100 -100.00 -100.00 -100.00
 210   -13.067 56737.62434075 26.64  45.980679  48.279493 14.800 -100.00 -100.00 -100.00
 210   -13.197 56737.62434134 27.15  45.982946  48.281652 15.974 -100.00 -100.00 -100.00
 210   -12.556 56737.62434193 27.68  45.985214  48.283811 14.396 -100.00 -100.00 -100.00
 211   -13.278 56747.53998661 27.22  45.980111  48.282665 23.070 -100.00 -100.00 -100.00
 211   -12.917 56747.53998720 26.06  45.982379  48.284824 15.838 -100.00 -100.00 -100.00
 211   -12.782 56747.53998779 34.87  45.984647  48.286983   -100 -100.00 -100.00 -100.00
 212   -13.409 56757.45562717 24.37  45.979971  48.280806 17.983 -100.00 -100.00 -100.00
 212   -13.018 56757.45562776 24.31  45.982239  48.282965 12.874 -100.00 -100.00 -100.00
 212   -12.558 56757.45562835 26.83  45.984507  48.285125 16.057 -100.00 -100.00 -100.00
 213   -14.038 56767.37126162 26.98  45.981937  48.276812 22.154 -100.00 -100.00 -100.00
 213   -13.197 56767.37126221 22.88  45.984205  48.278971 10.616 -100.00 -100.00 -100.00
 213   -13.136 56767.37126280 25.58  45.986472  48.281131 16.396 -100.00 -100.00 -100.00
 213   -13.310 56767.37126339 29.74  45.988740  48.283290 23.922 -100.00 -100.00 -100.00
 214   -12.976 56777.28690615 34.25  45.984152  48.276970   -100 -100.00 -100.00 -100.00
 214   -13.099 56777.28690674 31.75  45.986419  48.279129 29.365 -100.00 -100.00 -100.00
 214   -12.669 56777.28690733 31.38  45.988687  48.281288 24.588 -100.00 -100.00 -100.00
 215   -10.703 56787.20256230 37.73  45.981020  48.278444   -100 -100.00 -100.00 -100.00
 215   -10.776 56787.20256289 36.90  45.983288  48.280603   -100 -100.00 -100.00 -100.00
 215   -10.719 56787.20256348 34.79  45.985555  48.282762 23.911 -100.00 -100.00 -100.00
 216   -11.881 56797.11821487 33.87  45.977895  48.280701 31.584 -100.00 -100.00 -100.00
 216   -12.078 56797.11821546 33.68  45.980163  48.282860 32.416 -100.00 -100.00 -100.00
 216   -11.873 56797.11821605 30.41  45.982431  48.285019 17.067 -100.00 -100.00 -100.00
 216   -11.902 56797.11821664 33.88  45.984699  48.287178 26.978 -100.00 -100.00 -100.00
 217   -12.204 56807.03386236 27.83  45.977054  48.282426 14.367 -100.00 -100.00 -100.00
 217   -12.247 56807.03386295 28.09  45.979322  48.284585 16.557 -100.00 -100.00 -100.00
 217   -12.364 56807.03386354 30.15  45.981590  48.286743 21.552 -100.00 -100.00 -100.00
 217   -12.307 56807.03386413 35.58  45.983858  48.288902   -100 -100.00 -100.00 -100.00
 218   -12.944 56816.94950362 25.93  45.980077  48.282212 11.983 -100.00 -100.00 -100.00
 218   -12.371 56816.94950421 25.87  45.982344  48.284371 12.144 -100.00 -100.00 -100.00
 218   -12.402 56816.94950480 32.80  45.984612  48.286530 27.617 -100.00 -100.00 -100.00
 219   -15.892 56826.86514088 46.54  45.982959  48.279181   -100 -100.00 -100.00 -100.00
 219   -15.678 56826.86514147 51.58  45.985227  48.281340   -100 -100.00 -100.00 -100.00
 219   -15.872 56826.86514207 52.54  45.987494  48.283498 24.301 -100.00 -100.00 -100.00
 220   -16.082 56836.78077446 42.57  45.984529  48.274682   -100 -100.00 -100.00 -100.00
 220   -16.477 56836.78077505 42.68  45.986796  48.276841   -100 -100.00 -100.00 -100.00
 220   -16.165 56836.78077564 36.95  45.989064  48.279000 21.188 -100.00 -100.00 -100.00
 221   -14.864 56846.69640557 23.33  45.985958  48.272632 13.740 -100.00 -100.00 -100.00
 221   -13.349 56846.69640616 22.88  45.988225  48.274790 12.916 -100.00 -100.00 -100.00
 221   -12.931 56846.69640675 24.94  45.990492  48.276949 13.236 -100.00 -100.00 -100.00
 222   -14.190 56856.61205592 22.81  45.984109  48.275297 12.146 -100.00 -100.00 -100.00
 222   -13.418 56856.61205652 23.93  45.986376  48.277456 14.260 -100.00 -100.00 -100.00
 222   -13.024 56856.61205711 24.91  45.988643  48.279615 10.400 -100.00 -100.00 -100.00
 223   -14.889 56866.52770996 24.76  45.982442  48.278472 11.624 -100.00 -100.00 -100.00
 223   -13.840 56866.52771055 24.15  45.984709  48.280631 10.478 -100.00 -100.00 -100.00
 223   -13.573 56866.52771114 23.75  45.986977  48.282789  7.529 -100.00 -100.00 -100.00
 224   -14.463 56876.44336247 20.80  45.981856  48.279652 11.990 -100.00 -100.00 -100.00
 224   -13.723 56876.44336306 22.24  45.984124  48.281811 13.283 -100.00 -100.00 -100.00
 224   -13.836 56876.44336365 25.21  45.986391  48.283970 20.285 -100.00 -100.00 -100.00
 225   -15.210 56886.35901150 26.07  45.981117  48.278872 17.125 -100.00 -100.00 -100.00
 225   -15.480 56886.35901209 26.53  45.983385  48.281031 18.316 -100.00 -100.00 -100.00
 225   -16.772 56886.35901269 28.27  45.985652  48.283190 24.904 -100.00 -100.00 -100.00
 226   -15.172 56896.27465781 24.23  45.981047  48.278383 16.842 -100.00 -100.00 -100.00
 226   -15.324 56896.27465840 23.62  45.983314  48.280542 15.766 -100.00 -100.00 -100.00
 226   -13.993 56896.27465899 22.37  45.985582  48.282701 11.860 -100.00 -100.00 -100.00
 227   -15.483 56906.19030169 24.28  45.981864  48.281039 11.464 -100.00 -100.00 -100.00
 227   -16.013 56906.19030228 23.97  45.984132  48.283197 12.516 -100.00 -100.00 -100.00
 227   -13.997 56906.19030287 24.45  45.986400  48.285356 12.368 -100.00 -100.00 -100.00
 228   -15.484 56916.10594224 30.18  45.977920  48.280509 25.288 -100.00 -100.00 -100.00
 228   -16.336 56916.10594283 27.64  45.980188  48.282668 19.659 -100.00 -100.00 -100.00
 228   -16.498 56916.10594342 29.77  45.982455  48.284827 28.232 -100.00 -100.00 -100.00
 228   -16.866 56916.10594401 30.42  45.984723  48.286986 30.940 -100.00 -100.00 -100.00
 229   -14.606 56926.02158131 37.47  45.977311  48.281055   -100 -100.00 -100.00 -100.00
 229   -14.435 56926.02158190 40.05  45.979578  48.283214   -100 -100.00 -100.00 -100.00
 229   -14.506 56926.02158250 40.03  45.981846  48.285373   -100 -100.00 -100.00 -100.00
 229   -14.222 56926.02158309 41.10  45.984114  48.287532   -100 -100.00 -100.00 -100.00
 230   -16.441 56935.93721734 43.79  45.980534  48.281035   -100 -100.00 -100.00 -100.00
 230   -16.671 56935.93721793 46.39  45.982801  48.283194   -100 -100.00 -100.00 -100.00
 230   -16.844 56935.93721852 47.10  45.985068  48.285353  4.094 -100.00 -100.00 -100.00
 231   -16.718 56945.85284711 35.34  45.983094  48.275861   -100 -100.00 -100.00 -100.00
 231   -16.598 56945.85284770 30.05  45.985361  48.278020 28.355 -100.00 -100.00 -100.00
 231   -16.666 56945.85284829 39.26  45.987628  48.280179  3.222 -100.00 -100.00 -100.00
 232   -15.633 56955.76849927 23.96  45.984090  48.276159  9.605 -100.00 -100.00 -100.00
 232   -15.633 56955.76849986 25.72  45.986357  48.278318 12.239 -100.00 -100.00 -100.00
 232   -16.506 56955.76850045 31.94  45.988624  48.280477 28.741 -100.00 -100.00 -100.00
 233   -15.335 56965.68414887 21.23  45.984191  48.278087 13.536 -100.00 -100.00 -100.00
 233   -14.499 56965.68414946 23.89  45.986459  48.280246 17.743 -100.00 -100.00 -100.00
 233   -14.462 56965.68415005 25.78  45.988726  48.282404 21.508 -100.00 -100.00 -100.00
 234   -15.691 56975.59979398 23.89  45.982596  48.279609 19.823 -100.00 -100.00 -100.00
 234   -14.782 56975.59979457 25.36  45.984864  48.281768 20.288 -100.00 -100.00 -100.00
 234   -15.085 56975.59979516 24.35  45.987131  48.283926 18.384 -100.00 -100.00 -100.00
 235   -15.876 56985.51543429 30.04  45.980821  48.278980 23.687 -100.00 -100.00 -100.00
 235   -15.752 56985.51543488 31.31  45.983089  48.281139 27.681 -100.00 -100.00 -100.00
 235   -15.650 56985.51543547 28.63  45.985356  48.283298 17.736 -100.00 -100.00 -100.00
 236   -16.261 56995.43106943 40.41  45.983492  48.277307   -100 -100.00 -100.00 -100.00
 236   -16.394 56995.43107002 40.53  45.985759  48.279466   -100 -100.00 -100.00 -100.00
 236   -16.448 56995.43107061 39.58  45.988027  48.281625   -100 -100.00 -100.00 -100.00
 237   -15.818 57005.34671117 31.83  45.985177  48.273996 17.876 -100.00 -100.00 -100.00
 237   -15.780 57005.34671176 32.10  45.987445  48.276155 18.773 -100.00 -100.00 -100.00
 237   -15.697 57005.34671235 33.19  45.989712  48.278314 22.007 -100.00 -100.00 -100.00
 238   -15.843 57015.26236670 30.72  45.985648  48.274832 15.391 -100.00 -100.00 -100.00
 238   -15.475 57015.26236729 31.08  45.987916  48.276991 15.886 -100.00 -100.00 -100.00
 238   -15.201 57015.26236788 31.69  45.990184  48.279150 18.722 -100.00 -100.00 -100.00
 239   -15.774 57025.17801733 39.38  45.983282  48.275232   -100 -100.00 -100.00 -100.00
 239   -15.896 57025.17801792 37.47  45.985550  48.277391 32.375 -100.00 -100.00 -100.00
 239   -16.053 57025.17801851 40.53  45.987818  48.279550   -100 -100.00 -100.00 -100.00
 239   -15.839 57025.17801910 40.81  45.990086  48.281709   -100 -100.00 -100.00 -100.00
 240   -14.808 57035.09366642 38.12  45.982862  48.279271   -100 -100.00 -100.00 -100.00
 240   -14.741 57035.09366701 33.83  45.985130  48.281430 23.102 -100.00 -100.00 -100.00
 240   -14.632 57035.09366760 40.73  45.987398  48.283589   -100 -100.00 -100.00 -100.00
 241   -13.801 57045.00931197 43.37  45.980394  48.279260 26.411 -100.00 -100.00 -100.00
 241   -14.237 57045.00931256 46.52  45.982662  48.281419   -100 -100.00 -100.00 -100.00
 241   -14.593 57045.00931315 50.64  45.984930  48.283578 16.642 -100.00 -100.00 -100.00
 242   -14.169 57054.92495470 39.24  45.981232  48.278819 28.615 -100.00 -100.00 -100.00
 242   -14.271 57054.92495529 41.81  45.983499  48.280978   -100 -100.00 -100.00 -100.00
 242   -14.102 57054.92495588 40.10  45.985767  48.283138   -100 -100.00 -100.00 -100.00
 243   -14.823 57064.84059242 33.60  45.983634  48.276830 18.601 -100.00 -100.00 -100.00
 243   -14.838 57064.84059301 34.00  45.985901  48.278989 21.189 -100.00 -100.00 -100.00
 243   -14.817 57064.84059360 34.59  45.988169  48.281148 21.975 -100.00 -100.00 -100.00
 244   -15.214 57074.75622567 28.72  45.986270  48.275741 11.656 -100.00 -100.00 -100.00
 244   -15.146 57074.75622626 28.92  45.988538  48.277900 11.217 -100.00 -100.00 -100.00
 244   -15.332 57074.75622685 29.58  45.990805  48.280059 13.316 -100.00 -100.00 -100.00
 245   -15.084 57084.67185543 38.19  45.986807  48.273905   -100 -100.00 -100.00 -100.00
 245   -15.193 57084.67185602 38.50  45.989074  48.276064   -100 -100.00 -100.00 -100.00
 245   -15.104 57084.67185661 39.58  45.991341  48.278223   -100 -100.00 -100.00 -100.00
 246   -15.805 57094.58750918 28.91  45.983205  48.277040   -100 -100.00 -100.00 -100.00
 246   -14.904 57094.58750977 25.27  45.985473  48.279199 19.292 -100.00 -100.00 -100.00
 246   -14.428 57094.58751036 24.65  45.987740  48.281358 15.511 -100.00 -100.00 -100.00
 247   -15.297 57104.50316612 22.02  45.979542  48.279869 15.002 -100.00 -100.00 -100.00
 247   -15.047 57104.50316671 21.27  45.981810  48.282028 11.797 -100.00 -100.00 -100.00
 247   -14.624 57104.50316730 21.37  45.984078  48.284188 12.180 -100.00 -100.00 -100.00
 248   -15.219 57114.41881901 19.95  45.979719  48.281669 13.339 -100.00 -100.00 -100.00
 248   -14.928 57114.41881960 17.90  45.981987  48.283829  8.493 -100.00 -100.00 -100.00
 248   -14.316 57114.41882019 24.06  45.984255  48.285988 21.031 -100.00 -100.00 -100.00
 249   -16.219 57124.33446525 31.21  45.981067  48.280482 15.726 -100.00 -100.00 -100.00
 249   -16.419 57124.33446584 29.01  45.983334  48.282641  9.986 -100.00 -100.00 -100.00
 249   -16.817 57124.33446643 30.18  45.985602  48.284800 12.338 -100.00 -100.00 -100.00
 250   -14.965 57134.25010623 19.68  45.983309  48.279703 10.070 -100.00 -100.00 -100.00
 250   -14.712 57134.25010682 24.76  45.985577  48.281863 19.855 -100.00 -100.00 -100.00
 250   -14.744 57134.25010741 27.65  45.987845  48.284022 31.666 -100.00 -100.00 -100.00
 251   -15.559 57144.16574207 43.54  45.983357  48.276992 32.103 -100.00 -100.00 -100.00
 251   -15.550 57144.16574266 47.55  45.985625  48.279151   -100 -100.00 -100.00 -100.00
 251   -16.149 57144.16574325 50.80  45.987893  48.281310   -100 -100.00 -100.00 -100.00
 252   -12.412 57154.08137529 51.28  45.983091  48.275107  2.784 -100.00 -100.00 -100.00
 252   -12.447 57154.08137588 51.63  45.985358  48.277266 16.831 -100.00 -100.00 -100.00
 252   -12.619 57154.08137647 49.93  45.987626  48.279425 27.986 -100.00 -100.00 -100.00
 252   -12.448 57154.08137706 46.26  45.989894  48.281584  1.818 -100.00 -100.00 -100.00
 253    32.591 57163.99701168 24.25  45.984582  48.275223 18.685 -100.00 -100.00 -100.00
 253    34.785 57163.99701227 18.84  45.986849  48.277383  9.174 -100.00 -100.00 -100.00
 253    33.573 57163.99701286 25.19  45.989116  48.279542 16.714 -100.00 -100.00 -100.00
 254   -13.023 57173.91266827 48.30  45.982588  48.276432   -100 -100.00 -100.00 -100.00
 254   -12.994 57173.91266886 50.69  45.984856  48.278591   -100 -100.00 -100.00 -100.00
 254   -12.834 57173.91266945 53.44  45.987123  48.280750  2.694 -100.00 -100.00 -100.00
 255   -14.065 57183.82832163 26.84  45.983084  48.276742 20.788 -100.00 -100.00 -100.00
 255   -14.072 57183.82832222 23.90  45.985351  48.278901 11.820 -100.00 -100.00 -100.00
 255   -13.923 57183.82832281 28.28  45.987618  48.281060 22.966 -100.00 -100.00 -100.00
 256   -15.869 57193.74397079 44.18  45.982777  48.275437   -100 -100.00 -100.00 -100.00
 256   -15.987 57193.74397138 41.72  45.985044  48.277595   -100 -100.00 -100.00 -100.00
 256   -16.078 57193.74397197 40.31  45.987312  48.279754   -100 -100.00 -100.00 -100.00
 256   -14.771 57193.74397256 38.71  45.989579  48.281913 22.501 -100.00 -100.00 -100.00
 257   -15.828 57203.65961813 40.14  45.982440  48.275981 27.114 -100.00 -100.00 -100.00
 257   -16.240 57203.65961872 44.37  45.984707  48.278140   -100 -100.00 -100.00 -100.00
 257   -16.330 57203.65961931 46.03  45.986975  48.280299 10.528 -100.00 -100.00 -100.00
 257   -16.132 57203.65961990 41.41  45.989243  48.282457   -100 -100.00 -100.00 -100.00
 258   -14.828 57213.57525254 22.22  45.981812  48.277909 15.275 -100.00 -100.00 -100.00
 258   -14.973 57213.57525313 22.38  45.984079  48.280068 16.435 -100.00 -100.00 -100.00
 258   -14.588 57213.57525372 22.60  45.986347  48.282227 13.442 -100.00 -100.00 -100.00
 259   -16.520 57223.49089682 35.24  45.981738  48.279305   -100 -100.00 -100.00 -100.00
 259   -16.668 57223.49089741 31.85  45.984006  48.281464 23.066 -100.00 -100.00 -100.00
 259   -16.515 57223.49089800 29.37  45.986273  48.283623 18.520 -100.00 -100.00 -100.00
 260   -15.869 57233.40653934 31.61  45.982955  48.279675   -100 -100.00 -100.00 -100.00
 260   -16.045 57233.40653993 29.40  45.985223  48.281834 27.633 -100.00 -100.00 -100.00
 260   -15.102 57233.40654052 27.53  45.987490  48.283993 22.854 -100.00 -100.00 -100.00
 261   -15.186 57243.32217804 19.70  45.982125  48.276436 12.323 -100.00 -100.00 -100.00
 261   -15.515 57243.32217863 24.82  45.984392  48.278595 25.586 -100.00 -100.00 -100.00
 261   -14.855 57243.32217922 22.92  45.986659  48.280754 15.376 -100.00 -100.00 -100.00
 261   -14.946 57243.32217981 22.04  45.988927  48.282913 14.720 -100.00 -100.00 -100.00
 262   -16.485 57253.23781502 31.40  45.984919  48.276410 21.652 -100.00 -100.00 -100.00
 262   -16.459 57253.23781561 30.28  45.987186  48.278569 19.800 -100.00 -100.00 -100.00
 262   -15.132 57253.23781620 28.72  45.989454  48.280728 15.263 -100.00 -100.00 -100.00
 263   -15.802 57263.15344971 27.04  45.984181  48.274581 10.781 -100.00 -100.00 -100.00
 263   -15.787 57263.15345030 25.85  45.986448  48.276740  8.706 -100.00 -100.00 -100.00
 263   -15.199 57263.15345089 27.29  45.988715  48.278899 12.032 -100.00 -100.00 -100.00
 264   -15.128 57273.06908657 42.50  45.983672  48.274534 26.174 -100.00 -100.00 -100.00
 264   -15.255 57273.06908716 45.57  45.985939  48.276693 29.390 -100.00 -100.00 -100.00
 264   -15.358 57273.06908775 50.75  45.988206  48.278852   -100 -100.00 -100.00 -100.00
 264   -15.586 57273.06908834 53.43  45.990474  48.281011  1.382 -100.00 -100.00 -100.00
 265   -15.473 57282.98474413 41.38  45.981528  48.277606 25.827 -100.00 -100.00 -100.00
 265   -15.611 57282.98474472 47.57  45.983795  48.279765   -100 -100.00 -100.00 -100.00
 265   -15.958 57282.98474531 50.91  45.986062  48.281924   -100 -100.00 -100.00 -100.00
 266   -16.360 57292.90039890 36.05  45.980913  48.279114 32.153 -100.00 -100.00 -100.00
 266   -16.495 57292.90039949 41.29  45.983180  48.281273   -100 -100.00 -100.00 -100.00
 266   -16.327 57292.90040008 41.55  45.985447  48.283432   -100 -100.00 -100.00 -100.00
 267   -15.833 57302.81605042 21.65  45.982290  48.280221 14.754 -100.00 -100.00 -100.00
 267   -15.642 57302.81605101 21.88  45.984557  48.282380 13.272 -100.00 -100.00 -100.00
 267   -15.450 57302.81605160 24.00  45.986824  48.284539 19.567 -100.00 -100.00 -100.00
 268   -16.191 57312.73169791 46.48  45.982864  48.279968   -100 -100.00 -100.00 -100.00
 268   -16.131 57312.73169850 46.12  45.985132  48.282127   -100 -100.00 -100.00 -100.00
 268   -16.314 57312.73169909 43.84  45.987399  48.284285  4.357 -100.00 -100.00 -100.00
 269   -16.344 57322.64734185 36.79  45.980741  48.278593   -100 -100.00 -100.00 -100.00
 269   -16.469 57322.64734244 31.79  45.983008  48.280751   -100 -100.00 -100.00 -100.00
 269   -16.389 57322.64734303 28.05  45.985276  48.282910 21.182 -100.00 -100.00 -100.00
 270   -16.134 57332.56298463 22.97  45.981488  48.280254 18.950 -100.00 -100.00 -100.00
 270   -15.605 57332.56298522 21.14  45.983756  48.282412 11.905 -100.00 -100.00 -100.00
 270   -15.300 57332.56298581 21.70  45.986024  48.284571 14.863 -100.00 -100.00 -100.00
 271   -15.940 57342.47862501 25.04  45.981357  48.279763 20.361 -100.00 -100.00 -100.00
 271   -15.735 57342.47862560 22.90  45.983625  48.281922 14.213 -100.00 -100.00 -100.00
 271   -15.948 57342.47862619 23.60  45.985892  48.284081 16.769 -100.00 -100.00 -100.00
 272   -16.174 57352.39427748 24.43  45.980379  48.280256 22.417 -100.00 -100.00 -100.00
 272   -16.209 57352.39427807 22.02  45.982647  48.282415 14.228 -100.00 -100.00 -100.00
 272   -16.721 57352.39427866 27.06  45.984915  48.284574 30.060 -100.00 -100.00 -100.00
 273   -16.201 57362.30992188 25.24  45.981358  48.278745 26.734 -100.00 -100.00 -100.00
 273   -16.123 57362.30992247 21.85  45.983626  48.280905 15.420 -100.00 -100.00 -100.00
 273   -16.085 57362.30992306 23.90  45.985894  48.283064 21.901 -100.00 -100.00 -100.00
 274   -15.780 57372.22556314 23.58  45.983628  48.277821 22.240 -100.00 -100.00 -100.00
 274   -15.748 57372.22556373 24.71  45.985896  48.279980 24.021 -100.00 -100.00 -100.00
 274   -15.638 57372.22556432 29.33  45.988164  48.282139   -100 -100.00 -100.00 -100.00
 275   -14.878 57382.14120207 41.19  45.983589  48.276617 31.752 -100.00 -100.00 -100.00
 275   -15.470 57382.14120266 48.03  45.985857  48.278776   -100 -100.00 -100.00 -100.00
 275   -15.285 57382.14120325 40.20  45.988125  48.280935   -100 -100.00 -100.00 -100.00
 276   -14.805 57392.05684023 41.30  45.982835  48.275456 26.954 -100.00 -100.00 -100.00
 276   -14.811 57392.05684082 42.27  45.985102  48.277615 27.821 -100.00 -100.00 -100.00
 276   -15.362 57392.05684141 48.88  45.987370  48.279774   -100 -100.00 -100.00 -100.00
 276   -15.489 57392.05684200 49.94  45.989638  48.281933 30.951 -100.00 -100.00 -100.00
 277   -13.996 57401.97247809 46.80  45.985450  48.276521 28.612 -100.00 -100.00 -100.00
 277   -14.319 57401.97247868 50.93  45.987718  48.278681   -100 -100.00 -100.00 -100.00
 277   -14.645 57401.97247927 54.81  45.989986  48.280840 27.325 -100.00 -100.00 -100.00
 278   -14.541 57411.88812029 42.26  45.986012  48.276031   -100 -100.00 -100.00 -100.00
 278   -14.547 57411.88812088 44.37  45.988279  48.278190   -100 -100.00 -100.00 -100.00
 278   -14.314 57411.88812147 45.25  45.990547  48.280349   -100 -100.00 -100.00 -100.00
 279   -12.236 57421.80377167 41.49  45.983299  48.275711   -100 -100.00 -100.00 -100.00
 279   -12.088 57421.80377226 40.36  45.985567  48.277870 26.435 -100.00 -100.00 -100.00
 279   -12.172 57421.80377285 43.54  45.987834  48.280029   -100 -100.00 -100.00 -100.00
 280   -14.520 57431.71942119 31.99  45.982529  48.278276 23.411 -100.00 -100.00 -100.00
 280   -14.294 57431.71942178 30.10  45.984797  48.280435 15.510 -100.00 -100.00 -100.00
 280   -14.040 57431.71942237 29.92  45.987065  48.282594 13.422 -100.00 -100.00 -100.00
 281   -14.202 57441.63506882 24.85  45.981225  48.280433  9.342 -100.00 -100.00 -100.00
 281   -14.443 57441.63506941 27.54  45.983492  48.282592 17.862 -100.00 -100.00 -100.00
 281   -14.832 57441.63507000 27.85  45.985760  48.284751 16.190 -100.00 -100.00 -100.00
 282   -14.149 57451.55071538 25.64  45.979477  48.280617 20.376 -100.00 -100.00 -100.00
 282   -13.784 57451.55071597 22.14  45.981745  48.282776 12.552 -100.00 -100.00 -100.00
 282   -13.057 57451.55071657 25.64  45.984013  48.284935 17.199 -100.00 -100.00 -100.00
 283   -15.565 57461.46636065 44.71  45.980077  48.281046   -100 -100.00 -100.00 -100.00
 283   -15.384 57461.46636124 48.85  45.982345  48.283205   -100 -100.00 -100.00 -100.00
 283   -15.687 57461.46636183 49.84  45.984613  48.285364 12.360 -100.00 -100.00 -100.00
 284   -11.672 57471.38200223 24.01  45.981831  48.279517 14.112 -100.00 -100.00 -100.00
 284   -14.197 57471.38200282 23.94  45.984099  48.281677 12.198 -100.00 -100.00 -100.00
 284   -13.656 57471.38200341 23.12  45.986367  48.283836 11.713 -100.00 -100.00 -100.00
 285   -14.925 57481.29763951 26.21  45.983135  48.276861 25.640 -100.00 -100.00 -100.00
 285   -14.657 57481.29764010 26.58  45.985402  48.279020 26.774 -100.00 -100.00 -100.00
 285   -14.932 57481.29764069 32.18  45.987670  48.281180   -100 -100.00 -100.00 -100.00
 286   -14.904 57491.21327407 26.67  45.985461  48.276054 19.353 -100.00 -100.00 -100.00
 286   -14.845 57491.21327466 26.24  45.987729  48.278213 15.795 -100.00 -100.00 -100.00
 286   -14.789 57491.21327525 31.56  45.989996  48.280372   -100 -100.00 -100.00 -100.00
 287   -12.007 57501.12890586 35.18  45.985475  48.273223   -100 -100.00 -100.00 -100.00
 287   -11.927 57501.12890645 33.54  45.987742  48.275382 27.826 -100.00 -100.00 -100.00
 287   -11.672 57501.12890704 33.85  45.990010  48.277541 21.893 -100.00 -100.00 -100.00
 288   -10.567 57511.04455370 38.20  45.986045  48.275259   -100 -100.00 -100.00 -100.00
 288   -10.363 57511.04455429 38.26  45.988312  48.277418 31.804 -100.00 -100.00 -100.00
 288   -10.301 57511.04455488 38.10  45.990580  48.279577 25.687 -100.00 -100.00 -100.00
 289    -9.897 57520.96020866 39.00  45.983006  48.275452   -100 -100.00 -100.00 -100.00
 289   -10.158 57520.96020925 37.93  45.985273  48.277611   -100 -100.00 -100.00 -100.00
 289    -9.770 57520.96020984 38.27  45.987541  48.279770 30.308 -100.00 -100.00 -100.00
 289    -9.673 57520.96021043 42.06  45.989809  48.281929   -100 -100.00 -100.00 -100.00
 290    -9.653 57530.87586179 49.44  45.983889  48.277412   -100 -100.00 -100.00 -100.00
 290   -10.003 57530.87586238 53.06  45.986156  48.279571   -100 -100.00 -100.00 -100.00
 290    -9.842 57530.87586297 47.24  45.988424  48.281730   -100 -100.00 -100.00 -100.00
 291   -11.031 57540.79151081 51.72  45.982282  48.275922 15.677 -100.00 -100.00 -100.00
 291   -10.946 57540.79151140 51.76  45.984550  48.278081 15.262 -100.00 -100.00 -100.00
 291   -10.887 57540.79151199 52.71  45.986817  48.280240 10.437 -100.00 -100.00 -100.00
 291   -11.160 57540.79151258 52.22  45.989085  48.282399 13.968 -100.00 -100.00 -100.00
 292   -14.103 57550.70715811 46.02  45.984347  48.278081   -100 -100.00 -100.00 -100.00
 292   -13.945 57550.70715870 48.55  45.986614  48.280240   -100 -100.00 -100.00 -100.00
 292   -14.144 57550.70715929 47.35  45.988882  48.282399   -100 -100.00 -100.00 -100.00
 293   -15.454 57560.62280365 35.24  45.983711  48.278641   -100 -100.00 -100.00 -100.00
 293   -15.479 57560.62280424 41.48  45.985979  48.280800   -100 -100.00 -100.00 -100.00
 293   -15.424 57560.62280483 40.14  45.988247  48.282958   -100 -100.00 -100.00 -100.00
 294   -11.851 57570.53844895 24.32  45.983352  48.279795  8.136 -100.00 -100.00 -100.00
 294   -12.552 57570.53844954 24.63  45.985619  48.281953  7.893 -100.00 -100.00 -100.00
 294   -11.986 57570.53845013 26.72  45.987887  48.284112 12.251 -100.00 -100.00 -100.00
 295   -16.127 57580.45409341 41.20  45.981105  48.278049   -100 -100.00 -100.00 -100.00
 295   -16.191 57580.45409400 40.76  45.983372  48.280208   -100 -100.00 -100.00 -100.00
 295   -16.014 57580.45409459 41.63  45.985640  48.282367   -100 -100.00 -100.00 -100.00
 296   -16.555 57590.36973712 37.51  45.983483  48.279375 26.075 -100.00 -100.00 -100.00
 296   -16.592 57590.36973771 36.06  45.985751  48.281534 21.459 -100.00 -100.00 -100.00
 296   -16.779 57590.36973830 37.56  45.988018  48.283693 25.445 -100.00 -100.00 -100.00
 297   -13.365 57600.28537698 21.94  45.981715  48.276954 10.394 -100.00 -100.00 -100.00
 297   -13.500 57600.28537757 23.87  45.983982  48.279114 16.138 -100.00 -100.00 -100.00
 297   -13.285 57600.28537816 26.83  45.986250  48.281272 21.442 -100.00 -100.00 -100.00
 297   -13.022 57600.28537875 25.47  45.988517  48.283431 14.282 -100.00 -100.00 -100.00
