#   23.008 -19.673  23.360 ;Mean Elev.(m), Avg Gradient(m/km), RMS Gradient(m/km) - SRTM1     
#   19.019 -20.287  24.465 ;Mean Elev.(m), Avg Gradient(m/km), RMS Gradient(m/km) - ASTER GDEM
#   23.000 -20.461  23.473 ;Mean Elev.(m), Avg Gradient(m/km), RMS Gradient(m/km) - GMTED2010 
   1  48.206102  52.521169    81.562    81.421  3 54662.28927802  9.465
   2  48.236390  52.545899    28.370    28.322  6 54672.20493007 28.074
   3  48.179274  52.506156    28.062    28.071 47 54682.12056179 18.567
   4  48.179297  52.505902    28.084    28.144 47 54692.03620406 40.183
   5  48.180586  52.503572    27.932    27.944 47 54701.95184366 22.774
   7  48.181393  52.501551    28.274    28.269 47 54721.78314203 30.547
  12  48.238317  52.547976    28.511    28.495  4 54771.36138884 22.848
  13  48.179351  52.502372    28.106    28.131 47 54781.27701710 18.827
  15  48.216529  52.528671    60.769    39.761 20 54801.10830075 31.843
  16  48.180801  52.502200    27.971    28.025 47 54811.02393029 22.631
  17  48.180395  52.501469    28.403    28.395 47 54820.93957035 51.905
  18  48.181360  52.503384    28.174    28.188 47 54830.85522280 47.662
  19  48.179976  52.504785    28.169    28.188 47 54840.77086154 39.284
  20  48.178251  52.507518    28.083    28.086 47 54850.68651082 32.059
  21  48.177925  52.511015    28.195    28.192 48 54860.60216005 31.591
  22  48.178759  52.513318    28.343    28.337 48 54870.51780933 26.089
  23  48.178160  52.510848    28.269    28.258 48 54880.43345638 25.989
  24  48.179319  52.507418    28.606    28.611 48 54890.34910018 24.683
  25  48.178704  52.504373    28.445    28.437 47 54900.26474076 24.267
  26  48.179232  52.505749    28.298    28.288 47 54910.18037996 18.217
  27  48.178114  52.506918    28.524    28.543 47 54920.09601763 38.850
  28  48.179712  52.507541    28.506    28.499 47 54930.01165498 27.795
  29  48.181176  52.504225    28.349    28.498 47 54939.92729055 21.464
  30  48.182549  52.499634    28.432    28.498 46 54949.84292430 28.607
  31  48.183373  52.497538    28.222    28.302 46 54959.75856260 21.363
  32  48.182320  52.499551    28.394    28.563 46 54969.67421138 48.201
  33  48.180810  52.501988    27.987    27.878 46 54979.58985916 31.726
  34  48.180605  52.504450    28.359    28.359 47 54989.50550694 17.536
  35  48.179388  52.504288    28.240    28.232 48 54999.42115423 19.334
  36  48.179975  52.505041    28.274    28.278 47 55009.33680002 18.642
  37  48.179744  52.505191    28.271    28.289 48 55019.25244383 18.569
  38  48.178504  52.506132    27.978    28.241 47 55029.16808627 21.344
  39  48.178774  52.508194    27.736    27.856 48 55039.08372836 31.701
  40  48.179123  52.507729    33.296    32.888 48 55048.99936873 17.424
  41  48.178700  52.503184    27.797    27.927 47 55058.91500625 23.284
  42  48.181072  52.500069    25.550    25.188 46 55068.83064503 30.143
  43  48.182536  52.500497    28.342    28.363 46 55078.74629499 45.830
  44  48.180240  52.501723    27.560    28.016 47 55088.66194271 21.895
  45  48.178512  52.504815    28.026    28.027 47 55098.57758949 19.242
  46  48.178309  52.507131    27.111    27.877 47 55108.49323584 38.663
  47  48.178747  52.505939    25.255    25.730 47 55118.40888064 29.217
  48  48.180862  52.503717    28.096    28.023 47 55128.32452303 27.491
  49  48.180969  52.501192    28.125    28.180 46 55138.24016299 20.301
  50  48.180605  52.501242    27.731    27.826 46 55148.15580162 24.947
  51  48.179745  52.502500    26.839    27.269 47 55158.07143971 24.470
  52  48.179602  52.503294    27.746    27.785 47 55167.98707754 19.667
  53  48.179922  52.502293    28.144    28.148 47 55177.90271444 51.955
  54  48.180133  52.501461    28.189    28.188 47 55187.81835868 27.964
  55  48.180073  52.503601    28.024    28.004 47 55197.73400979 18.898
  56  48.179385  52.506826    28.012    27.987 47 55207.64966010 21.822
  57  48.177858  52.508987    27.890    27.897 47 55217.56530968 20.869
  58  48.178020  52.510148    28.235    28.250 47 55227.48095862 19.587
  59  48.178521  52.508409    28.219    28.233 47 55237.39660428 20.308
  60  48.178804  52.504708    28.104    28.072 47 55247.31224607 18.064
  61  48.179600  52.503154    28.258    28.242 47 55257.22788564 17.745
  62  48.180132  52.504305    28.530    28.527 47 55267.14352455 16.928
  63  48.179633  52.505935    30.874    29.412 47 55277.05916278 15.315
  64  48.178931  52.504859    28.528    28.516 48 55286.97479938 18.528
  65  48.181509  52.502655    29.320    28.822 47 55296.89043382 22.848
  66  48.182261  52.499449    28.718    28.781 46 55306.80607410 39.290
  67  48.182493  52.499452    28.360    28.699 46 55316.72172068 25.505
  68  48.181297  52.500915    28.990    28.872 46 55326.63736625 21.805
  69  48.181075  52.504056    29.034    28.936 47 55336.55301130 21.646
  70  48.179275  52.504973    28.488    28.506 47 55346.46865539 26.029
  71  48.179439  52.505369    28.118    28.101 48 55356.38429824 21.758
  72  48.179595  52.504879    27.792    27.813 47 55366.29993886 31.369
  73  48.179741  52.504133    28.356    28.396 47 55376.21557789 20.346
  74  48.180713  52.504396    28.416    28.368 47 55386.13121610 45.652
  75  48.179153  52.502619    27.610    27.945 47 55396.04685278 20.025
  76  48.180319  52.502180    28.122    28.114 47 55405.96249369 32.132
  77  48.181651  52.503185    28.095    28.110 47 55415.87814512 45.954
  78  48.180543  52.501305    27.638    27.788 46 55425.79379261 27.365
  79  48.181660  52.501671    27.565    27.728 46 55435.70943814 23.345
  80  48.180388  52.502318    28.469    28.497 47 55445.62508230 17.376
  81  48.180258  52.504678    28.169    28.244 47 55455.54072617 18.704
  82  48.179540  52.505271    28.208    28.199 48 55465.45636900 19.344
  83  48.180387  52.503673    28.178    28.212 47 55475.37200867 45.484
  84  48.181714  52.500659    28.226    28.223 47 55485.28764502 18.452
  85  48.182636  52.498383    28.718    28.197 46 55495.20327924 20.518
  86  48.182840  52.498278    27.875    27.895 46 55505.11891289 22.742
  87  48.181068  52.501565    29.028    28.314 46 55515.03456366 19.046
  88  48.179527  52.503678    33.108    33.816 48 55524.95021335 19.109
  89  48.197912  52.518849    47.233    28.149 34 55534.86586512 39.576
  90  48.180121  52.506264    28.378    28.371 47 55544.78150703 48.060
  91  48.179545  52.506766    28.107    28.085 47 55554.69715090 35.310
  92  48.178542  52.507216    28.233    28.235 48 55564.61279388 28.244
  93  48.179467  52.507330    28.172    28.190 48 55574.52843644 23.190
  94  48.179530  52.504822    28.309    28.297 47 55584.44407697 19.908
  95  48.181076  52.502251    28.266    28.274 46 55594.35971422 18.755
  96  48.182163  52.499793    28.423    28.393 46 55604.27534806 16.327
  97  48.182754  52.498270    28.380    28.364 46 55614.19097978 16.600
  98  48.183062  52.498747    28.578    28.573 45 55624.10661802 16.640
  99  48.181117  52.500516    28.674    28.678 47 55634.02227051 14.292
 100  48.180840  52.501581    28.279    28.281 47 55643.93792078 16.527
 101  48.181492  52.501879    28.689    28.494 46 55653.85356818 17.141
 102  48.161698  52.486301   150.407   150.648 32 55663.76920666  4.739
 103  48.182060  52.501573    28.097    27.612 46 55673.68485112 33.726
 104  48.180514  52.501459    28.844    28.483 46 55683.60048963 23.088
 105  48.180479  52.501844    27.498    27.431 46 55693.51612710 27.129
 106  48.181085  52.501347    26.015    26.304 46 55703.43176300 32.159
 107  48.180541  52.501290    28.897    28.471 46 55713.34740785 17.498
 108  48.180205  52.503253    29.587    28.797 47 55723.26305746 18.538
 109  48.179723  52.505267    28.330    28.395 48 55733.17870499 32.515
 110  48.179889  52.506808    26.821    28.177 47 55743.09435114 20.719
 111  48.178390  52.505327    28.545    28.425 47 55753.00999522 18.687
 112  48.180023  52.503599    25.977    26.098 47 55762.92563725 24.384
 113  48.181227  52.501144    27.462    27.732 46 55772.84127633 23.657
 114  48.181360  52.498935    27.928    28.014 46 55782.75691194 26.130
 115  48.182719  52.499328    27.003    27.629 45 55792.67254570 23.150
 116  48.181829  52.498354    27.896    28.105 46 55802.58818000 26.737
 117  48.181343  52.500215    30.012    28.500 46 55812.50383046 17.914
 118  48.181106  52.500004    29.721    28.360 46 55822.41947893 18.745
 119  48.183678  52.500338    30.336    29.998 46 55832.33512293 20.145
 120  48.183227  52.498695    30.797    29.419 45 55842.25076183 18.196
 121  48.182371  52.498260    27.533    27.912 46 55852.16639769 27.069
 122  48.181575  52.498677    28.526    28.256 46 55862.08203157 17.197
 123  48.198541  52.515793    47.062    27.987 34 55871.99769037 22.263
 124  48.179838  52.503026    28.053    28.083 47 55881.91333610 18.249
 125  48.180438  52.502818    28.535    28.549 47 55891.82897916 47.893
 126  48.180253  52.501558    28.546    28.531 47 55901.74461631 49.907
 127  48.180628  52.501352    28.408    28.400 46 55911.66025055 30.769
 128  48.179157  52.504752    28.166    28.166 47 55921.57590563 25.262
 129  48.179626  52.506084    28.152    28.138 48 55931.49155794 22.411
 130  48.179680  52.503733    28.377    28.363 48 55941.40720554 20.924
 131  48.180223  52.501189    28.330    28.331 47 55951.32284865 20.306
 132  48.181292  52.501264    28.018    28.006 46 55961.23848839 19.114
 133  48.181436  52.502689    28.103    28.099 47 55971.15412588 19.395
 134  48.179941  52.502193    28.369    28.371 47 55981.06976158 19.666
 135  48.181222  52.500473    28.681    28.673 46 55990.98539611 22.857
 136  48.182159  52.499464    28.616    28.623 46 56000.90104124 19.781
 137  48.182235  52.499282    28.425    28.427 46 56010.81669135 19.767
 138  48.181472  52.500127    28.256    28.260 46 56020.73233776 24.345
 139  48.187603  52.507814   154.299   154.738 41 56030.64798313  4.491
 140  48.179490  52.504801    28.310    28.365 47 56040.56362353 40.146
 141  48.197375  52.518381    28.893    28.866 35 56050.47926692 21.326
 142  48.181004  52.504135    27.711    27.753 47 56060.39489988 22.953
 143  48.181036  52.500630    28.796    28.809 46 56070.31053605 37.700
 144  48.180835  52.502560    28.647    28.630 46 56080.22618722 22.624
 145  48.180087  52.505057    28.633    28.638 47 56090.14183563 50.379
 146  48.179297  52.506640    32.161    32.066 48 56100.05748136 18.701
 147  48.179367  52.505769    27.242    27.907 47 56109.97311263 21.301
 148  48.180264  52.502178    27.436    27.949 47 56119.88875203 24.229
 149  48.182987  52.498916    27.328    27.769 45 56129.80438803 23.986
 150  48.181940  52.495356    28.315    28.324 45 56139.72002060 44.094
 151  48.182702  52.500681    28.508    27.942 46 56149.63567171 19.872
 152  48.179616  52.502752    27.835    27.878 47 56159.55132105 23.018
 153  48.179517  52.503808    29.479    28.680 47 56169.46696915 19.614
 154  48.179651  52.501573    28.663    28.337 47 56179.38261330 16.241
 155  48.181607  52.500121    28.406    28.285 46 56189.29825349 19.380
 156  48.181983  52.499426    29.298    28.625 46 56199.21389042 16.455
 157  48.182129  52.500607    28.263    28.330 47 56209.12952484 34.540
 158  48.181676  52.501292    28.315    28.349 46 56219.04515726 18.658
 159  48.181496  52.503549    29.035    28.266 47 56228.96080460 18.583
 160  48.180467  52.503750    27.797    27.874 47 56238.87645816 24.048
 161  48.181122  52.504375    29.142    28.442 47 56248.79210815 18.964
 162  48.179481  52.503050    28.166    28.164 47 56258.70775280 21.551
 163  48.179535  52.504246    28.684    28.493 47 56268.62339516 22.289
 164  48.179934  52.505192    28.005    27.991 47 56278.53903587 48.425
 165  48.178309  52.505083    28.274    28.274 47 56288.45468546 36.625
 166  48.179844  52.504401    28.220    28.225 48 56298.37033450 33.573
 167  48.179764  52.501814    28.248    28.241 47 56308.28597910 26.540
 168  48.180633  52.501599    28.197    28.195 46 56318.20162146 22.126
 169  48.180794  52.503761    30.329    30.083 47 56328.11726277  9.551
 170  48.179914  52.504616    27.987    27.969 47 56338.03290270 17.670
 171  48.180872  52.503962    28.136    28.143 47 56347.94854064 16.873
 172  48.182905  52.501161    28.235    28.247 46 56357.86417559 14.822
 173  48.192714  52.508240    34.666    34.793 38 56367.77982700 10.643
 175  48.163327  52.492642   155.921   153.614 36 56387.61111549  3.623
 176  48.179378  52.507566    29.518    28.395 47 56397.52676301 23.581
 177  48.178478  52.507302    27.803    28.303 48 56407.44240416 22.851
 178  48.179652  52.505472    28.941    28.966 47 56417.35804133 47.320
 179  48.181386  52.501968    27.761    27.797 47 56427.27367350 30.728
 180  48.181429  52.503779    29.167    29.174 47 56437.18932608 50.259
 181  48.179698  52.505544    28.613    28.758 48 56447.10497761 23.086
 182  48.178741  52.507051    28.653    28.534 47 56457.02062685 18.841
 183  48.178663  52.506822    28.155    28.343 48 56466.93627265 22.056
 184  48.180066  52.505146    26.728    27.871 47 56476.85191437 22.167
 185  48.180522  52.501524    26.832    28.016 46 56486.76755208 22.487
 186  48.182969  52.501081    27.515    27.660 46 56496.68318795 24.512
 187  48.182377  52.500025    30.797    29.331 46 56506.59882220 17.329
 188  48.181144  52.498797    27.366    27.868 46 56516.51445698 22.923
 189  48.180777  52.501266    28.270    28.421 47 56526.43011212 18.155
 190  48.180297  52.501284    28.296    28.303 47 56536.34576266 16.831
 192  48.201331  52.518409    58.335    49.834 32 56556.17705807 20.969
 193  48.178582  52.503877    27.145    27.661 47 56566.09269619 24.446
 194  48.178795  52.505711    27.052    27.882 48 56576.00833773 26.301
 195  48.179861  52.505447    26.228    27.730 47 56585.92397575 24.764
 196  48.180611  52.503185    28.910    28.208 47 56595.83961331 17.970
 197  48.179905  52.503803    26.755    26.905 48 56605.75526569 29.223
 198  48.178841  52.503869    27.011    26.965 47 56615.67091320 29.387
 199  48.200845  52.520474    32.517    28.071 31 56625.58656208 21.992
 200  48.178684  52.503611    28.281    28.454 47 56635.50219863 18.407
 201  48.181448  52.503370    28.718    28.738 47 56645.41783788 44.778
 202  48.181106  52.503731    28.681    28.692 47 56655.33349068 38.840
 203  48.180061  52.502707    28.380    28.368 47 56665.24913882 34.234
 204  48.179902  52.503013    28.482    28.470 47 56675.16478443 29.128
 205  48.178551  52.503292    28.225    28.219 47 56685.08042870 22.924
 206  48.180071  52.504891    28.420    28.410 47 56694.99607138 20.840
 207  48.179246  52.502335    28.517    28.510 47 56704.91170866 19.497
 208  48.181598  52.500340    28.436    28.425 47 56714.82734093 18.566
 209  48.180559  52.502052    28.550    28.547 47 56724.74299268 18.263
 210  48.179464  52.504918    28.685    28.673 48 56734.65864305 35.945
 211  48.178822  52.507853    28.881    28.878 47 56744.57429023 42.612
 212  48.147060  52.484897   147.410   147.553 25 56754.48992600  1.952
 213  48.179196  52.505786    28.508    28.505 48 56764.40556941 53.057
 214  48.180848  52.503694    29.188    28.844 47 56774.32120544 19.732
 215  48.186074  52.510673    28.992    28.843 43 56784.23686418 19.989
 216  48.178675  52.508419    28.605    28.446 48 56794.15251646 18.814
 217  48.178371  52.510200    28.682    28.691 47 56804.06816662 28.550
 218  48.179039  52.508915    28.579    28.652 47 56813.98380893 47.419
 219  48.179298  52.505690    28.055    28.093 48 56823.89944740 18.849
 220  48.179758  52.502222    28.152    28.159 47 56833.81508183 18.388
 221  48.182171  52.500772    28.374    28.295 46 56843.73071344 38.299
 222  48.181060  52.500686    28.240    28.245 47 56853.64635600 42.403
 223  48.180416  52.503506    27.866    27.918 47 56863.56201048 21.980
 224  48.179167  52.504641    28.788    28.201 47 56873.47766409 19.010
 225  48.180007  52.505958    27.989    28.038 47 56883.39331474 38.479
 226  48.178777  52.505385    28.825    28.211 48 56893.30896148 17.245
 227  48.179142  52.506998    28.057    27.923 48 56903.22460547 24.186
 228  48.179212  52.509611    27.064    28.239 48 56913.14024752 25.694
 229  48.178870  52.510163    27.466    28.034 47 56923.05588740 25.375
 230  48.178528  52.507992    28.543    28.304 48 56932.97152441 17.128
 231  48.179656  52.504020    27.673    27.965 48 56942.88715598 47.369
 232  48.180000  52.502463    29.202    28.419 47 56952.80280058 17.032
 233  48.179846  52.504124    30.099    29.197 48 56962.71845146 20.717
 234  48.178677  52.505482    28.660    28.678 47 56972.63409746 46.071
 235  48.179195  52.506136    27.995    28.203 47 56982.54973937 30.931
 236  48.179858  52.503524    28.426    28.427 48 56992.46537620 48.256
 237  48.183134  52.500456    28.119    28.133 46 57002.38101065 42.396
 238  48.182249  52.501150    28.333    28.389 46 57012.29666798 24.471
 239  48.180291  52.501820    27.857    27.803 47 57022.21231941 20.231
 240  48.180091  52.504896    27.869    27.853 47 57032.12796849 19.493
 241  48.178595  52.505586    28.250    28.222 47 57042.04361487 15.001
 242  48.179981  52.506143    28.047    28.042 47 57051.95925931 17.601
 243  48.181346  52.504154    28.405    28.386 47 57061.87489904 17.652
 244  48.181905  52.501689    28.567    28.562 46 57071.79053327 17.285
 245  48.181411  52.500122    28.964    28.794 46 57081.70616351 15.249
 246  48.180632  52.503163    28.427    28.449 47 57091.62180824 28.879
 247  48.178741  52.507565    28.444    28.451 48 57101.53746637 26.285
 248  48.178896  52.509235    28.467    28.458 48 57111.45312087 27.121
 249  48.178533  52.506590    28.440    28.430 47 57121.36876881 30.735
 250  48.179249  52.504567    28.737    28.739 48 57131.28441123 51.357
 251  48.179680  52.503809    28.742    28.742 47 57141.20004862 48.676
 252  48.180091  52.504052    28.579    28.596 47 57151.11568277 20.468
 253  48.180668  52.502305    28.500    28.590 46 57161.03131328 20.127
 254  48.180262  52.502767    28.593    28.570 46 57170.94696825 35.891
 255  48.180715  52.502164    27.849    28.226 46 57180.86262296 21.771
 256  48.181392  52.502109    28.533    28.546 47 57190.77827389 42.644
 257  48.181204  52.503668    27.919    28.047 47 57200.69392189 23.302
 258  48.179185  52.504938    27.364    27.809 48 57210.60955615 26.166
 259  48.178575  52.505875    29.025    28.647 47 57220.52520035 18.096
 260  48.179087  52.505121    28.166    28.270 47 57230.44084322 23.594
 261  48.180311  52.503753    29.095    28.672 47 57240.35648370 17.237
 262  48.180593  52.501629    28.594    28.569 47 57250.27212113 31.385
 263  48.181178  52.501696    28.483    28.466 47 57260.18775668 27.314
 264  48.179881  52.501594    28.813    28.948 47 57270.10339063 48.382
 265  48.179500  52.505527    28.091    28.329 48 57280.01904428 26.845
 266  48.178247  52.506260    26.840    28.089 47 57289.93469964 20.280
 267  48.179308  52.506195    28.369    28.377 47 57299.85035217 22.892
 268  48.179770  52.504669    27.800    28.062 48 57309.76600082 22.904
 269  48.179060  52.504649    27.896    27.854 47 57319.68164628 25.010
 270  48.178723  52.506621    29.599    28.393 48 57329.59728934 19.147
 271  48.178452  52.507661    31.651    31.248 47 57339.51293013 17.258
 272  48.179510  52.508639    33.744    31.769 47 57349.42858015 17.796
 273  48.180176  52.505887    28.232    28.230 47 57359.34422564 23.464
 274  48.180826  52.502870    27.790    28.049 47 57369.25986784 23.283
 275  48.180873  52.502243    28.653    28.674 47 57379.17550764 52.343
 276  48.179825  52.502721    28.391    28.376 47 57389.09114600 38.689
 277  48.180787  52.503630    28.080    28.057 47 57399.00678364 26.397
 278  48.180860  52.501585    28.156    28.157 47 57408.92242035 23.151
 279  48.181395  52.502492    28.394    28.389 47 57418.83807328 24.768
 280  48.181111  52.503562    28.397    28.403 47 57428.75372365 21.578
 281  48.178382  52.504687    28.487    28.500 47 57438.66937150 20.692
 282  48.178590  52.508246    28.468    28.471 47 57448.58501887 32.649
 283  48.178234  52.509645    28.449    28.444 47 57458.50066464 35.846
 284  48.178132  52.507688    28.416    28.420 47 57468.41630699 31.243
 285  48.165082  52.493373   157.495   157.560 36 57478.33194202  2.604
 286  48.192548  52.509625    28.587    28.458 38 57488.24758265 18.653
 287  48.182888  52.500037    30.342    29.208 46 57498.16321339 19.171
 288  48.199952  52.513721    47.346    28.631 33 57508.07885753 20.409
 289  48.178741  52.502183    29.431    28.810 47 57517.99450954 21.126
 290  48.179325  52.503832    32.110    31.646 48 57527.91016285 22.368
 291  48.179114  52.502144    29.069    28.717 47 57537.82581273 19.533
 292  48.180444  52.501959    28.295    28.311 46 57547.74146045 18.336
 293  48.179643  52.502087    28.178    28.356 47 57557.65710672 35.069
 294  48.178814  52.503885    28.603    28.468 47 57567.57275235 18.760
 295  48.178487  52.505374    28.439    28.465 47 57577.48839734 24.513
 296  48.178504  52.505389    28.278    28.438 47 57587.40404083 40.422
 297  48.179866  52.505180    28.479    28.452 47 57597.31968197 50.036
