#   10.068  -0.593   2.399 ;Mean Elev.(m), Avg Gradient(m/km), RMS Gradient(m/km) - SRTM1     
#    7.623   0.495   2.688 ;Mean Elev.(m), Avg Gradient(m/km), RMS Gradient(m/km) - ASTER GDEM
#   10.843  -0.356   1.988 ;Mean Elev.(m), Avg Gradient(m/km), RMS Gradient(m/km) - GMTED2010 
   1  47.580323  52.052447    17.327    17.308  4 54662.28914224 30.093
   2  47.580017  52.054686    15.685    15.719  6 54672.20478774 51.719
   3  47.580842  52.057739    18.283     9.852  3 54682.12043191 10.361
   4  47.576870  52.054415    15.621    15.699  6 54692.03607329 33.265
   5  47.579580  52.053108    -8.183   -18.654  5 54701.95171319 10.602
   6  47.581976  52.052406    77.305    79.057  5 54711.86736097  7.602
   7  47.580387  52.051130   -23.867   -23.854  5 54721.78301155 12.481
   8  47.580789  52.053590    16.630    16.562  5 54731.69866053 25.537
   9  47.583982  52.059383    98.010    98.010  2 54741.61430883 11.387
  10  47.577215  52.055901    17.888    17.797  6 54751.52995465 20.120
  12  47.580054  52.055495    17.343    16.410  6 54771.36124614 20.443
  13  47.579506  52.052924    16.179    15.879  6 54781.27688692 30.606
  14  47.581023  52.052747    16.584    16.881  5 54791.19252560 23.442
  15  47.580907  52.052801    15.922    16.022  5 54801.10816289 27.426
  16  47.579665  52.051707    17.075    17.150  5 54811.02379982 39.503
  17  47.582004  52.053015    17.364    17.386  5 54820.93944047 50.599
  18  47.580231  52.052905    19.290    19.177  5 54830.85509233 49.692
  19  47.580160  52.055340    18.683    18.685  6 54840.77073136 45.537
  20  47.576939  52.056986    18.558    18.524  6 54850.68638033 39.958
  21  47.573479  52.058164    18.236    18.227  5 54860.60202889 33.770
  22  47.571914  52.058689    17.393    17.347  5 54870.51767766 32.799
  23  47.572417  52.057020    17.666    17.671  5 54880.43332495 29.149
  24  47.576202  52.055561    16.079    16.073  6 54890.34896932 23.890
  25  47.578400  52.054631    16.819    16.776  6 54900.26461050 22.452
  26  47.577461  52.054931    16.302    16.264  6 54910.18024939 22.954
  27  47.576364  52.056103    16.143    16.045  6 54920.09588706 44.610
  28  47.577095  52.056053    16.060    16.091  6 54930.01152421 49.702
  29  47.580274  52.053965    16.645    16.442  6 54939.92716014 29.116
  30  47.582837  52.050196    20.815    20.694  5 54949.84279412 53.859
  31  47.585056  52.049134    18.779    18.786  4 54959.75843272 32.110
  32  47.582621  52.050134    18.967    18.943  5 54969.67408120 42.844
  33  47.581074  52.052562    17.986    17.755  5 54979.58972898 26.584
  34  47.579473  52.053997   -14.231   -14.498  5 54989.50537647  8.810
  35  47.579865  52.055052    18.606    18.671  6 54999.42102412 22.946
  36  47.579073  52.054783    16.986    17.055  6 55009.33666961 25.972
  37  47.577852  52.054183    18.392    18.392  6 55019.25231320 19.805
  38  47.577607  52.055873    16.099    16.146  6 55029.16795585 41.417
  39  47.575086  52.055830    16.097    15.637  6 55039.08359734 33.256
  40  47.577275  52.056731    17.513    17.420  6 55048.99923810 24.407
  41  47.579031  52.053749    16.646    16.414  6 55058.91487608 32.574
  42  47.581083  52.050380    16.535    16.537  5 55068.83051478 30.950
  43  47.582848  52.051117    16.445    16.384  5 55078.74616482 29.750
  44  47.581851  52.053370    16.515    16.447  5 55088.66181283 34.947
  45  47.579249  52.055837    17.688    17.616  6 55098.57745944 21.007
  46  47.575405  52.055406    16.541    16.222  6 55108.49310499 33.343
  47  47.577725  52.055626    17.144    17.242  5 55118.40875021 21.167
  48  47.579650  52.053264    16.176    16.103  5 55128.32439256 46.095
  49  47.580044  52.050936    16.047    16.123  5 55138.24003257 27.283
  50  47.580404  52.051524    15.873    15.604  5 55148.15567136 27.655
  51  47.580469  52.053449    15.802    15.709  6 55158.07130965 29.290
  52  47.580723  52.054503    15.929    16.026  6 55167.98694757 26.012
  53  47.580201  52.052815    16.038    16.060  6 55177.90258426 33.462
  54  47.581765  52.053017    17.547    17.543  5 55187.81822879 32.566
  55  47.579212  52.053337    16.812    16.798  6 55197.73387937 31.244
  56  47.576829  52.055339    17.398    17.329  6 55207.64952933 34.982
  57  47.575262  52.057484    16.963    16.946  6 55217.56517891 31.170
  58  47.573944  52.057544    16.360    16.349  6 55227.48082754 24.533
  59  47.575732  52.056784    16.738    16.720  5 55237.39647349 22.506
  60  47.579616  52.055801    16.447    16.446  6 55247.31211606 21.746
  61  47.579932  52.053899    16.291    16.265  5 55257.22775552 21.306
  62  47.580722  52.055269    15.912    15.927  6 55267.14339449 22.369
  63  47.578275  52.055399    15.727    15.723  6 55277.05903229 19.863
  64  47.579724  52.055884    16.445    16.387  6 55286.97466934 35.373
  65  47.581300  52.052868    20.898    19.625  5 55296.89030355 25.298
  66  47.583456  52.050701    16.482    16.496  5 55306.80594412 49.819
  67  47.582767  52.050050    19.638    19.634  5 55316.72159050 49.467
  68  47.580466  52.050698    20.480    20.469  5 55326.63723584 28.336
  69  47.580197  52.053827    18.849    18.950  6 55336.55288089 27.925
  70  47.578051  52.054444    17.457    17.055  6 55346.46852490 31.131
  71  47.577937  52.054625    18.318    18.354  6 55356.38416769 25.109
  72  47.578363  52.054340    15.922    15.968  6 55366.29980837 30.619
  73  47.578522  52.053597    15.944    15.745  6 55376.21544740 37.414
  74  47.579600  52.053933    15.365    15.267  5 55386.13108563 33.668
  75  47.579745  52.053371    15.460    15.198  5 55396.04672266 30.997
  76  47.579516  52.051848    15.580    15.484  5 55405.96236326 45.029
  77  47.580627  52.052753    16.067    16.080  5 55415.87801465 33.880
  78  47.580515  52.051648    16.136    15.937  5 55425.79366236 27.610
  79  47.581936  52.052313    15.884    15.882  5 55435.70930796 30.761
  80  47.580904  52.053159    15.116    15.025  5 55445.62495218 29.446
  81  47.580454  52.055298    15.958    15.827  6 55455.54059599 40.764
  82  47.578567  52.054973    15.420    15.085  6 55465.45623857 30.372
  83  47.580239  52.053963    15.525    15.512  6 55475.37187841 31.049
  84  47.581591  52.050936    15.203    15.090  4 55485.28751477 30.266
  85  47.584234  52.049951    15.215    15.210  4 55495.20314936 54.847
  86  47.583381  52.049022    15.854    15.776  4 55505.11878278 25.638
  87  47.581848  52.052519    15.181    15.271  5 55515.03443360 31.596
  88  47.580395  52.054698    15.271    15.184  6 55524.95008331 32.745
  89  47.580073  52.056072    15.721    15.732  6 55534.86573106 30.646
  90  47.577612  52.054787    16.001    15.990  6 55544.78137626 51.104
  91  47.577006  52.055295    16.598    16.702  6 55554.69702014 48.451
  92  47.575893  52.055664    16.184    16.242  6 55564.61266309 48.027
  93  47.576894  52.055827    15.746    15.777  5 55574.52830567 43.495
  94  47.579685  52.055337    15.314    15.277  6 55584.44394680 34.855
  95  47.580893  52.052481    15.923    15.918  5 55594.35958396 34.473
  96  47.582628  52.050494    15.534    15.585  4 55604.27521795 29.975
  97  47.584234  52.049719    15.900    15.848  5 55614.19084988 21.826
  98  47.583213  52.049181    16.196    15.963  5 55624.10648782 16.132
  99  47.581619  52.051241    16.266    16.119  5 55634.02214039 16.134
 100  47.580714  52.051846    16.013    16.048  4 55643.93779053 20.570
 101  47.581909  52.052575    16.658    16.549  5 55653.85343804 29.642
 102  47.581148  52.051050    16.498    16.527  5 55663.76908061 51.678
 103  47.580906  52.051112    17.374    17.413  5 55673.68472064 31.040
 104  47.581294  52.052444    20.143    20.131  5 55683.60035957 34.001
 105  47.580916  52.052531    19.242    19.490  5 55693.51599696 28.039
 106  47.581382  52.051868    17.860    17.899  5 55703.43163282 33.654
 107  47.581024  52.051934    17.038    17.640  5 55713.34727771 25.376
 108  47.580448  52.053776    15.706    15.704  6 55723.26292728 40.620
 109  47.577775  52.054184    15.329    15.427  6 55733.17857435 42.079
 110  47.578622  52.056283    15.733    15.306  6 55743.09422065 31.650
 111  47.578436  52.055762    15.790    15.452  6 55753.00986501 31.658
 112  47.579217  52.053366    15.520    15.446  6 55762.92550683 33.924
 113  47.581549  52.051741    15.880    15.903  5 55772.84114615 31.351
 114  47.583069  52.050563    16.255    16.212  4 55782.75678206 34.537
 115  47.583340  52.050136    16.432    16.385  5 55792.67241558 27.715
 116  47.583559  52.049949    15.715    15.704  4 55802.58805012 35.497
 117  47.581941  52.050981    16.351    16.383  4 55812.50370034 23.751
 118  47.582310  52.051232    16.292    16.194  5 55822.41934895 22.323
 119  47.582858  52.050066    16.148    16.030  5 55832.33499252 30.979
 120  47.583769  52.049433    15.196    15.072  5 55842.25063171 31.271
 121  47.583197  52.049194    15.756    15.452  5 55852.16626763 28.027
 122  47.583241  52.050215    15.412    15.160  4 55862.08190169 29.241
 123  47.580834  52.053063    16.661    16.581  5 55871.99755634 28.404
 124  47.580103  52.053565    15.599    15.439  6 55881.91320592 30.015
 125  47.580716  52.053361    16.734    16.765  6 55891.82884899 38.923
 126  47.581910  52.053114    16.739    16.802  5 55901.74448643 38.956
 127  47.580951  52.051872    17.156    17.130  5 55911.66012037 40.639
 128  47.579373  52.055279    17.187    17.182  6 55921.57577546 33.982
 129  47.577347  52.054771    15.824    15.856  6 55931.49142724 32.391
 130  47.580094  52.054456    16.481    16.453  6 55941.40707543 27.060
 131  47.580283  52.051636    16.528    16.538  5 55951.32271846 28.537
 132  47.581415  52.051784    15.521    15.550  5 55961.23835822 26.113
 133  47.580203  52.052190    16.355    16.353  5 55971.15399541 19.845
 134  47.580395  52.052910    16.015    15.969  5 55981.06963146 17.617
 135  47.582386  52.051663    17.840    17.151  5 55990.98526613 18.117
 136  47.583351  52.050674    19.814    19.382  5 56000.90091126 17.429
 137  47.582915  52.050142    16.268    16.278  4 56010.81656127 20.238
 138  47.581913  52.050839    16.453    16.461  5 56020.73220762 22.046
 139  47.580086  52.052665    16.915    16.813  6 56030.64785129 28.714
 140  47.579679  52.055364    17.003    17.014  6 56040.56349335 39.675
 141  47.578535  52.054840    20.104    20.077  6 56050.47913266 27.697
 142  47.579882  52.053637    20.229    20.296  5 56060.39476941 35.923
 143  47.581249  52.051065    19.836    19.846  4 56070.31040585 29.710
 144  47.581079  52.053085    18.997    18.962  5 56080.22605705 40.209
 145  47.578849  52.054512    15.870    15.922  6 56090.14170514 51.565
 146  47.577068  52.055360    18.043    18.319  6 56100.05735065 25.753
 147  47.578520  52.055527    17.185    17.100  6 56109.97298222 27.401
 148  47.581018  52.053107    15.896    15.889  5 56119.88862196 44.733
 149  47.583348  52.049521    15.918    15.799  4 56129.80425785 28.716
 150  47.585076  52.047994    15.844    15.808  4 56139.71989101 34.314
 151  47.581944  52.050474    16.303    16.405  5 56149.63554130 25.660
 152  47.580536  52.053817    16.372    15.930  5 56159.55119101 22.788
 153  47.578700  52.053562    15.797    15.665  6 56169.46683874 25.862
 154  47.580190  52.052336    15.777    15.796  5 56179.38248318 26.016
 155  47.582128  52.050885    15.648    15.622  4 56189.29812337 38.559
 156  47.582506  52.050187    15.155    15.198  4 56199.21376030 35.486
 157  47.581677  52.050607    14.892    14.932  4 56209.12939450 32.016
 158  47.582175  52.051955    15.589    15.607  5 56219.04502712 46.180
 159  47.580722  52.053264    15.530    15.336  6 56228.96067418 32.695
 160  47.579955  52.053686    15.570    15.600  5 56238.87632781 33.080
 161  47.580029  52.053924    16.360    16.384  5 56248.79197768 25.239
 162  47.579929  52.053754    18.070    18.049  6 56258.70762266 25.524
 163  47.578695  52.053985    17.506    17.526  6 56268.62326475 25.781
 164  47.580138  52.055732    17.697    17.737  6 56278.53890570 46.944
 165  47.578491  52.055607    17.787    17.759  6 56288.45455528 39.567
 166  47.578628  52.053907    17.062    17.110  6 56298.37020403 29.524
 167  47.581240  52.053366    17.306    17.325  5 56308.28584922 26.952
 168  47.582000  52.053091    16.499    16.492  5 56318.20149156 28.634
 169  47.580172  52.053757    16.643    16.606  6 56328.11713244 20.861
 170  47.578622  52.054057    16.828    16.863  6 56338.03277221 17.995
 171  47.579642  52.053399    16.769    16.712  6 56347.94841015 18.138
 172  47.582105  52.050879    17.763    17.687  5 56357.86404518 23.941
 173  47.582130  52.050789    17.535    17.545  4 56367.77969450 26.526
 175  47.578222  52.054070    17.701    17.720  6 56387.61098847 29.474
 176  47.576102  52.055531    17.266    17.277  6 56397.52663209 25.772
 177  47.577297  52.056806    20.618    20.692  6 56407.44227369 42.231
 178  47.579849  52.055983    20.926    20.919  6 56417.35791116 46.057
 179  47.580300  52.051449    19.391    19.401  5 56427.27354303 35.918
 180  47.580543  52.053496    19.078    19.015  6 56437.18919567 38.373
 181  47.578515  52.055079    19.420    19.398  6 56447.10484714 42.267
 182  47.577470  52.056532    17.075    16.783  6 56457.02049636 31.896
 183  47.576071  52.055296    17.437    17.311  6 56466.93614187 28.281
 184  47.579207  52.054938    16.594    16.205  6 56476.85178396 30.422
 185  47.580985  52.052278    16.061    16.096  5 56486.76742194 29.929
 186  47.581904  52.050683    16.581    16.550  4 56496.68305748 36.236
 187  47.583243  52.051027    16.613    16.677  5 56506.59869214 25.376
 188  47.582886  52.050365    16.141    16.124  4 56516.51432710 36.253
 189  47.581370  52.052010    16.128    16.122  5 56526.42998200 27.466
 190  47.580853  52.052027    16.395    16.252  5 56536.34563254 25.257
 192  47.579554  52.052751    16.081    15.669  5 56556.17692317 27.979
 193  47.579320  52.054848    16.301    16.021  6 56566.09256613 26.203
 194  47.577935  52.055448    15.935    15.867  5 56576.00820732 34.603
 195  47.580129  52.055991    15.547    15.538  6 56585.92384557 37.600
 196  47.579597  52.052700    16.203    16.187  5 56595.83948284 34.210
 197  47.578839  52.053342    16.212    16.238  6 56605.75513522 38.733
 198  47.579084  52.054438    16.898    16.813  6 56615.67078303 49.936
 199  47.579240  52.054927    16.937    17.008  6 56625.58642722 27.796
 200  47.578898  52.054143    16.637    16.624  6 56635.50206846 26.082
 201  47.580295  52.052861    17.209    17.217  5 56645.41770741 33.958
 202  47.579895  52.053226    17.001    16.906  5 56655.33336021 47.750
 203  47.580176  52.053227    16.671    16.607  6 56665.24900864 49.762
 204  47.579996  52.053543    16.993    16.984  6 56675.16465425 44.108
 205  47.578674  52.053821    17.128    17.125  6 56685.08029853 41.779
 206  47.580201  52.055427    16.579    16.554  6 56694.99594120 40.033
 207  47.579755  52.053059    17.308    17.346  5 56704.91157855 32.848
 208  47.581807  52.050794    17.472    17.420  5 56714.82721073 28.906
 209  47.579449  52.051581   -15.470   -15.451  5 56724.74286221 10.734
 210  47.579884  52.055693    18.087    18.127  6 56734.65851293 32.862
 211  47.576762  52.056780    17.010    17.150  6 56744.57415958 27.850
 212  47.575705  52.056434    23.089    23.029  6 56754.48980194 26.058
 213  47.578032  52.055264    17.407    17.551  6 56764.40543894 23.378
 214  47.579991  52.053365    18.450    18.439  6 56774.32107503 25.029
 215  47.579280  52.056067    20.037    20.029  6 56784.23673251 28.310
 216  47.576315  52.057135    18.979    18.996  6 56794.15238576 26.179
 217  47.573021  52.056694    17.786    17.882  6 56804.06803526 51.375
 218  47.575358  52.056647    16.450    16.421  6 56813.98367793 52.855
 219  47.578672  52.055674    17.394    17.500  6 56823.89931704 26.836
 220  47.580036  52.052820   -13.940   -14.276  6 56833.81495166  9.502
 221  47.582492  52.051372    16.174    16.154  5 56843.73058327 36.763
 222  47.581389  52.051278    16.603    16.539  4 56853.64622583 29.781
 223  47.580667  52.054102    15.971    16.009  6 56863.56188031 31.216
 224  47.578307  52.054408    16.593    16.304  6 56873.47753367 24.603
 225  47.577479  52.054497    15.947    15.867  6 56883.39318398 25.871
 226  47.579206  52.056165    15.367    15.305  6 56893.30883137 31.519
 227  47.577907  52.056561    15.471    15.394  6 56903.22447500 42.953
 228  47.575240  52.057139    17.001    17.171  6 56913.14011645 29.143
 229  47.573581  52.056666    15.857    15.322  6 56923.05575605 32.209
 230  47.576027  52.056523    15.978    15.160  5 56932.97139365 27.463
 231  47.578624  52.053555    15.691    15.732  6 56942.88702551 52.377
 232  47.580343  52.053024    16.053    16.087  6 56952.80267041 25.773
 233  47.578775  52.053686    15.543    15.547  6 56962.71832099 46.386
 234  47.577462  52.054975    15.647    15.647  6 56972.63396697 33.846
 235  47.576690  52.054661    16.086    15.956  6 56982.54960860 49.106
 236  47.580084  52.054064    15.948    15.859  5 56992.46524602 50.031
 237  47.583393  52.050972    16.347    16.352  5 57002.38088048 43.391
 238  47.582436  52.051674    15.010    15.049  5 57012.29653780 34.878
 239  47.581788  52.053370    15.424    15.418  5 57022.21218953 30.387
 240  47.580190  52.055435    15.634    15.626  6 57032.12783832 18.801
 241  47.577286  52.055033    15.572    15.575  6 57042.04348438 25.863
 242  47.577066  52.054374    15.878    15.766  6 57051.95912847 17.684
 243  47.579382  52.053073    17.278    17.140  6 57061.87476840 19.095
 244  47.581355  52.051628    21.167    21.241  4 57071.79040292 17.081
 245  47.582356  52.051133    21.884    21.835  4 57081.70603348 16.031
 246  47.580534  52.053417    16.537    16.508  6 57091.62167799 40.679
 247  47.576480  52.056253    16.782    16.834  6 57101.53733566 33.225
 248  47.575233  52.056900    16.128    16.128  5 57111.45298987 23.429
 249  47.576158  52.055198    15.710    15.611  6 57121.36863809 24.716
 250  47.578055  52.054066    15.043    14.997  6 57131.28428075 43.936
 251  47.579852  52.054333    16.630    16.641  6 57141.19991844 52.290
 252  47.580297  52.054579    18.471    18.499  6 57151.11555259 39.229
 253  47.579887  52.052007    17.833    17.874  5 57161.03118287 24.613
 254  47.580548  52.053318    17.658    17.683  5 57170.94683807 33.435
 255  47.580993  52.052750    16.360    16.389  5 57180.86249279 29.676
 256  47.580305  52.051705    16.482    16.479  5 57190.77814342 30.060
 257  47.580352  52.053481    15.861    15.884  6 57200.69379148 29.503
 258  47.578062  52.054528    16.461    16.129  6 57210.60942568 23.916
 259  47.578537  52.056271    17.659    17.633  6 57220.52507012 20.369
 260  47.577621  52.054409    16.170    16.186  6 57230.44071267 28.872
 261  47.579465  52.053498    16.352    16.252  6 57240.35635329 21.470
 262  47.580856  52.052181    15.429    15.403  4 57250.27199096 29.825
 263  47.580114  52.051217    15.914    15.819  5 57260.18762621 27.305
 264  47.581745  52.053279    15.791    15.721  5 57270.10326078 33.551
 265  47.578079  52.054775    15.240    15.267  6 57280.01891373 32.621
 266  47.577179  52.055796    15.638    15.561  5 57289.93456917 41.129
 267  47.576868  52.054737    15.989    15.998  6 57299.85022141 30.044
 268  47.580284  52.055480    15.595    15.620  6 57309.76587071 28.914
 269  47.577845  52.054168    15.755    15.787  6 57319.68151579 28.595
 270  47.577722  52.056335    17.523    17.613  6 57329.59715890 24.365
 271  47.576177  52.056392    16.753    16.185  5 57339.51279942 23.054
 272  47.575828  52.056340    17.389    17.545  6 57349.42844915 24.477
 273  47.578832  52.055350    16.181    16.038  6 57359.34409515 28.212
 274  47.581203  52.053622    16.107    16.062  5 57369.25973772 24.109
 275  47.579648  52.051760    16.020    16.031  5 57379.17537717 39.131
 276  47.579994  52.053242    16.418    16.374  6 57389.09101583 46.342
 277  47.579651  52.053116    16.617    16.620  5 57399.00665317 34.203
 278  47.579809  52.051060    16.832    16.851  5 57408.92228988 30.610
 279  47.580835  52.052411    18.019    18.005  5 57418.83794293 26.445
 280  47.579730  52.052922    18.053    18.021  5 57428.75359313 28.755
 281  47.578557  52.055239    17.654    17.664  6 57438.66924132 36.784
 282  47.574935  52.055924    17.605    17.534  6 57448.58488787 33.245
 283  47.574472  52.057233    17.126    16.896  5 57458.50053362 47.466
 284  47.576110  52.056550    16.723    16.610  6 57468.41617634 41.952
 285  47.580130  52.054861    16.594    16.601  6 57478.33181504 45.155
 286  47.580677  52.051181    16.389    16.361  5 57488.24744988 25.586
 287  47.582783  52.050276    19.767    19.737  4 57498.16308314 23.979
 288  47.581654  52.050490    21.101    21.060  4 57508.07872336 31.943
 289  47.580002  52.053454    22.143    22.106  5 57517.99437958 53.486
 290  47.580558  52.055134    20.774    20.680  6 57527.91003289 28.303
 291  47.580732  52.053744    18.554    18.568  5 57537.82568285 34.259
 292  47.581234  52.052975    16.931    16.947  5 57547.74133039 27.384
 293  47.581230  52.053721    16.411    16.419  5 57557.65697684 27.522
 294  47.579678  52.054967    18.487    18.421  6 57567.57262232 23.934
 295  47.577267  52.054854    16.305    16.268  6 57577.48826685 33.069
 296  47.578723  52.055942    16.146    16.096  6 57587.40391066 32.934
 297  47.580065  52.055733    16.144    16.166  6 57597.31955179 46.086
