#    8.000  -1.037   4.427 ;Mean Elev.(m), Avg Gradient(m/km), RMS Gradient(m/km) - SRTM1     
#    3.002  -1.620   4.722 ;Mean Elev.(m), Avg Gradient(m/km), RMS Gradient(m/km) - ASTER GDEM
#    8.000  -0.943   4.444 ;Mean Elev.(m), Avg Gradient(m/km), RMS Gradient(m/km) - GMTED2010 
   1  46.013702  50.812819    14.695    14.882 30 54662.28878826 26.520
   2  46.000842  50.804859    13.724    14.191 39 54672.20443087 24.837
   3  45.999007  50.805872     9.483     9.891 40 54682.12007444 24.461
   4  45.998677  50.805212    14.870    14.898 39 54692.03571660 30.485
   5  46.002000  50.804334    10.130    10.046 39 54701.95135661 20.934
   6  46.002864  50.802459    14.709    14.867 40 54711.86700404 22.858
   7  46.002796  50.802472    12.764    13.000 39 54721.78265497 16.914
   8  46.001708  50.803994    14.321    15.009 39 54731.69830366 20.000
   9  45.999219  50.805551    14.654    14.879 39 54741.61395075 26.394
  10  45.997884  50.806208    14.885    15.042 39 54751.52959778 19.202
  11  45.999029  50.806827    14.683    14.962 40 54761.44524486 21.063
  12  45.999292  50.804683    14.674    14.794 40 54771.36088897 36.745
  13  46.001364  50.804140    14.847    14.933 40 54781.27653034 26.835
  14  46.001582  50.802909    14.565    14.831 40 54791.19216872 22.229
  15  46.001535  50.802939    15.196    15.243 40 54801.10780602 22.483
  16  46.001742  50.802847    15.182    15.298 39 54811.02344324 22.047
  17  46.002801  50.803132    15.564    15.544 40 54820.93908359 50.569
  18  46.002003  50.803816    15.376    15.366 40 54830.85473567 40.287
  19  46.000378  50.805155    15.450    15.475 40 54840.77037438 34.210
  20  45.997529  50.807156    15.208    15.166 39 54850.68602345 26.323
  21  45.995303  50.809323    15.177    15.183 39 54860.60167231 25.855
  22  45.992431  50.808753    15.314    15.325 40 54870.51732079 22.118
  23  45.995471  50.809138    15.441    15.460 40 54880.43296866 19.239
  24  45.997900  50.806663    15.336    15.323 40 54890.34861273 19.305
  25  46.000014  50.805774    15.341    15.337 40 54900.26425392 18.296
  26  45.998738  50.805816    15.462    15.473 40 54910.17989273 27.974
  27  45.998039  50.807277    15.477    15.474 40 54920.09553048 37.270
  28  45.998558  50.806958    14.999    15.047 40 54930.01116755 33.398
  29  46.001430  50.804518    14.993    15.223 39 54939.92680337 22.395
  30  46.005136  50.801532    15.933    15.983 40 54949.84243756 50.002
  31  46.006774  50.800006    15.137    15.211 39 54959.75807602 25.110
  32  46.004408  50.801079    14.808    14.832 39 54969.67372452 22.410
  33  46.002360  50.803146    14.786    14.815 39 54979.58937220 34.735
  34  46.000289  50.804196    13.194    13.988 40 54989.50501959 22.234
  35  45.999888  50.804681    14.543    14.597 40 54999.42066708 24.046
  36  45.999498  50.804737    14.980    15.005 40 55009.33631267 20.716
  37  45.999194  50.804837    15.136    15.133 40 55019.25195646 18.858
  38  45.998748  50.806399    14.615    14.808 40 55029.16759908 20.371
  39  45.997749  50.807482    14.571    14.780 39 55039.08324089 21.482
  40  45.998145  50.806926    14.188    14.794 39 55048.99888122 19.198
  41  46.001182  50.804874    12.441    14.480 40 55058.91451946 24.489
  42  46.003514  50.801692    14.815    15.000 39 55068.83015820 23.833
  43  46.003610  50.801305    15.055    15.092 40 55078.74580789 29.589
  44  46.002559  50.803697    14.810    14.851 39 55088.66145593 21.546
  45  45.999917  50.806186    15.080    15.097 39 55098.57710256 15.926
  46  45.997259  50.806563    13.474    14.076 39 55108.49274837 36.890
  47  45.999286  50.806606     8.073     8.014 39 55118.40839355 24.072
  48  46.001179  50.804218    15.170    15.132 40 55128.32403590 46.853
  49  46.002802  50.802871    14.948    15.052 40 55138.23967619 20.053
  50  46.002571  50.802983    14.152    14.795 39 55148.15531485 26.260
  51  46.001110  50.803601    14.871    15.064 39 55158.07095277 22.103
  52  46.001109  50.804349    13.269    14.572 39 55167.98659061 25.379
  53  46.002050  50.803678    15.111    15.112 40 55177.90222760 51.901
  54  46.002621  50.803164    14.807    14.804 40 55187.81787192 26.917
  55  46.001287  50.804546    15.201    15.182 40 55197.73352279 51.430
  56  45.998791  50.806533    14.927    14.938 40 55207.64917275 26.329
  57  45.995856  50.807587    15.074    15.075 39 55217.56482204 27.271
  58  45.995775  50.808640    14.710    14.695 40 55227.48047096 24.821
  59  45.997467  50.807885    14.353    14.385 39 55237.39611690 22.004
  60  45.999938  50.805913    14.951    14.943 39 55247.31175918 22.997
  61  46.000261  50.804037    14.405    14.309 40 55257.22739864 17.432
  62  45.999736  50.804403    14.284    14.257 40 55267.14303732 16.789
  63  45.998740  50.805553    15.788    15.084 39 55277.05867541 14.693
  64  46.000134  50.805910    15.196    15.222 39 55286.97431242 20.998
  65  46.002974  50.803734    15.424    15.435 40 55296.88994687 32.995
  66  46.005297  50.801716    15.599    15.631 40 55306.80558746 43.767
  67  46.004597  50.801136    16.016    16.012 39 55316.72123385 35.188
  68  46.003533  50.802798    14.704    15.089 40 55326.63687948 19.810
  69  46.000953  50.804085    15.330    15.417 39 55336.55252402 20.649
  70  45.999896  50.805470    14.648    14.664 40 55346.46816827 49.560
  71  45.999414  50.805319    14.088    14.072 40 55356.38381097 49.257
  72  46.000549  50.805636    14.384    14.374 40 55366.29945182 19.160
  73  46.000186  50.804444    14.371    14.540 40 55376.21509072 28.215
  74  46.001364  50.804847    14.455    14.715 40 55386.13072896 20.868
  75  46.001180  50.803892    14.561    14.663 39 55396.04636588 20.255
  76  46.001996  50.803074    13.784    13.866 40 55405.96200668 28.580
  77  46.002352  50.803537    14.758    14.777 40 55415.87765792 21.443
  78  46.002198  50.802516    14.132    14.366 40 55425.79330563 29.818
  79  46.002597  50.802552    14.458    14.491 39 55435.70895103 21.804
  80  46.001706  50.803574    14.156    14.257 40 55445.62459530 20.233
  81  46.000709  50.805301    13.882    14.300 39 55455.54023902 21.620
  82  45.999927  50.805726    14.729    14.713 39 55465.45588183 51.369
  83  46.000827  50.804025    14.153    14.256 39 55475.37152150 20.689
  84  46.004029  50.802433    14.178    14.207 39 55485.28715827 24.757
  85  46.005803  50.800800    14.383    14.410 40 55495.20279267 38.922
  86  46.005355  50.800076    13.985    14.323 40 55505.11842616 23.007
  87  46.002977  50.802975    14.075    14.202 39 55515.03407681 21.747
  88  46.001175  50.804858    14.327    14.432 39 55524.94972643 19.695
  89  45.999553  50.805211    13.358    13.839 40 55534.86537389 24.101
  90  45.999696  50.806012    12.332    13.518 40 55544.78101968 26.071
  91  45.999011  50.806533    14.618    14.570 40 55554.69666356 44.574
  92  45.997852  50.806863    14.890    14.892 40 55564.61230651 54.809
  93  45.998575  50.806775    14.423    14.450 39 55574.52794903 42.540
  94  46.000038  50.805208    14.383    14.375 39 55584.44358987 30.659
  95  46.002823  50.803554    14.165    14.146 39 55594.35922738 23.231
  96  46.004571  50.801561    14.208    14.215 40 55604.27486137 22.132
  97  46.006195  50.800799    14.339    14.359 39 55614.19049330 20.667
  98  46.005287  50.800263    14.263    14.256 39 55624.10613124 19.713
  99  46.003659  50.802373    14.171    14.168 39 55634.02178381 18.939
 100  46.002455  50.802741    14.716    14.693 40 55643.93743387 24.103
 101  46.002693  50.802773    14.418    14.412 40 55653.85308117 29.498
 102  46.003225  50.802278    14.730    14.681 40 55663.76872401 41.921
 103  46.003022  50.802415    14.330    15.035 39 55673.68436406 23.333
 104  46.002065  50.802692    15.543    15.723 40 55683.60000270 25.371
 105  46.002177  50.803053    15.384    15.402 39 55693.51564018 25.294
 106  46.003268  50.802724    14.908    15.016 39 55703.43127616 35.495
 107  46.003137  50.802935    14.721    14.744 39 55713.34692110 20.801
 108  46.001318  50.803912    15.068    15.151 39 55723.26257041 28.862
 109  45.999422  50.804992    13.513    14.120 40 55733.17821766 25.673
 110  45.999258  50.806416    14.574    14.750 39 55743.09386376 18.555
 111  45.999343  50.806087    11.649    13.638 39 55753.00950816 23.504
 112  46.000527  50.803918    13.669    14.360 39 55762.92515004 22.523
 113  46.003664  50.802951    13.964    14.239 39 55772.84078953 39.059
 114  46.004436  50.801178    14.935    14.887 40 55782.75642526 45.230
 115  46.004409  50.800463    14.768    14.819 40 55792.67205870 20.445
 116  46.005842  50.801180    14.915    14.903 39 55802.58769351 37.624
 117  46.003383  50.801539    14.720    14.728 40 55812.50334356 28.976
 118  46.004426  50.802386    14.260    14.751 40 55822.41899235 21.734
 119  46.005037  50.801257    14.768    15.013 39 55832.33463594 20.419
 120  46.005571  50.800333    14.219    14.622 39 55842.25027505 22.260
 121  46.006345  50.801157    13.957    14.439 40 55852.16591127 20.130
 122  46.004694  50.800733    14.364    14.397 39 55862.08154493 19.959
 123  46.001686  50.803193    12.275    13.948 40 55871.99719946 20.064
 124  46.000987  50.803706    10.515    12.197 39 55881.91284905 24.492
 125  46.001629  50.803515    15.060    15.046 39 55891.82849211 42.487
 126  46.002836  50.803264    15.419    15.424 40 55901.74412955 50.406
 127  46.002918  50.802740    15.257    15.243 40 55911.65976371 40.484
 128  46.000127  50.805385    14.886    14.895 39 55921.57541858 27.150
 129  45.999320  50.805884    15.178    15.169 40 55931.49107065 27.093
 130  46.000644  50.804539    15.247    15.248 39 55941.40671855 26.743
 131  46.002127  50.802745    14.831    14.828 39 55951.32236188 21.409
 132  46.002844  50.802630    14.695    14.694 39 55961.23800156 17.886
 133  46.002531  50.803723    14.828    14.833 39 55971.15363894 18.226
 134  46.002318  50.804019    14.907    14.897 39 55981.06927488 17.249
 135  46.003212  50.801732    15.488    15.479 40 55990.98490925 17.212
 136  46.004245  50.800795    15.446    15.340 40 56000.90055439 13.743
 137  46.005576  50.801801    15.156    15.156 40 56010.81620480 22.630
 138  46.004021  50.802124    15.116    15.112 39 56020.73185104 23.492
 139  46.001803  50.803676    15.279    15.321 39 56030.64749463 35.268
 140  45.999278  50.804680    15.413    15.450 40 56040.56313623 25.302
 141  45.999302  50.804970    15.017    15.072 39 56050.47877578 20.639
 142  46.001199  50.804101    15.538    15.558 39 56060.39441264 46.388
 143  46.003820  50.802420    15.420    15.437 39 56070.31004934 20.495
 144  46.001898  50.803185    15.775    15.811 40 56080.22570017 23.878
 145  45.999838  50.804820    14.877    15.119 40 56090.14134831 20.819
 146  45.998661  50.806150    12.111    13.969 40 56100.05699395 22.897
 147  45.999259  50.805662    13.577    14.387 40 56109.97262532 23.377
 148  46.002391  50.803741    14.861    14.993 39 56119.88826518 20.418
 149  46.005890  50.801031    14.393    14.680 40 56129.80390131 22.212
 150  46.007202  50.799118    14.682    14.851 40 56139.71953436 30.013
 151  46.004273  50.801842    14.792    14.862 39 56149.63518472 17.733
 152  46.001443  50.804103    14.820    14.848 40 56159.55083413 19.399
 153  46.000893  50.804822    14.465    14.677 40 56169.46648216 20.792
 154  46.002333  50.803580    14.344    14.560 39 56179.38212660 19.417
 155  46.004218  50.802133    14.544    14.567 40 56189.29776679 20.361
 156  46.004598  50.801425    13.761    14.227 40 56199.21340372 21.861
 157  46.004394  50.802239    10.605    11.044 40 56209.12903805 30.577
 158  46.002850  50.801791    14.105    14.298 40 56219.04467017 22.505
 159  46.001767  50.803379    12.725    13.953 39 56228.96031731 24.372
 160  46.000625  50.803570    14.024    14.225 40 56238.87597086 24.155
 161  46.000615  50.803859    13.469    14.401 40 56248.79162072 21.154
 162  46.000478  50.803710    14.437    14.716 40 56258.70726571 28.075
 163  46.000499  50.804935    15.523    15.567 39 56268.62290809 19.654
 164  45.999931  50.805109    15.459    15.444 40 56278.53854860 48.133
 165  45.999853  50.806279    15.060    15.061 39 56288.45419857 33.545
 166  45.999917  50.804561    15.209    15.210 40 56298.36984731 30.113
 167  46.001443  50.803293    14.989    14.991 40 56308.28549229 27.683
 168  46.002394  50.803239    14.957    14.949 40 56318.20113469 22.634
 169  46.001490  50.804583    15.164    15.167 39 56328.11677576 34.056
 170  46.000194  50.804917    15.173    15.178 40 56338.03241555 22.084
 171  46.000701  50.803696    15.281    15.273 40 56347.94805334 21.634
 172  46.004090  50.801842    14.971    14.966 39 56357.86368854 20.126
 173  46.004772  50.802458    15.273    15.269 40 56367.77933803 40.969
 175  46.000536  50.805619    15.336    15.290 39 56387.61063197 47.617
 176  45.998100  50.806704    15.265    15.394 40 56397.52627551 20.798
 177  45.997997  50.806888    14.606    14.628 39 56407.44191681 17.601
 178  45.999287  50.805002    14.768    14.845 40 56417.35755398 39.194
 179  46.002521  50.802526    14.971    15.368 40 56427.27318645 28.167
 180  46.002240  50.804393    15.570    15.603 40 56437.18883902 34.401
 181  45.999831  50.805763    15.682    15.764 39 56447.10449041 21.475
 182  45.998590  50.807085    15.323    15.375 40 56457.02013958 19.548
 183  45.998175  50.806572    13.188    14.791 40 56466.93578529 22.395
 184  46.000329  50.805514    14.821    15.048 39 56476.85142716 23.418
 185  46.001839  50.802601    13.020    14.144 40 56486.76706505 26.351
 186  46.004317  50.802222    14.497    14.698 40 56496.68270093 23.205
 187  46.004238  50.801329    15.044    15.120 40 56506.59833527 20.709
 188  46.004552  50.800988    15.314    15.314 39 56516.51397034 53.287
 189  46.002388  50.802163    15.059    15.075 40 56526.42962512 22.263
 190  46.003039  50.803218    13.896    14.729 39 56536.34527596 23.214
 192  46.001466  50.803937    13.640    14.570 39 56556.17656658 25.655
 193  45.999758  50.804861    15.035    15.039 39 56566.09220920 18.672
 194  45.999175  50.805965    15.179    15.231 39 56576.00785054 40.889
 195  45.999415  50.804827    15.124    15.139 40 56585.92348832 21.388
 196  46.002264  50.804087    15.238    15.224 39 56595.83912632 35.628
 197  46.000715  50.804253    12.619    13.235 40 56605.75477855 32.628
 198  45.999577  50.804392    11.877    13.059 40 56615.67042607 26.297
 199  45.999970  50.805121    14.501    14.907 39 56625.58607034 23.347
 200  46.000959  50.805347    14.360    14.964 40 56635.50171189 22.418
 201  46.001995  50.803678    15.284    15.293 39 56645.41735075 42.784
 202  46.001779  50.804326    15.317    15.317 39 56655.33300363 44.359
 203  46.001686  50.804154    15.605    15.599 40 56665.24865201 39.482
 204  46.001452  50.804496    15.305    15.288 40 56675.16429761 34.937
 205  46.000445  50.804973    15.220    15.187 40 56685.07994195 28.945
 206  45.999456  50.804510    15.239    15.240 40 56694.99558403 28.885
 207  46.001819  50.804193    14.994    14.976 39 56704.91122197 22.218
 208  46.004042  50.801932    14.865    14.873 39 56714.82685415 20.893
 209  46.002854  50.803819    15.091    15.138 40 56724.74250592 21.413
 210  45.999175  50.804872    15.756    15.750 40 56734.65815576 27.936
 211  45.997311  50.806946    15.689    15.699 39 56744.57380271 37.366
 212  45.997622  50.807555    12.450    12.549 40 56754.48944535 26.923
 213  45.998776  50.805276    15.224    15.339 39 56764.40508207 45.970
 214  46.001319  50.803768    13.142    13.230 39 56774.32071827 34.265
 215  45.999846  50.806146    14.869    14.880 39 56784.23637564 18.527
 216  45.997557  50.807893    14.812    14.811 39 56794.15202905 20.687
 217  45.995171  50.808164    14.134    14.167 39 56804.06767875 20.654
 218  45.997398  50.808042    14.902    14.906 40 56813.98332138 18.764
 219  45.999374  50.805961    14.995    15.032 39 56823.89896017 20.946
 220  46.002204  50.804166    13.417    14.664 40 56833.81459508 25.866
 221  46.003920  50.802031    11.379    13.376 39 56843.73022649 24.384
 222  46.003617  50.802551    14.909    14.967 40 56853.64586923 21.870
 223  46.001806  50.804644    14.515    14.672 40 56863.56152350 21.913
 224  45.999331  50.804838    14.476    14.694 39 56873.47717685 20.598
 225  45.999640  50.805875    14.812    14.841 39 56883.39282743 21.172
 226  45.998636  50.805453    14.804    14.804 39 56893.30847422 17.636
 227  45.998678  50.806983    11.292    11.135 39 56903.22411817 28.312
 228  45.996882  50.808238    14.256    14.497 40 56913.13975982 19.191
 229  45.996761  50.808885    13.827    14.533 39 56923.05539974 19.974
 230  45.998138  50.807773    14.507    14.514 39 56932.97103707 16.417
 231  46.000737  50.804577    13.636    13.995 40 56942.88666887 37.421
 232  46.001426  50.803235    14.238    14.261 39 56952.80231353 19.380
 233  46.000378  50.804448    11.689    11.880 39 56962.71796426 27.024
 234  45.999138  50.805904    14.140    14.169 40 56972.63361029 27.667
 235  45.999556  50.806526    13.238    13.906 40 56982.54925220 24.898
 236  46.001212  50.804491    14.635    14.652 39 56992.46488923 50.091
 237  46.004939  50.801617    14.647    14.645 39 57002.38052376 44.309
 238  46.003796  50.802338    14.786    14.771 39 57012.29618108 45.169
 239  46.002292  50.803495    14.717    14.716 40 57022.21183266 27.195
 240  45.999366  50.804526    14.579    14.595 40 57032.12748115 24.597
 241  45.999066  50.806121    14.534    14.500 39 57042.04312778 23.252
 242  45.999047  50.805537    14.437    14.441 40 57051.95877189 19.074
 243  46.001447  50.804268    14.678    14.685 40 57061.87441181 18.484
 244  46.003516  50.802836    14.740    14.739 40 57071.79004634 17.478
 245  46.004591  50.802312    14.844    14.838 40 57081.70567689 17.805
 246  46.001420  50.803518    15.099    15.103 39 57091.62132111 45.790
 247  45.997230  50.806323    15.004    14.995 39 57101.53697878 34.106
 248  45.997184  50.807992    14.944    14.942 39 57111.45263329 29.850
 249  45.998045  50.806221    14.738    14.884 40 57121.36828149 34.752
 250  45.999754  50.804986    14.712    14.721 39 57131.28392412 27.333
 251  46.001251  50.805056    15.176    15.168 40 57141.19956174 52.726
 252  46.000696  50.804415    15.355    15.425 40 57151.11519564 26.651
 253  46.002174  50.803126    14.967    15.075 39 57161.03082629 23.637
 254  46.001247  50.803303    13.283    13.546 39 57170.94648114 33.011
 255  46.002932  50.803875    14.486    14.838 40 57180.86213615 24.189
 256  46.002374  50.802987    14.752    14.929 39 57190.77778681 25.207
 257  46.001018  50.803724    13.394    14.351 40 57200.69343457 27.724
 258  45.999525  50.805366    14.858    15.033 39 57210.60906895 44.581
 259  45.998691  50.806039    12.172    14.019 40 57220.52471310 21.609
 260  45.999979  50.805841    15.392    15.432 40 57230.44035614 48.126
 261  46.001389  50.804576    15.099    15.356 40 57240.35599666 22.518
 262  46.002660  50.803126    15.007    15.083 40 57250.27163430 22.137
 263  46.003530  50.803344    14.607    14.757 40 57260.18726989 22.993
 264  46.001965  50.802778    14.069    14.416 40 57270.10290373 24.086
 265  45.999403  50.805146    13.676    14.231 39 57280.01855692 21.357
 266  45.998753  50.806452    12.949    13.372 40 57289.93421243 31.954
 267  45.999279  50.806137    14.424    14.472 40 57299.84986486 23.775
 268  45.999509  50.804510    11.338    11.810 40 57309.76551346 28.936
 269  45.999381  50.805057    13.845    14.357 39 57319.68115908 20.905
 270  45.998068  50.806345    14.968    15.004 39 57329.59680195 17.749
 271  45.997480  50.807072    14.119    14.809 39 57339.51244269 18.846
 272  45.997557  50.807397    16.441    15.187 40 57349.42809253 23.161
 273  45.999002  50.805227    10.245    10.668 39 57359.34373820 25.526
 274  46.001651  50.803782    15.329    15.103 40 57369.25938085 23.207
 275  46.002760  50.803964    14.358    14.572 40 57379.17502088 24.802
 276  46.001031  50.803669    15.341    15.350 39 57389.09065905 47.272
 277  46.001735  50.804199    15.133    15.132 39 57399.00629659 32.441
 278  46.003380  50.803160    15.187    15.196 40 57408.92193359 28.289
 279  46.002978  50.803566    15.332    15.337 39 57418.83758634 20.719
 280  46.001439  50.803851    15.249    15.265 39 57428.75323647 25.747
 281  45.999197  50.805410    15.396    15.372 39 57438.66888444 32.375
 282  45.996900  50.807051    15.520    15.540 40 57448.58453128 41.844
 283  45.996333  50.808240    15.458    15.516 39 57458.50017702 42.171
 284  45.998040  50.807582    15.123    15.082 40 57468.41581976 51.827
 285  46.000417  50.804589    15.444    15.447 39 57478.33145809 49.055
 286  46.003401  50.802795    13.466    13.187 40 57488.24709346 23.832
 287  46.005387  50.801766    15.259    15.305 40 57498.16272667 20.912
 288  46.003621  50.801366    14.987    14.994 40 57508.07836672 21.244
 289  46.001559  50.804145    14.863    15.118 39 57517.99402287 42.804
 290  46.000824  50.804906    15.056    15.618 39 57527.90967589 21.526
 291  46.001570  50.804027    15.425    15.427 40 57537.82532598 23.023
 292  46.002270  50.803506    15.199    15.227 40 57547.74097357 20.354
 293  46.001474  50.803679    14.610    15.025 40 57557.65661985 26.390
 294  46.000055  50.804980    14.818    14.929 40 57567.57226536 24.436
 295  45.999024  50.805826    14.197    14.794 40 57577.48791019 24.291
 296  45.998857  50.805603    14.790    15.003 39 57587.40355364 28.096
 297  46.000458  50.805651    15.253    15.338 39 57597.31919484 45.497
