-205471.242   147.276     0.00   10.01
-205182.006   149.942     9.22    9.03
-204892.793   151.938     6.90    7.62
-204603.603   153.390     5.02    6.40
-204314.437   153.823     1.50    6.26
-204025.293   152.898    -3.20    6.26
-203736.173   151.795    -3.82    6.37
-203447.076   150.688    -3.83    6.97
-203158.002   149.348    -4.64    7.55
-202868.951   148.828    -1.80    8.30
-202579.923   149.653     2.86    8.94
-202290.919   150.584     3.22    8.78
-202001.937   151.522     3.25    8.55
-201712.979   152.241     2.49    8.06
-201424.044   152.759     1.79    7.47
-201135.132   153.528     2.66    6.69
-200846.243   153.467    -0.21    6.22
-200557.377   153.240    -0.79    5.75
-200268.535   153.116    -0.43    4.83
-199979.715   152.458    -2.28    4.53
-199690.918   151.827    -2.19    4.49
-199402.145   150.227    -5.54    5.20
-199113.395   148.501    -5.98    5.86
-198824.668   146.798    -5.90    6.77
-198535.963   144.211    -8.96    8.05
-198247.282   141.074   -10.87    9.22
-197958.624   136.955   -14.27   10.71
-197669.989   132.735   -14.62   11.80
-197381.377   127.102   -19.52   13.61
-197092.788   121.200   -20.45   15.51
-196804.222   114.378   -23.64   16.15
-196515.680   106.863   -26.05   18.10
-196227.160    98.813   -27.91   18.90
-195938.663    90.918   -27.37   18.24
-195650.189    83.828   -24.58   15.68
-195361.738    78.255   -19.32   11.59
-195073.311    75.518    -9.49    8.23
-194784.906    74.172    -4.67    5.80
-194496.524    74.933     2.64    6.23
-194208.165    77.728     9.69    8.31
-193919.829    81.436    12.86    9.49
-193631.516    85.893    15.46    9.87
-193343.226    90.290    15.25    9.36
-193054.959    94.168    13.46    9.08
-192766.715    97.832    12.71    8.01
-192478.494   100.348     8.73    7.82
-192190.296   101.978     5.66    7.42
-191902.121   102.479     1.74    7.12
-191613.969   102.540     0.21    7.23
-191325.839   101.468    -3.72    6.93
-191037.733    99.628    -6.39    6.15
-190749.649    97.845    -6.19    5.59
-190461.589    96.279    -5.43    5.00
-190173.551    94.242    -7.07    4.36
-189885.536    92.810    -4.97    3.85
-189597.544    91.111    -5.90    3.37
-189309.575    90.001    -3.85    3.01
-189021.629    88.868    -3.93    2.91
-188733.706    87.838    -3.58    3.06
-188445.805    86.729    -3.85    2.96
-188157.927    86.237    -1.71    3.18
-187870.073    85.628    -2.11    3.40
-187582.241    85.319    -1.08    3.71
-187294.432    84.555    -2.66    4.12
-187006.645    83.725    -2.88    4.33
-186718.882    82.485    -4.31    4.66
-186431.141    80.913    -5.46    4.91
-186143.424    78.731    -7.58    4.99
-185855.729    76.814    -6.66    5.05
-185568.057    74.873    -6.75    5.13
-185280.407    72.470    -8.36    4.75
-184992.781    70.452    -7.02    4.19
-184705.177    68.768    -5.85    3.76
-184417.596    66.934    -6.38    3.09
-184130.038    65.800    -3.95    2.41
-183842.502    64.943    -2.98    1.93
-183554.989    64.398    -1.89    1.45
-183267.500    64.320    -0.27    1.74
-182980.032    64.606     0.99    2.35
-182692.588    65.454     2.95    3.44
-182405.166    66.270     2.84    3.81
-182117.767    67.190     3.20    4.68
-181830.391    67.705     1.79    5.25
-181543.037    68.152     1.55    6.36
-181255.707    68.618     1.62    7.75
-180968.399    68.451    -0.58    8.05
-180681.113    68.236    -0.75    8.06
-180393.851    68.071    -0.57    7.23
-180106.611    67.829    -0.84    6.18
-179819.393    67.426    -1.40    4.23
-179532.199    67.457     0.11    2.33
-179245.027    67.666     0.73    2.19
-178957.877    67.705     0.13    2.14
-178670.751    67.527    -0.62    2.18
-178383.647    67.628     0.35    3.21
-178096.566    68.185     1.94    5.66
-177809.507    69.540     4.72    8.58
-177522.471    70.087     1.91    9.40
-177235.458    70.991     3.15    9.97
-176948.467    72.259     4.42    9.35
-176661.499    73.972     5.97    9.18
-176374.553    77.035    10.67   10.29
-176087.631    82.338    18.49   12.38
-175800.730    89.097    23.56   15.04
-175513.853    96.883    27.15   15.82
-175226.998   105.329    29.44   15.27
-174940.165   112.428    24.75   13.74
-174653.355   119.530    24.76   11.51
-174366.568   126.168    23.15    9.45
-174079.803   131.150    17.37    8.59
-173793.061   135.685    15.82    8.96
-173506.341   141.289    19.55    9.74
-173219.644   146.220    17.20   10.38
-172932.970   150.675    15.54    9.74
-172646.318   154.538    13.48    8.89
-172359.688   157.147     9.10    7.35
-172073.082   158.914     6.16    6.07
-171786.497   159.061     0.52    7.05
-171499.935   158.692    -1.29    8.13
-171213.396   156.449    -7.83   12.66
-170926.879   154.168    -7.96   18.03
-170640.385   152.214    -6.82   21.67
-170353.913   153.059     2.95   22.39
-170067.464   153.808     2.62   22.38
-169781.037   154.388     2.02   21.41
-169494.633   154.121    -0.93   21.30
-169208.251   153.968    -0.53   20.65
-168921.892   152.282    -5.89   19.39
-168635.555   151.808    -1.65   16.68
-168349.240   150.128    -5.87   14.77
-168062.948   149.793    -1.17   12.29
-167776.679   149.277    -1.80   10.05
-167490.431   148.618    -2.30    8.47
-167204.207   146.791    -6.39    9.43
-166918.005   139.083   -26.94   21.64
-166631.825   125.978   -45.80   35.49
-166345.667   109.849   -56.37   47.06
-166059.532    91.715   -63.38   52.82
-165773.420    70.844   -72.96   51.79
-165487.330    53.121   -61.96   44.23
-165201.262    36.228   -59.06   28.35
-164915.216    26.018   -35.70   11.10
-164629.193    22.491   -12.33    4.41
-164343.193    21.368    -3.93    0.00
-164057.215    21.368     0.00    0.00
-163771.259    21.368     0.00    0.00
-163485.325    21.368     0.00    0.00
-163199.414    21.368     0.00    0.00
-162913.525    21.368     0.00    0.00
-162627.659    21.368     0.00    0.00
-162341.815    21.368     0.00    0.00
-162055.993    21.368     0.00    0.00
-161770.193    21.368     0.00    0.00
-161484.416    21.368     0.00    0.00
-161198.661    21.368     0.00    0.00
-160912.929    21.368     0.00    0.00
-160627.219    21.368     0.00    0.00
-160341.531    21.368     0.00    0.00
-160055.865    21.368     0.00    0.00
-159770.222    21.368     0.00    0.00
-159484.601    21.368     0.00    0.00
-159199.002    21.368     0.00    0.00
-158913.426    21.368     0.00    0.00
-158627.872    21.368     0.00    0.00
-158342.340    21.368     0.00    0.00
-158056.830    21.368     0.00    0.00
-157771.342    21.368     0.00    0.00
-157485.877    21.368     0.00    0.00
-157200.434    21.368     0.00    0.00
-156915.014    21.368     0.00    0.00
-156629.615    21.368     0.00    0.00
-156344.239    21.368     0.00    0.00
-156058.885    21.368     0.00    0.00
-155773.553    21.368     0.00    0.00
-155488.243    21.368     0.00    0.00
-155202.956    21.368     0.00    0.00
-154917.691    22.460     3.83    6.71
-154632.448    26.621    14.59   15.75
-154347.227    31.788    18.12   21.36
-154062.028    35.760    13.93   24.14
-153776.852    40.950    18.20   27.07
-153491.697    46.459    19.32   29.65
-153206.565    51.986    19.39   31.76
-152921.455    56.279    15.06   33.01
-152636.367    61.038    16.70   33.59
-152351.301    63.873     9.95   34.06
-152066.258    68.428    15.98   33.36
-151781.236    72.193    13.21   32.92
-151496.237    72.439     0.86   33.76
-151211.260    71.644    -2.79   34.17
-150926.305    71.307    -1.18   34.62
-150641.372    71.430     0.43   34.86
-150356.461    72.528     3.86   34.29
-150071.572    72.848     1.12   33.15
-149786.706    74.814     6.90   31.10
-149501.861    75.359     1.91   29.23
-149217.038    78.490    10.99   24.86
-148932.238    79.953     5.14   21.32
-148647.460    81.685     6.08   16.63
-148362.703    81.641    -0.15   14.88
-148077.969    82.418     2.73   13.02
-147793.257    82.719     1.06   11.88
-147508.567    83.461     2.61    8.63
-147223.899    82.621    -2.95    9.64
-146939.253    83.221     2.11    6.49
-146654.629    82.933    -1.01    6.77
-146366.765    82.988     0.19    5.76
-146077.292    82.168    -2.83    7.41
-145787.842    82.207     0.13    5.96
-145498.416    81.151    -3.65    8.89
-145209.013    81.268     0.41    9.00
-144919.633    81.225    -0.15    8.73
-144630.277    81.093    -0.46    8.69
-144340.944    81.337     0.84    8.68
-144051.634    80.458    -3.04   11.86
-143762.347    81.409     3.29   10.13
-143473.084    80.940    -1.62   11.79
-143183.843    81.930     3.42    8.74
-142894.627    81.448    -1.67    8.39
-142605.433    81.751     1.05    4.77
-142316.262    80.497    -4.34    4.34
-142027.115    78.467    -7.02    5.14
-141737.991    75.695    -9.59    9.02
-141448.890    69.858   -20.19   16.82
-141159.813    62.943   -23.93   22.25
-140870.758    55.277   -26.52   25.28
-140581.727    48.154   -24.65   26.11
-140292.719    39.297   -30.65   24.58
-140003.734    32.858   -22.28   21.48
-139714.773    26.521   -21.93   15.19
-139425.834    21.750   -16.52    2.10
-139136.919    21.368    -1.32    0.00
-138848.026    21.368     0.00    0.00
-138559.157    21.368     0.00    0.00
-138270.312    21.368     0.00    0.00
-137981.489    21.368     0.00    0.00
-137692.689    21.368     0.00    0.00
-137403.913    21.368     0.00    0.00
-137115.159    21.368     0.00    0.00
-136826.429    21.368     0.00    0.00
-136537.722    21.368     0.00    0.00
-136249.038    21.368     0.00    0.00
-135960.377    21.368     0.00    0.00
-135671.739    21.368     0.00    0.00
-135383.124    21.368     0.00    0.00
-135094.532    21.368     0.00    0.00
-134805.964    21.368     0.00    0.00
-134517.418    21.368     0.00    0.00
-134228.896    21.368     0.00    0.00
-133940.396    21.368     0.00    0.00
-133651.920    21.368     0.00    0.00
-133363.466    21.368     0.00    0.00
-133075.036    21.368     0.00    0.00
-132786.629    21.368     0.00    0.00
-132498.244    21.368     0.00    0.00
-132209.883    21.368     0.00    0.00
-131921.545    21.368     0.00    0.00
-131633.230    21.368     0.00    0.00
-131344.938    21.368     0.00    0.00
-131056.668    21.368     0.00    0.00
-130768.422    21.368     0.00    0.00
-130480.199    21.368     0.00    0.00
-130191.998    21.368     0.00    0.00
-129903.821    21.368     0.00    0.00
-129615.667    21.368     0.00    0.00
-129327.535    21.368     0.00    0.00
-129039.427    21.368     0.00    0.00
-128751.342    21.368     0.00    0.00
-128463.279    21.368     0.00    0.00
-128175.239    21.368     0.00    0.00
-127887.223    21.368     0.00    0.00
-127599.229    21.368     0.00    0.00
-127311.258    21.368     0.00    0.00
-127023.310    21.368     0.00    0.00
-126735.385    21.368     0.00    0.00
-126447.483    21.368     0.00    0.00
-126159.604    21.715     1.21    3.43
-125871.748    24.118     8.35    9.49
-125583.914    27.728    12.54   14.56
-125296.104    32.816    17.68   19.96
-125008.316    36.728    13.60   22.70
-124720.551    42.517    20.12   25.50
-124432.809    47.339    16.76   26.95
-124145.090    51.748    15.33   27.17
-123857.394    55.808    14.11   26.94
-123569.720    59.736    13.65   25.73
-123282.070    61.430     5.89   24.58
-122994.442    64.491    10.64   22.26
-122706.837    65.702     4.21   20.24
-122419.255    66.482     2.71   19.03
-122131.696    68.195     5.96   17.81
-121844.159    69.164     3.37   16.55
-121556.646    69.586     1.47   16.85
-121269.155    70.491     3.15   14.86
-120981.687    71.133     2.23   14.56
-120694.241    72.616     5.16   13.34
-120406.819    72.883     0.93   12.17
-120119.419    72.299    -2.03   11.72
-119832.042    71.558    -2.58   10.79
-119544.688    69.636    -6.69   10.86
-119257.357    66.985    -9.23   10.89
-118970.048    63.608   -11.75   12.05
-118682.762    60.174   -11.95   12.49
-118395.499    56.585   -12.50   12.27
-118108.258    53.025   -12.40   11.50
-117821.040    51.537    -5.18   11.19
-117533.845    51.318    -0.76   10.80
-117246.673    51.892     2.00   10.48
-116959.524    52.803     3.17    9.65
-116672.397    54.913     7.35    9.07
-116385.292    57.319     8.38    8.99
-116098.211    59.708     8.32    8.45
-115811.152    61.297     5.53    7.93
-115524.116    62.100     2.80    7.03
-115237.102    61.224    -3.05    7.43
-114950.112    59.164    -7.18    8.90
-114663.144    55.691   -12.10   10.59
-114376.198    51.470   -14.71   11.09
-114089.275    47.501   -13.84   11.89
-113802.375    44.318   -11.10   12.57
-113515.498    41.551    -9.65   13.48
-113228.643    39.093    -8.57   14.17
-112941.810    36.477    -9.12   14.39
-112655.001    34.250    -7.77   14.28
-112368.214    31.863    -8.32   13.97
-112081.449    29.527    -8.15   12.96
-111794.708    27.674    -6.46   11.72
-111507.988    24.985    -9.38    8.55
-111221.292    23.688    -4.52    6.74
-110934.618    22.587    -3.84    4.37
-110647.966    23.018     1.50    5.12
-110361.337    23.654     2.22    6.13
-110074.731    24.025     1.29    6.55
-109788.147    24.992     3.38    7.86
-109501.586    25.277     0.99    7.78
-109215.048    26.006     2.54    8.37
-108928.532    25.923    -0.29    8.06
-108642.038    25.479    -1.55    7.50
-108355.567    24.508    -3.39    6.49
-108069.119    23.538    -3.39    5.27
-107782.693    22.564    -3.40    3.73
-107496.289    21.732    -2.91    1.83
-107209.908    21.368    -1.27    0.00
-106923.550    21.368     0.00    0.00
-106637.214    21.368     0.00    0.00
-106350.901    21.368     0.00    0.00
-106064.610    21.368     0.00    0.00
-105778.342    21.368     0.00    0.00
-105492.096    21.368     0.00    0.00
-105205.872    21.368     0.00    0.00
-104919.671    21.368     0.00    0.00
-104633.493    21.368     0.00    0.00
-104347.337    21.368     0.00    0.00
-104061.203    21.368     0.00    0.00
-103775.092    21.368     0.00    0.00
-103489.003    21.368     0.00    0.00
-103202.937    21.368     0.00    0.00
-102916.893    21.368     0.00    0.00
-102630.872    21.368     0.00    0.00
-102344.873    21.368     0.00    0.00
-102058.896    21.368     0.00    0.00
-101772.942    21.368     0.00    0.00
-101487.010    21.858     1.71    2.21
-101201.101    22.548     2.41    3.36
-100915.214    22.988     1.54    4.09
-100629.350    23.558     1.99    4.88
-100343.507    23.575     0.06    4.91
-100057.687    24.185     2.13    5.74
 -99771.890    24.681     1.74    6.21
 -99486.115    24.678    -0.01    6.37
 -99200.362    23.950    -2.55    5.83
 -98914.632    22.928    -3.58    4.47
 -98628.924    22.497    -1.51    3.81
 -98343.238    21.843    -2.29    2.36
 -98057.575    21.563    -0.98    1.39
 -97771.934    21.368    -0.68    0.00
 -97486.315    21.368     0.00    0.00
 -97200.718    21.368     0.00    0.00
 -96915.144    21.368     0.00    0.00
 -96629.593    21.368     0.00    0.00
 -96344.063    21.368     0.00    0.00
 -96058.556    21.368     0.00    0.00
 -95773.071    22.004     2.23    2.33
 -95487.608    23.678     5.87    4.24
 -95202.168    25.458     6.24    5.22
 -94916.750    27.437     6.93    5.54
 -94631.354    29.195     6.16    5.17
 -94345.981    30.584     4.87    4.26
 -94060.629    31.848     4.43    3.14
 -93775.300    32.154     1.07    3.28
 -93489.994    31.889    -0.93    3.23
 -93204.709    31.603    -1.00    3.32
 -92919.447    31.623     0.07    3.16
 -92634.207    31.558    -0.23    3.02
 -92348.989    31.729     0.60    2.71
 -92063.793    31.993     0.93    1.90
 -91778.620    32.152     0.56    1.91
 -91493.469    32.289     0.48    1.75
 -91208.340    32.592     1.06    1.80
 -90923.233    32.828     0.83    1.81
 -90638.148    33.131     1.06    1.54
 -90353.086    33.042    -0.31    1.62
 -90068.045    32.797    -0.86    1.75
 -89783.027    32.254    -1.91    1.95
 -89498.031    31.306    -3.32    2.14
 -89213.057    30.812    -1.74    2.21
 -88928.106    30.327    -1.70    2.72
 -88643.176    29.664    -2.33    3.17
 -88358.269    29.318    -1.22    3.47
 -88073.384    28.735    -2.05    3.71
 -87788.521    28.176    -1.96    3.91
 -87503.680    27.417    -2.67    3.67
 -87218.861    27.134    -0.99    3.79
 -86934.064    26.913    -0.78    3.98
 -86649.290    26.678    -0.82    4.19
 -86364.537    26.338    -1.20    4.38
 -86079.807    26.066    -0.95    4.43
 -85795.099    25.554    -1.80    4.45
 -85510.413    24.977    -2.03    4.31
 -85225.749    23.993    -3.45    3.63
 -84941.106    23.188    -2.83    3.21
 -84656.487    22.518    -2.35    2.43
 -84367.739    21.953    -1.96    1.29
 -84078.256    21.698    -0.88    1.10
 -83788.797    21.553    -0.50    1.06
 -83499.360    21.550    -0.01    1.08
 -83209.947    21.550     0.00    1.06
 -82920.558    21.682     0.46    1.13
 -82631.192    21.778     0.33    1.17
 -82341.849    21.919     0.49    1.29
 -82052.529    22.025     0.36    1.33
 -81763.232    22.482     1.58    2.31
 -81473.959    23.451     3.35    3.68
 -81184.709    24.504     3.64    4.34
 -80895.483    25.121     2.13    4.39
 -80606.279    25.733     2.12    4.21
 -80317.099    26.083     1.21    4.00
 -80027.942    26.285     0.70    4.03
 -79738.809    26.028    -0.89    3.74
 -79449.698    25.389    -2.21    3.06
 -79160.611    24.990    -1.38    2.57
 -78871.547    24.898    -0.32    2.42
 -78582.506    24.762    -0.47    2.14
 -78293.489    24.888     0.43    1.95
 -78004.494    24.781    -0.37    1.40
 -77715.523    24.774    -0.02    1.18
 -77426.575    25.008     0.81    1.10
 -77137.651    25.148     0.48    1.26
 -76848.749    25.639     1.70    1.64
 -76559.871    26.234     2.06    1.92
 -76271.016    26.430     0.68    1.75
 -75982.183    26.848     1.44    1.64
 -75693.375    27.087     0.83    1.53
 -75404.589    27.087     0.00    1.37
 -75115.826    26.993    -0.32    1.41
 -74827.087    26.868    -0.43    1.45
 -74538.370    26.618    -0.87    1.66
 -74249.677    26.237    -1.32    1.82
 -73961.007    25.634    -2.09    1.73
 -73672.360    25.427    -0.72    1.64
 -73383.736    25.106    -1.11    1.40
 -73095.136    24.913    -0.67    1.09
 -72806.558    25.032     0.41    1.04
 -72518.004    25.247     0.75    0.99
 -72229.472    25.712     1.61    1.15
 -71940.964    26.010     1.04    1.18
 -71652.478    26.368     1.24    1.26
 -71364.016    26.806     1.52    1.19
 -71075.577    27.160     1.23    1.18
 -70787.161    27.492     1.15    1.21
 -70498.768    27.848     1.23    1.26
 -70210.398    28.328     1.66    1.35
 -69922.051    28.808     1.67    1.42
 -69633.727    29.218     1.42    1.32
 -69345.426    29.685     1.62    1.31
 -69057.148    30.077     1.36    1.21
 -68768.893    30.550     1.64    1.25
 -68480.661    30.853     1.05    1.35
 -68192.452    31.116     0.91    1.36
 -67904.267    31.530     1.44    1.31
 -67616.104    31.868     1.17    1.36
 -67327.964    32.265     1.38    1.43
 -67039.847    32.991     2.52    2.02
 -66751.753    33.639     2.25    2.12
 -66463.682    34.451     2.82    2.25
 -66175.634    35.150     2.43    2.29
 -65887.609    36.131     3.41    2.36
 -65599.607    37.296     4.05    2.41
 -65311.628    38.285     3.43    2.44
 -65023.672    39.288     3.48    2.24
 -64735.738    40.062     2.69    2.02
 -64447.828    40.844     2.71    1.95
 -64159.941    41.556     2.48    1.92
 -63872.076    42.205     2.25    1.76
 -63584.234    42.897     2.40    1.82
 -63296.416    43.583     2.38    1.99
 -63008.620    44.225     2.23    2.13
 -62720.847    44.894     2.32    2.26
 -62433.097    45.756     3.00    2.17
 -62145.370    46.554     2.77    2.06
 -61857.666    47.419     3.01    2.01
 -61569.984    48.327     3.15    2.20
 -61282.326    49.504     4.09    2.59
 -60994.690    50.621     3.88    2.68
 -60707.077    51.388     2.67    2.74
 -60419.487    52.308     3.20    2.42
 -60131.920    53.134     2.87    2.51
 -59844.376    53.671     1.87    2.33
 -59556.854    54.042     1.29    2.18
 -59269.356    54.348     1.07    2.14
 -58981.880    54.497     0.52    2.00
 -58694.427    55.002     1.76    1.71
 -58406.997    55.459     1.59    1.55
 -58119.589    55.562     0.36    1.15
 -57832.205    55.758     0.68    1.27
 -57544.843    56.152     1.37    1.36
 -57257.504    56.577     1.48    1.65
 -56970.188    57.243     2.32    2.11
 -56682.894    57.739     1.73    2.28
 -56395.623    58.764     3.57    2.63
 -56108.375    60.118     4.71    2.95
 -55821.150    61.548     4.98    3.57
 -55533.948    63.705     7.51    4.63
 -55246.768    66.461     9.60    5.73
 -54959.611    69.754    11.47    7.27
 -54672.477    73.698    13.74    8.16
 -54385.365    76.521     9.83    7.65
 -54098.277    76.136    -1.34    9.88
 -53811.210    72.255   -13.52   14.93
 -53524.167    67.432   -16.80   18.18
 -53237.146    59.389   -28.02   19.49
 -52950.148    51.358   -27.98   16.35
 -52663.173    45.709   -19.69   10.52
 -52376.220    42.410   -11.50    4.86
 -52089.291    43.623     4.23    5.96
 -51802.383    46.817    11.13    8.79
 -51515.499    51.144    15.08   11.04
 -51228.637    56.021    17.00   12.34
 -50941.797    61.868    20.38   12.70
 -50654.981    67.641    20.13   11.46
 -50368.187    72.995    18.67    8.98
 -50081.415    77.252    14.85    6.49
 -49794.667    80.021     9.66    5.11
 -49507.941    82.227     7.69    3.69
 -49221.237    83.709     5.17    3.07
 -48934.556    84.832     3.92    2.93
 -48647.898    86.150     4.60    2.67
 -48361.263    87.045     3.13    2.65
 -48074.649    88.275     4.29    2.64
 -47788.059    89.337     3.71    2.37
 -47501.491    90.179     2.94    2.27
 -47214.946    90.532     1.23    2.10
 -46928.423    90.520    -0.04    2.25
 -46641.923    90.441    -0.28    3.37
 -46355.446    91.106     2.32    4.46
 -46068.991    92.695     5.55    6.25
 -45782.558    94.616     6.71    7.34
 -45496.148    97.128     8.77    8.26
 -45209.761   100.863    13.04    8.56
 -44923.396   103.919    10.67    8.68
 -44637.054   107.358    12.01    7.80
 -44350.734   109.941     9.02    7.25
 -44064.437   112.400     8.59    7.26
 -43778.162   115.795    11.86    7.60
 -43491.910   120.483    16.38    9.84
 -43205.680   124.368    13.57   10.45
 -42919.473   128.793    15.46   10.02
 -42633.288   132.399    12.60    9.11
 -42347.126   133.178     2.72   10.07
 -42060.986   130.497    -9.37   19.51
 -41774.869   120.162   -36.12   37.84
 -41488.774   104.061   -56.28   51.72
 -41202.702    85.843   -63.69   58.65
 -40916.652    67.908   -62.70   60.13
 -40630.624    45.653   -77.81   53.61
 -40344.619    27.868   -62.18   42.91
 -40058.637    11.566   -57.01   21.19
 -39772.676     3.987   -26.51    4.35
 -39486.739     2.348    -5.73    3.45
 -39200.823     2.210    -0.48    3.53
 -38914.930     2.399     0.66    4.59
 -38629.060     3.062     2.32    5.74
 -38343.212     4.348     4.50    6.90
 -38057.386     5.655     4.57    7.48
 -37771.583     6.154     1.74    7.54
 -37485.802     6.528     1.31    7.72
 -37200.044     6.858     1.15    9.97
 -36914.308    11.308    15.57   21.84
 -36628.594    18.842    26.37   34.70
 -36342.902    36.200    60.76   56.61
 -36057.233    57.337    73.99   73.79
 -35771.587    85.874    99.90   85.45
 -35485.962   115.629   104.18   87.92
 -35200.361   148.770   116.04   84.01
 -34914.781   177.015    98.90   80.46
 -34629.224   205.803   100.82   74.39
 -34343.689   232.981    95.18   65.49
 -34058.176   251.917    66.33   51.99
 -33772.686   265.664    48.15   42.82
 -33487.218   271.894    21.82   38.28
 -33201.772   277.808    20.72   35.77
 -32916.349   281.488    12.89   33.09
 -32630.947   284.684    11.20   30.76
 -32345.569   289.316    16.23   27.15
 -32060.212   293.025    13.00   20.41
 -31774.878   296.275    11.39   14.71
 -31489.566   298.053     6.23   10.47
 -31204.276   298.266     0.75    8.23
 -30919.009   298.558     1.02    6.89
 -30633.763   297.156    -4.92    7.90
 -30348.540   294.100   -10.71   10.67
 -30063.340   289.349   -16.66   13.82
 -29778.161   284.762   -16.08   14.59
 -29493.005   281.021   -13.12   13.56
 -29207.871   278.591    -8.53   14.10
 -28922.759   277.626    -3.38   14.96
 -28637.669   276.432    -4.19   15.86
 -28352.602   275.910    -1.83   16.03
 -28067.557   275.545    -1.28   16.47
 -27782.534   275.702     0.55   15.65
 -27497.533   272.462   -11.37   16.72
 -27212.555   268.601   -13.55   15.51
 -26927.598   264.732   -13.58   13.98
 -26642.664   261.339   -11.91   12.69
 -26357.752   258.858    -8.71   12.05
 -26072.862   256.022    -9.96   14.68
 -25787.994   253.518    -8.79   15.67
 -25503.149   249.595   -13.77   16.12
 -25218.325   244.358   -18.39   16.33
 -24933.524   239.316   -17.71   15.55
 -24648.745   235.946   -11.83   16.15
 -24363.988   235.045    -3.16   17.18
 -24079.253   236.014     3.40   18.64
 -23794.540   236.863     2.98   18.84
 -23509.849   237.587     2.54   16.11
 -23225.181   235.997    -5.59   15.43
 -22940.534   232.490   -12.32   16.18
 -22655.760   228.504   -13.99   16.54
 -22366.253   222.956   -19.16   17.25
 -22076.769   216.164   -23.46   17.43
 -21787.309   209.329   -23.62   16.38
 -21497.871   202.575   -23.34   16.69
 -21208.458   194.578   -27.63   20.00
 -20919.067   182.708   -41.02   26.95
 -20629.700   171.225   -39.68   27.92
 -20340.356   164.626   -22.81   26.26
 -20051.035   161.821    -9.70   25.58
 -19761.738   164.461     9.13   28.14
 -19472.464   171.712    25.07   31.13
 -19183.213   183.160    39.58   29.77
 -18893.986   193.785    36.74   20.00
 -18604.781   198.577    16.57   13.75
 -18315.600   199.042     1.61   13.05
 -18026.443   194.956   -14.13   15.60
 -17737.308   189.554   -18.68   16.52
 -17448.197   183.513   -20.90   16.08
 -17159.109   176.521   -24.18   15.93
 -16870.044   169.075   -25.76   15.88
 -16581.003   162.678   -22.13   16.75
 -16291.985   156.762   -20.47   17.46
 -16002.989   152.002   -16.47   16.67
 -15714.018   147.909   -14.16   15.73
 -15425.069   143.964   -13.65   14.62
 -15136.143   140.738   -11.17   13.41
 -14847.241   136.338   -15.23   13.57
 -14558.362   131.275   -17.53   14.65
 -14269.506   123.832   -25.77   15.58
 -13980.673   116.482   -25.45   14.66
 -13691.864   107.684   -30.46   14.67
 -13403.077    98.004   -33.52   17.08
 -13114.314    87.868   -35.10   21.10
 -12825.574    76.719   -38.61   25.75
 -12536.857    63.758   -44.89   29.24
 -12248.163    49.777   -48.43   29.51
 -11959.493    37.014   -44.21   26.04
 -11670.845    25.899   -38.51   19.05
 -11382.221    18.848   -24.43   13.19
 -11093.619    14.022   -16.72    6.49
 -10805.041    12.498    -5.28    1.97
 -10516.486    12.317    -0.63    1.46
 -10227.954    12.160    -0.54    1.43
  -9939.445    12.108    -0.18    1.52
  -9650.959    11.977    -0.46    1.57
  -9362.496    11.692    -0.99    1.74
  -9074.057    11.368    -1.12    2.15
  -8785.640    10.770    -2.07    2.60
  -8497.246     9.910    -2.98    2.68
  -8208.876     8.884    -3.56    2.81
  -7920.528     8.502    -1.32    3.04
  -7632.204     8.264    -0.83    3.14
  -7343.903     8.618     1.23    3.37
  -7055.624     8.997     1.31    3.55
  -6767.369     9.754     2.62    3.74
  -6479.137    10.600     2.94    3.68
  -6190.927    11.203     2.09    3.66
  -5902.741    11.540     1.17    3.65
  -5614.578    11.817     0.96    3.69
  -5326.438    11.756    -0.21    3.72
  -5038.320    12.022     0.92    3.39
  -4750.226    11.873    -0.52    3.14
  -4462.155    11.399    -1.65    2.95
  -4174.106    10.653    -2.59    3.04
  -3886.081    10.205    -1.55    2.70
  -3598.078    10.174    -0.11    2.63
  -3310.099     9.746    -1.49    3.47
  -3022.142     8.766    -3.40    4.83
  -2734.209     7.263    -5.22    5.56
  -2446.298     6.150    -3.87    5.80
  -2158.410     5.129    -3.55    5.35
  -1870.546     4.137    -3.45    4.76
  -1582.704     4.066    -0.24    4.35
  -1294.885     4.544     1.66    4.14
  -1007.089     4.832     1.00    4.41
   -719.316     4.205    -2.18    4.44
   -431.565     3.379    -2.87    4.65
   -143.838     2.247    -3.93    4.49
    143.866     1.665    -2.02    4.91
    431.548     3.430     6.13    8.89
    719.207     9.052    19.54   15.24
   1006.842    15.863    23.68   18.13
   1294.455    19.900    14.03   17.43
   1582.046    21.995     7.28   16.50
   1869.613    21.736    -0.90   15.97
   2157.157    19.348    -8.30   15.98
   2444.679    14.401   -17.21   14.80
   2732.178     8.209   -21.54   10.64
   3019.654     4.129   -14.19    5.43
   3307.107     2.719    -4.90    3.15
   3594.537     2.198    -1.81    2.56
   3881.944     2.535     1.17    2.44
   4169.329     2.632     0.34    2.22
   4456.691     2.618    -0.05    2.13
   4744.030     2.419    -0.69    1.86
   5031.346     2.378    -0.14    1.91
   5318.640     1.978    -1.39    1.83
   5605.911     1.470    -1.77    1.71
   5893.159     1.708     0.83    2.71
   6180.384     2.758     3.66    3.95
   6467.586     3.941     4.12    4.50
   6754.766     5.116     4.09    4.68
   7041.923     6.660     5.38    4.72
   7329.057     8.032     4.78    4.26
   7616.169     9.517     5.17    3.17
   7903.257    10.081     1.96    2.53
   8190.323    10.160     0.27    2.43
   8477.367    10.116    -0.15    2.49
   8764.387     9.868    -0.86    2.81
   9051.385     9.822    -0.16    3.28
   9338.360     9.747    -0.26    3.44
   9625.313     9.884     0.48    3.94
   9912.243     9.925     0.14    4.28
  10199.150    10.038     0.39    4.66
  10486.034     9.998    -0.14    4.74
  10772.896     9.501    -1.73    4.35
  11059.735     8.388    -3.88    3.37
  11346.551     7.459    -3.24    1.97
  11633.345     6.822    -2.22    1.67
  11920.116     6.613    -0.73    1.57
  12206.865     6.610    -0.01    1.57
  12493.591     6.501    -0.38    1.50
  12780.294     6.783     0.98    1.42
  13066.975     7.134     1.22    1.33
  13353.633     7.337     0.71    1.26
  13640.268     7.539     0.70    1.28
  13926.881     7.773     0.82    1.29
  14213.471     8.052     0.97    1.33
  14500.038     8.419     1.28    1.27
  14786.583     8.803     1.34    1.14
  15073.106     9.191     1.36    1.08
  15359.605     9.646     1.59    1.10
  15646.083    10.126     1.68    1.32
  15932.537    10.858     2.56    1.77
  16218.969    12.166     4.57    3.38
  16505.379    14.428     7.90    5.11
  16791.766    16.843     8.43    6.18
  17078.130    19.695     9.96    6.75
  17364.472    22.932    11.31    6.71
  17650.792    26.035    10.84    5.97
  17937.088    29.484    12.05    5.48
  18223.363    33.017    12.34    6.16
  18509.614    36.691    12.83    7.33
  18795.844    40.463    13.18    8.21
  19082.050    44.589    14.42    8.61
  19368.235    48.626    14.10    8.64
  19654.397    52.429    13.29    8.59
  19940.536    56.566    14.46    8.07
  20226.653    60.214    12.75    7.86
  20512.747    64.297    14.27    7.68
  20798.819    68.467    14.58    7.99
  21084.868    72.492    14.07    8.14
  21370.895    76.542    14.16    8.18
  21656.899    81.049    15.76    8.53
  21942.881    85.306    14.89    8.34
  22228.841    90.158    16.96    7.88
  22514.778    94.389    14.80    7.33
  22800.693    98.389    13.99    6.23
  23086.585   100.973     9.04    5.03
  23372.455   101.810     2.93    4.66
  23658.302   101.129    -2.38    6.24
  23944.127    98.183   -10.31    9.23
  24229.930    93.368   -16.84   12.56
  24515.710    88.038   -18.65   13.52
  24801.468    84.317   -13.02   12.05
  25087.203    81.550    -9.68   10.18
  25372.916    80.613    -3.28    9.10
  25658.607    81.853     4.34    9.46
  25944.275    84.368     8.81   10.09
  26229.921    88.420    14.19    9.10
  26515.545    91.242     9.88    7.59
  26801.146    92.389     4.02    7.15
  27086.725    90.243    -7.51    9.28
  27372.281    86.337   -13.68   13.01
  27657.815    78.758   -26.54   17.44
  27943.327    70.505   -28.90   18.56
  28228.817    63.399   -24.89   17.03
  28514.284    57.532   -20.55   12.89
  28799.729    53.752   -13.24    8.31
  29085.151    53.379    -1.31    7.13
  29370.552    55.998     9.18    9.68
  29655.930    60.705    16.49   12.41
  29941.285    66.608    20.69   14.67
  30226.619    73.268    23.34   16.37
  30511.930    81.739    29.69   16.78
  30797.219    88.448    23.52   15.94
  31082.485    95.487    24.67   13.57
  31367.729   101.453    20.92   10.44
  31652.951   105.389    13.80    8.64
  31938.151   108.549    11.08    8.37
  32223.329   111.958    11.95    9.27
  32508.484   115.327    11.82   11.23
  32793.617   118.660    11.69   11.31
  33078.728   121.940    11.50   11.03
  33363.816   124.636     9.46    9.67
  33648.883   125.736     3.86    8.39
  33933.927   125.428    -1.08    8.03
  34218.949   123.838    -5.58    8.04
  34503.948   121.287    -8.95    7.87
  34788.926   118.409   -10.10    7.62
  35073.881   116.183    -7.81    7.71
  35358.814   114.063    -7.44    7.27
  35643.725   112.187    -6.58    7.22
  35928.614   110.421    -6.20    7.90
  36213.481   109.785    -2.23    8.40
  36498.325   108.063    -6.04    8.81
  36783.147   107.168    -3.14    9.31
  37067.948   107.399     0.81    9.24
  37352.726   108.379     3.44    8.77
  37637.481   108.725     1.22    8.30
  37922.215   108.608    -0.41    7.96
  38206.927   105.578   -10.64   10.90
  38491.616    99.938   -19.81   15.10
  38776.283    94.806   -18.03   15.99
  39060.929    90.214   -16.13   14.73
  39346.602    87.931    -7.99   11.90
  39636.128    87.948     0.06   11.01
  39925.630    89.517     5.42   11.59
  40215.109    94.496    17.20   12.83
  40504.565    99.889    18.63   12.81
  40793.997   105.516    19.44   11.74
  41083.406   110.650    17.74   10.71
  41372.792   115.004    15.05    9.18
  41662.154   117.858     9.86    7.21
  41951.493   119.177     4.56    5.44
  42240.809   118.884    -1.01    6.25
  42530.101   118.053    -2.87    6.71
  42819.370   116.760    -4.47    6.85
  43108.616   114.623    -7.39    6.89
  43397.839   112.868    -6.07    6.47
  43687.038   111.950    -3.18    6.53
  43976.215   111.225    -2.51    7.24
  44265.368   111.139    -0.30    7.62
  44554.497   110.178    -3.32    8.13
  44843.604   110.481     1.05    7.91
  45132.687   111.723     4.30    8.04
  45421.747   113.438     5.94    8.19
  45710.783   114.878     4.98    8.23
  45999.797   117.142     7.83    7.82
  46288.787   119.245     7.28    6.85
  46577.754   121.098     6.41    5.03
  46866.698   121.810     2.47    4.09
  47155.619   121.421    -1.35    4.43
  47444.516   120.145    -4.42    5.09
  47733.391   118.035    -7.30    5.62
  48022.242   116.421    -5.59    5.54
  48311.070   114.858    -5.41    5.11
  48599.875   114.105    -2.61    4.57
  48888.657   114.514     1.42    4.65
  49177.415   115.485     3.36    4.58
  49466.150   116.815     4.61    4.35
  49754.863   117.828     3.51    3.85
  50043.552   118.667     2.91    3.13
  50332.218   118.616    -0.18    2.95
  50620.861   117.775    -2.91    3.39
  50909.480   116.298    -5.11    4.08
  51198.077   114.168    -7.38    4.55
  51486.651   111.787    -8.25    4.87
  51775.201   108.970    -9.76    5.58
  52063.728   105.618   -11.62    6.41
  52352.233   102.296   -11.51    7.66
  52640.714    98.338   -13.72    9.30
  52929.172    94.052   -14.86   10.57
  53217.607    89.245   -16.67   11.52
  53506.019    84.505   -16.43   11.79
  53794.408    80.158   -15.07   12.29
  54082.774    76.326   -13.29   12.79
  54371.117    73.181   -10.91   12.89
  54659.437    69.820   -11.66   12.95
  54947.733    67.177    -9.17   13.57
  55236.007    62.598   -15.88   15.07
  55524.258    58.134   -15.48   16.03
  55812.485    53.540   -15.94   15.75
  56100.690    49.256   -14.86   14.42
  56388.872    46.212   -10.56   13.06
  56677.031    44.001    -7.67   11.73
  56965.166    42.636    -4.74   10.83
  57253.279    40.909    -5.99    9.81
  57541.369    40.490    -1.46    9.61
  57829.436    39.430    -3.68    8.39
  58117.479    38.152    -4.44    7.28
  58405.500    37.042    -3.85    5.81
  58693.498    36.234    -2.80    4.37
  58981.473    35.585    -2.26    3.57
  59269.425    35.756     0.59    3.33
  59557.354    35.925     0.59    3.47
  59845.260    36.418     1.71    3.77
  60133.143    36.605     0.65    3.78
  60421.004    37.121     1.79    4.11
  60708.841    38.410     4.48    5.62
  60996.655    39.315     3.14    6.20
  61284.447    40.400     3.77    7.60
  61572.216    42.077     5.83    9.16
  61859.961    43.021     3.28    9.98
  62147.684    43.060     0.14   10.03
  62435.384    42.716    -1.20    9.51
  62723.061    42.090    -2.17    8.49
  63010.715    41.919    -0.59    8.07
  63298.347    42.389     1.63    7.94
  63585.955    42.129    -0.90    7.89
  63873.541    42.228     0.35    8.03
  64161.104    42.736     1.76    7.89
  64448.644    42.461    -0.95    7.22
  64736.161    42.188    -0.95    6.58
  65023.655    42.015    -0.60    6.03
  65311.127    41.709    -1.07    5.50
  65598.575    41.991     0.98    5.88
  65886.001    42.587     2.07    6.71
  66173.404    43.105     1.80    7.35
  66460.785    43.610     1.76    8.17
  66748.142    43.794     0.64    8.29
  67035.477    44.143     1.21    8.54
  67322.789    44.243     0.35    8.64
  67610.078    44.028    -0.75    8.24
  67897.344    43.879    -0.52    7.81
  68184.588    42.884    -3.46    6.36
  68471.808    42.232    -2.27    5.46
  68759.006    41.904    -1.14    4.73
  69046.182    41.337    -1.97    3.53
  69333.334    40.991    -1.21    2.30
  69620.464    41.217     0.79    2.61
  69907.571    41.879     2.30    3.20
  70194.656    42.093     0.75    3.00
  70481.717    42.904     2.82    4.00
  70768.756    43.838     3.25    5.11
  71055.772    44.264     1.49    5.40
  71342.766    44.868     2.11    6.08
  71629.737    45.483     2.14    6.54
  71916.685    45.935     1.58    7.10
  72203.610    46.336     1.40    7.83
  72490.513    46.734     1.39    8.17
  72777.393    47.200     1.62    8.34
  73064.251    47.081    -0.41    7.51
  73351.086    47.108     0.09    6.94
  73637.898    47.137     0.10    7.12
  73924.687    46.712    -1.48    6.70
  74211.454    46.039    -2.35    5.60
  74498.198    45.726    -1.09    4.43
  74784.920    45.837     0.39    3.97
  75071.619    45.899     0.22    3.74
  75358.295    46.712     2.84    4.18
  75644.949    47.410     2.43    4.26
  75931.580    48.399     3.45    4.72
  76218.188    49.970     5.48    6.02
  76504.774    52.100     7.43    7.97
  76791.337    54.008     6.66    9.12
  77077.878    56.715     9.45   10.40
  77364.396    59.514     9.77   11.67
  77650.892    62.358     9.93   12.94
  77937.365    65.250    10.09   13.73
  78223.815    68.836    12.52   14.63
  78510.243    71.775    10.26   15.17
  78796.648    74.560     9.72   14.72
  79083.031    78.400    13.41   13.83
  79369.391    80.484     7.28   12.97
  79655.729    81.137     2.28   11.95
  79942.044    80.275    -3.01   11.86
  80228.336    78.719    -5.43   11.96
  80514.606    77.202    -5.30   11.35
  80800.854    75.510    -5.91   10.07
  81087.079    75.978     1.64    9.55
  81373.281    77.521     5.39    9.86
  81659.461    79.914     8.36   10.53
  81945.619    83.530    12.64   10.23
  82231.754    86.564    10.60    9.55
  82517.867    87.725     4.06   10.10
  82803.957    87.181    -1.90   10.75
  83090.024    85.911    -4.44   10.69
  83376.070    84.754    -4.05   10.00
  83662.092    83.624    -3.95    8.46
  83948.093    83.755     0.46    6.90
  84234.070    84.004     0.87    6.32
  84520.026    85.028     3.58    6.34
  84805.959    86.401     4.80    6.39
  85091.869    88.232     6.40    7.07
  85377.757    89.670     5.03    6.80
  85663.623    91.501     6.40    7.13
  85949.466    93.144     5.75    6.55
  86235.287    94.285     3.99    5.95
  86521.085    95.889     5.61    6.16
  86806.862    98.021     7.46    6.66
  87092.615   100.858     9.93    7.27
  87378.346   104.440    12.53    7.85
  87664.055   108.389    13.82    8.09
  87949.742   112.502    14.40    8.13
  88235.406   116.495    13.97    7.43
  88521.048   119.938    12.05    6.63
  88806.667   123.443    12.27    5.99
  89092.264   126.295     9.99    5.30
  89377.839   129.035     9.59    4.69
  89663.391   131.454     8.47    4.11
  89948.921   133.032     5.52    3.26
  90234.429   133.709     2.37    2.98
  90519.915   133.440    -0.94    3.93
  90805.378   132.307    -3.97    5.93
  91090.818   130.739    -5.49    7.78
  91376.237   128.338    -8.41    9.34
  91661.633   126.460    -6.58   10.04
  91947.007   123.705    -9.65   10.86
  92232.358   121.138    -8.99   11.38
  92517.688   118.725    -8.46   11.19
  92802.995   113.358   -18.81   12.67
  93088.279   107.452   -20.70   15.23
  93373.542   100.017   -26.06   17.34
  93658.782    91.295   -30.58   18.32
  93944.000    84.275   -24.61   17.04
  94229.196    77.927   -22.25   14.27
  94514.369    73.669   -14.93   10.12
  94799.520    70.910    -9.68    5.94
  95084.649    71.283     1.31    6.05
  95369.756    73.137     6.50    7.23
  95654.841    75.461     8.15    8.32
  95939.903    77.644     7.66    9.46
  96224.943    80.674    10.63   10.92
  96509.961    82.797     7.45   11.67
  96794.957    85.389     9.09   12.26
  97079.930    87.166     6.24   12.53
  97364.881    87.702     1.88   13.01
  97649.810    88.473     2.71   13.25
  97934.717    88.523     0.18   13.87
  98219.602    88.453    -0.25   14.15
  98504.465    88.484     0.11   14.29
  98789.305    89.221     2.59   14.66
  99074.123    90.583     4.78   14.60
  99358.919    91.260     2.37   14.51
  99643.693    92.493     4.33   14.49
  99928.445    93.315     2.89   14.19
 100213.175    93.221    -0.33   14.62
 100497.882    93.566     1.21   14.87
 100782.568    92.746    -2.88   14.28
 101067.231    93.113     1.29   14.09
 101353.898    92.572    -1.89   13.91
 101643.416    93.441     3.00   13.62
 101932.911    93.613     0.59   13.16
 102222.382    93.698     0.29   12.20
 102511.831    94.739     3.60   12.05
 102801.256    95.863     3.88   11.70
 103090.657    95.500    -1.26   11.18
 103380.035    95.246    -0.88   10.29
 103669.390    95.514     0.93   10.49
 103958.722    94.848    -2.30   10.38
 104248.031    94.587    -0.90   10.53
 104537.316    95.760     4.05   11.08
 104826.578    96.666     3.13   11.61
 105115.816    97.938     4.40   11.82
 105405.032    99.926     6.87   12.22
 105694.224   102.126     7.61   12.43
 105983.393   105.207    10.65   12.21
 106272.539   107.100     6.54   12.11
 106561.661   107.806     2.44   12.11
 106850.761   108.250     1.54   11.35
 107139.837   107.836    -1.43   10.68
 107428.889   108.674     2.90   10.20
 107717.919   110.010     4.62    9.46
 108006.926   111.390     4.77    8.91
 108295.909   112.879     5.15    9.05
 108584.869   115.294     8.36    9.73
 108873.806   119.139    13.31   10.02
 109162.720   121.152     6.97   10.94
 109451.610   122.028     3.03   12.04
 109740.478   123.492     5.07   12.19
 110029.322   123.981     1.69   12.40
 110318.143   124.164     0.64   12.12
 110606.941   124.389     0.78   11.43
 110895.716   125.236     2.93   10.56
 111184.467   126.286     3.64    9.90
 111473.196   127.181     3.10    9.82
 111761.901   127.152    -0.10   10.54
 112050.584   125.513    -5.68   10.91
 112339.243   124.987    -1.82   10.30
 112627.879   125.719     2.54    9.72
 112916.492   126.116     1.37   10.32
 113205.082   126.562     1.55   10.27
 113493.649   127.368     2.79   11.40
 113782.193   128.474     3.83   11.88
 114070.713   129.194     2.50   11.57
 114359.211   128.831    -1.26   11.13
 114647.686   129.389     1.94   10.20
 114936.137   130.304     3.17    9.01
 115224.566   132.981     9.28    8.22
 115512.971   135.947    10.28    6.95
 115801.353   137.368     4.93    7.04
 116089.713   137.831     1.60    8.19
 116378.049   138.081     0.87    9.11
 116666.362   137.705    -1.30    9.66
 116954.653   137.670    -0.12   10.20
 117242.920   137.556    -0.40   10.69
 117531.164   138.389     2.89   10.97
 117819.385   141.008     9.08   10.77
 118107.584   142.925     6.65   11.17
 118395.759   145.018     7.26   11.07
 118683.911   147.113     7.27   10.73
 118972.041   149.358     7.79    9.83
 119260.147   151.550     7.61    8.70
 119548.231   153.764     7.68    7.74
 119836.291   155.801     7.07    6.78
 120124.329   157.554     6.08    5.87
 120412.343   159.502     6.76    5.43
 120700.335   161.848     8.14    4.60
 120988.304   163.841     6.92    3.78
 121276.249   165.949     7.32    3.66
 121564.172   167.741     6.22    3.43
 121852.072   169.551     6.29    3.07
 122139.949   171.100     5.38    2.99
 122427.803   172.401     4.52    2.96
 122715.635   173.837     4.99    3.50
 123003.443   175.698     6.47    4.85
 123291.228   177.749     7.12    5.28
 123578.991   179.158     4.90    5.13
 123866.731   180.221     3.69    6.10
 124154.448   180.737     1.79    7.55
 124442.142   180.941     0.71    9.19
 124729.813   181.670     2.53    9.92
 125017.461   182.042     1.29   10.76
 125305.086   183.843     6.26   10.16
 125592.689   185.337     5.20    8.74
 125880.269   184.049    -4.48    9.60
 126167.826   178.931   -17.80   17.41
 126455.360   168.894   -34.90   25.46
 126742.871   161.191   -26.79   26.33
 127030.359   154.583   -22.99   24.17
 127317.825   151.502   -10.71   20.81
 127605.268   151.647     0.50   18.40
 127892.688   155.038    11.80   18.03
 128180.085   161.602    22.84   16.27
 128467.460   168.648    24.51   14.50
 128754.812   172.095    11.99   13.93
 129042.140   172.057    -0.13   15.18
 129329.447   166.570   -19.09   21.21
 129616.730   157.981   -29.90   27.00
 129903.991   147.066   -37.99   27.85
 130191.229   138.177   -30.94   24.68
 130478.444   130.010   -28.43   17.46
 130765.636   126.158   -13.41   13.42
 131052.806   126.025    -0.46   13.89
 131339.953   127.737     5.96   15.59
 131627.077   129.389     5.75   15.88
 131914.179   128.816    -2.00   15.75
 132201.258   127.103    -5.97   14.59
 132488.314   126.962    -0.49   13.28
 132775.347   126.935    -0.09   11.58
 133062.358   128.441     5.24   11.56
 133349.346   131.575    10.92   13.09
 133636.311   135.358    13.18   14.11
 133923.254   139.545    14.59   13.84
 134210.174   142.657    10.84   13.64
 134497.072   144.224     5.46   13.47
 134783.946   145.223     3.48   13.04
 135070.798   146.137     3.19   12.17
 135357.628   147.325     4.14   12.20
 135644.435   150.651    11.59   13.48
 135931.219   155.326    16.30   14.24
 136217.980   159.996    16.28   16.24
 136504.719   164.656    16.25   16.92
 136791.436   169.687    17.55   17.90
 137078.129   176.827    24.90   18.84
 137364.800   183.648    23.79   18.81
 137651.449   190.517    23.96   17.21
 137938.075   195.525    17.47   15.17
 138224.678   199.577    14.14   12.46
 138511.259   202.420     9.92    7.86
 138797.817   201.904    -1.80    8.63
 139084.352   197.441   -15.57   14.04
 139370.865   190.832   -23.06   19.28
 139657.356   179.782   -38.57   24.45
 139943.824   168.552   -39.20   25.94
 140230.269   158.108   -36.46   24.76
 140516.692   149.400   -30.40   21.77
 140803.092   144.233   -18.04   17.07
 141089.470   143.368    -3.02   16.91
 141375.825   144.358     3.46   18.47
 141662.158   146.347     6.95   19.49
 141948.468   147.153     2.82   19.67
 142234.756   145.420    -6.05   20.21
 142521.021   141.766   -12.76   20.45
 142807.263   138.049   -12.98   18.47
 143093.484   135.272    -9.70   14.82
 143379.681   136.537     4.42   14.26
 143665.856   140.766    14.78   16.11
 143952.009   148.594    27.35   16.51
 144238.139   155.056    22.58   16.70
 144524.247   163.554    29.70   18.43
 144810.332   170.691    24.95   18.24
 145096.395   177.482    23.74   17.14
 145382.436   180.993    12.28   15.06
 145668.454   181.685     2.42   13.83
 145954.449   180.103    -5.53   14.74
 146240.422   174.121   -20.92   18.96
 146526.373   165.806   -29.08   22.49
 146812.301   154.785   -38.54   23.95
 147098.207   143.535   -39.34   21.91
 147384.091   134.295   -32.32   19.38
 147669.952   126.150   -28.49   16.54
 147955.790   120.075   -21.25   14.03
 148241.607   113.528   -22.90   12.92
 148527.400   108.077   -19.07   11.75
 148813.172   104.357   -13.01   11.02
 149098.921   102.272    -7.30   11.66
 149384.648   101.788    -1.69   13.33
 149670.352   101.937     0.52   15.38
 149956.034   102.325     1.36   16.74
 150241.694   103.624     4.54   18.66
 150527.331   105.863     7.84   20.17
 150812.946   105.920     0.20   20.03
 151098.539   105.379    -1.90   19.95
 151384.109   103.712    -5.84   19.01
 151669.657   104.535     2.88   18.17
 151955.183   106.858     8.13   17.83
 152240.686   108.946     7.31   17.62
 152526.167   112.502    12.46   18.21
 152811.626   118.441    20.80   18.74
 153097.062   122.848    15.44   17.80
 153382.476   126.705    13.51   15.16
 153667.868   129.610    10.18   12.32
 153953.238   130.968     4.76   11.36
 154238.585   132.510     5.40    9.74
 154523.910   131.304    -4.23   10.18
 154809.213   129.254    -7.18   10.64
 155094.493   127.110    -7.51   10.70
 155379.752   124.599    -8.80   10.85
 155664.988   121.049   -12.44   11.52
 155950.202   118.357    -9.44   12.43
 156235.393   115.600    -9.67   12.60
 156520.562   113.200    -8.42   12.78
 156805.709   112.131    -3.75   12.28
 157090.834   110.910    -4.28   12.35
 157375.937   110.004    -3.18   12.60
 157661.017   108.795    -4.24   12.65
 157946.076   106.966    -6.42   13.10
 158231.112   103.629   -11.71   14.22
 158516.126    99.636   -14.01   15.64
 158801.117    95.306   -15.19   16.23
 159086.087    88.581   -23.60   16.36
 159371.034    83.230   -18.78   16.13
 159655.959    77.291   -20.84   15.13
 159940.862    72.007   -18.54   13.60
 160225.743    67.993   -14.09   11.52
 160510.602    65.053   -10.32    9.23
 160795.438    63.261    -6.29    7.36
 161080.252    62.917    -1.21    8.03
 161365.045    63.400     1.70   10.65
 161649.815    64.273     3.06   12.78
 161934.563    64.389     0.41   14.67
 162219.289    63.158    -4.32   14.18
 162503.992    62.504    -2.30   14.26
 162788.674    59.843    -9.35   11.86
 163073.334    57.368    -8.69    8.07
 163360.966    56.562    -2.80    6.39
 163650.493    56.868     1.06    7.15
 163939.998    57.743     3.02    8.39
 164229.479    60.113     8.19   11.42
 164518.937    62.420     7.97   14.40
 164808.372    64.702     7.88   17.21
 165097.783    66.931     7.70   18.57
 165387.171    68.008     3.72   18.76
 165676.536    68.733     2.51   19.07
 165965.877    71.431     9.32   19.86
 166255.196    74.452    10.44   20.87
 166544.491    76.368     6.62   21.98
 166833.763    80.158    13.10   23.20
 167123.011    81.966     6.25   23.16
 167412.237    83.669     5.89   23.01
 167701.439    84.028     1.24   22.76
 167990.618    82.143    -6.52   22.00
 168279.774    77.973   -14.42   20.39
 168568.906    74.249   -12.88   18.45
 168858.015    70.170   -14.10   16.69
 169147.102    67.021   -10.89   15.17
 169436.165    63.852   -10.96   13.00
 169725.205    60.444   -11.79   11.30
 170014.221    58.358    -7.22   10.43
 170303.215    56.879    -5.12   10.25
 170592.185    56.357    -1.80   10.57
 170881.132    56.100    -0.89   11.70
 171170.056    57.095     3.44   12.93
 171458.957    56.815    -0.97   12.67
 171747.835    55.525    -4.47   11.95
 172036.690    53.764    -6.09   11.41
 172325.521    52.326    -4.98   11.09
 172614.330    51.368    -3.32   10.29
 172903.115    50.993    -1.30    9.26
 173191.877    50.900    -0.32    8.35
 173480.616    51.462     1.95    8.84
 173769.332    54.150     9.31   10.12
 174058.025    56.462     8.01   10.26
 174346.695    56.807     1.20   10.02
 174635.342    55.420    -4.80   10.32
 174923.965    53.545    -6.50   10.41
 175212.566    51.111    -8.44    9.56
 175501.144    49.014    -7.26    7.86
 175789.698    48.523    -1.70    6.93
 176078.230    49.952     4.95    7.47
 176366.738    52.265     8.02    8.42
 176655.223    56.294    13.96    9.01
 176943.686    60.558    14.78    9.28
 177232.125    65.260    16.30    9.89
 177520.541    69.734    15.51   11.07
 177808.935    74.432    16.29   12.54
 178097.305    76.184     6.07   13.32
 178385.652    76.477     1.02   14.28
 178673.977    75.777    -2.43   14.74
 178962.278    74.209    -5.44   14.95
 179250.556    71.423    -9.66   14.79
 179538.812    69.336    -7.24   15.86
 179827.044    65.943   -11.77   17.40
 180115.254    64.573    -4.75   18.74
 180403.440    61.643   -10.16   19.25
 180691.604    57.487   -14.42   18.01
 180979.744    52.968   -15.68   15.02
 181267.862    50.549    -8.40   13.23
 181555.957    48.917    -5.67   12.81
 181844.028    48.004    -3.17   12.91
 182132.077    46.795    -4.19   12.54
 182420.103    44.451    -8.14   10.23
 182708.106    42.254    -7.63    6.44
 182996.086    41.181    -3.73    2.82
 183284.043    40.983    -0.69    1.59
 183571.978    41.647     2.30    2.08
 183859.889    42.743     3.81    2.88
 184147.778    44.306     5.43    3.83
 184435.643    45.879     5.46    4.28
 184723.486    48.069     7.61    5.17
 185011.306    50.358     7.95    5.82
 185299.103    52.698     8.13    6.74
 185586.878    55.462     9.60    7.91
 185874.629    57.129     5.79    8.84
 186162.357    59.337     7.67    9.80
 186450.063    61.632     7.97   10.30
 186737.746    62.953     4.59   10.48
 187025.406    64.777     6.34   10.72
 187313.043    66.083     4.54   10.66
 187600.658    68.186     7.31   10.55
 187888.249    70.602     8.40   10.53
 188175.818    72.564     6.82   10.37
 188463.364    74.814     7.82    9.32
 188750.887    75.868     3.67    8.12
 189038.388    75.884     0.06    7.73
 189325.865    74.542    -4.67    8.60
 189613.320    72.836    -5.94    9.67
 189900.752    72.200    -2.21   10.49
 190188.162    71.263    -3.26   10.40
 190475.548    70.326    -3.26   10.12
 190762.912    69.681    -2.24    9.72
 191050.253    70.105     1.48    9.67
 191337.571    71.525     4.94   10.02
 191624.867    73.305     6.20   10.20
 191912.140    74.993     5.88   11.16
 192199.390    76.629     5.69   11.31
 192486.617    77.636     3.51   10.85
 192773.822    77.400    -0.82   10.19
 193061.004    76.568    -2.89    8.86
 193348.163    76.420    -0.52    7.22
 193635.300    76.660     0.83    5.64
 193922.414    77.105     1.55    4.82
 194209.505    79.139     7.08    5.06
 194496.574    81.926     9.71    5.04
 194783.620    84.642     9.46    5.74
 195070.643    88.412    13.13    8.03
 195357.644    93.949    19.29   11.31
 195644.621    99.964    20.96   13.70
 195931.577   106.648    23.29   14.14
 196218.509   113.635    24.35   12.97
 196505.419   119.227    19.49   10.02
 196792.307   123.432    14.66    6.08
 197079.171   125.788     8.21    3.19
 197366.014   125.957     0.59    3.30
 197652.833   124.659    -4.53    4.57
 197939.630   122.358    -8.02    5.72
 198226.404   119.218   -10.95    7.10
 198513.156   115.896   -11.58    8.91
 198799.885   111.547   -15.16   11.27
 199086.592   106.379   -18.02   13.08
 199373.276   100.666   -19.92   13.45
 199659.937    94.327   -22.11   12.32
 199946.576    88.514   -20.27    8.93
 200233.192    84.598   -13.66    7.46
 200519.786    82.090    -8.75    6.87
 200806.357    79.889    -7.68    6.96
 201092.905    77.200    -9.38    7.40
 201379.431    74.733    -8.61    7.64
 201665.935    72.670    -7.20    7.52
 201952.416    70.695    -6.90    7.22
 202238.874    69.702    -3.47    7.39
 202525.310    68.741    -3.35    7.67
 202811.723    68.105    -2.22    8.02
 203098.114    66.379    -6.03    7.85
 203384.483    63.960    -8.45    7.47
 203670.829    62.039    -6.71    6.97
 203957.152    60.057    -6.92    5.89
 204243.453    58.478    -5.51    5.05
 204529.731    57.813    -2.32    4.89
 204815.987    57.299    -1.80    5.09
 205102.221    56.459    -2.93    4.66
 205388.432    55.507    -3.33    4.10
 205674.620    54.596    -3.18    3.73
