#    8.054  -3.052  26.490 ;Mean Elev.(m), Avg Gradient(m/km), RMS Gradient(m/km) - SRTM1     
#    4.050  -3.224  27.005 ;Mean Elev.(m), Avg Gradient(m/km), RMS Gradient(m/km) - ASTER GDEM
#    8.163  -3.604  25.912 ;Mean Elev.(m), Avg Gradient(m/km), RMS Gradient(m/km) - GMTED2010 
   1  45.757944  50.601030    14.712    14.701 10 54662.28872846 30.015
   3  45.742812  50.593609    10.017    10.255 19 54682.12001452 21.527
   5  45.745841  50.592075    11.021    10.742 18 54701.95129669 25.319
   7  45.747890  50.591280    12.378    12.383 19 54721.78259535 18.063
   9  45.764362  50.611117    15.586    15.535  3 54741.61389584 23.707
  16  45.746785  50.591620    15.001    15.119 19 54811.02338362 18.448
  17  45.747853  50.591905    15.806    15.785 18 54820.93902397 51.852
  18  45.747050  50.592595    15.617    15.589 18 54830.85467604 37.965
  19  45.744158  50.592889    15.559    15.553 19 54840.77031446 32.197
  20  45.741292  50.594891    15.336    15.392 18 54850.68596353 27.310
  21  45.740305  50.598098    15.020    15.035 19 54860.60161268 26.135
  22  45.736781  50.596968   226.419   226.706 17 54870.51726100  2.293
  23  45.720036  50.580874   186.719   187.415  3 54880.43290424  0.258
  24  45.762986  50.612185    15.532    15.532  2 54890.34855783 18.259
  25  45.740553  50.590855   230.930   230.976 16 54900.26419325  1.537
  27  45.754323  50.605480    15.506    15.489  9 54920.09547351 40.966
  28  45.742303  50.594690    13.472    14.585 19 54930.01110763 22.569
  29  45.745205  50.592255    15.163    15.135 18 54939.92674345 16.617
  30  45.750192  50.590323    15.130    15.055 18 54949.84237794 22.580
  31  45.753100  50.589851    15.258    15.262 18 54959.75801668 18.894
  32  45.750731  50.590925    11.692    11.501 18 54969.67366519 28.164
  33  45.747417  50.591940    14.834    14.881 19 54979.58931258 34.977
  34  45.745344  50.592983    12.113    11.925 18 54989.50495997 26.163
  35  45.749956  50.597654    12.575    12.764 14 54999.42060863 27.982
  36  45.743281  50.592472    11.015    10.780 19 55009.33625274 24.534
  37  45.744231  50.593620    15.093    15.087 18 55019.25189684 18.748
  38  45.742527  50.594137    11.973    11.505 19 55029.16753915 29.499
  39  45.741536  50.595220    14.457    14.873 18 55039.08318096 28.740
  40  45.741953  50.594665    14.532    14.595 18 55048.99882130 20.404
  41  45.745007  50.592621    15.003    14.947 19 55058.91445953 18.737
  42  45.749867  50.591542    14.998    14.991 18 55068.83009887 21.610
  43  45.749948  50.591167    14.841    15.068 19 55078.74574856 31.637
  44  45.747609  50.592517    14.956    15.014 19 55088.66139630 23.464
  45  45.743691  50.593951    15.007    15.057 18 55098.57704264 17.707
  46  45.742291  50.595360    15.321    15.283 19 55108.49268875 21.955
  47  45.743047  50.594351    13.449    14.058 18 55118.40833363 27.232
  48  45.746192  50.593008    14.845    14.907 18 55128.32397627 23.488
  49  45.747805  50.591661    12.268    12.040 18 55138.23961656 25.528
  50  45.747577  50.591770    14.988    14.921 19 55148.15525522 19.419
  51  45.746137  50.592380    14.891    14.875 19 55158.07089315 19.448
  52  45.746154  50.593123    14.418    14.868 19 55167.98653098 20.604
  53  45.748367  50.593499    15.112    15.070 17 55177.90216827 52.879
  54  45.747682  50.591942    14.850    14.849 18 55187.81781229 27.271
  55  45.745670  50.592782   228.783   227.073 19 55197.73346301  2.751
  56  45.754461  50.604191   180.688   180.771 10 55207.64911562  2.927
  58  45.747656  50.603141   186.047   185.698 13 55227.48041295  2.495
  59  45.750590  50.603433   182.580   182.101 11 55237.39605919  2.009
  60  45.741742  50.592040   231.325   231.464 18 55247.31169881  2.234
  61  45.744998  50.592613   230.049   230.111 18 55257.22733896  2.498
  62  45.744477  50.592983   230.155   230.560 18 55267.14297764  1.729
  63  45.730519  50.583309   182.654   183.425  8 55277.05861268  1.089
  64  45.729089  50.581294   185.618   185.834  8 55286.97424902  0.958
  65  45.749277  50.593565    15.370    15.362 17 55296.88988753 33.703
  66  45.750354  50.590512    15.518    15.666 18 55306.80552783 39.733
  67  45.750906  50.590989    15.826    15.846 18 55316.72117451 28.674
  68  45.748571  50.591606    14.796    14.799 18 55326.63681985 19.684
  69  45.745996  50.592880    15.128    15.269 19 55336.55246439 17.415
  70  45.743685  50.593209    14.022    14.092 19 55346.46810834 25.455
  71  45.743206  50.593051    14.315    14.320 19 55356.38375105 51.138
  72  45.744331  50.593371    14.328    14.330 19 55366.29939190 24.452
  73  45.745234  50.593227    13.424    13.915 18 55376.21503109 30.166
  74  45.745163  50.592586    14.303    14.586 19 55386.13066904 26.417
  75  45.746265  50.592677    10.780    10.847 19 55396.04630626 26.669
  76  45.747100  50.591861    12.314    12.416 18 55405.96194705 27.034
  77  45.747444  50.592338    14.353    14.422 18 55415.87759829 26.542
  78  45.747283  50.591331    12.486    12.107 18 55425.79324600 31.626
  79  45.747664  50.591377    14.090    14.017 19 55435.70889140 25.942
  80  45.746755  50.592397    13.107    13.773 18 55445.62453568 23.289
  81  45.744491  50.593067    14.025    14.209 18 55455.54017909 23.702
  82  45.743711  50.593477    14.250    14.489 18 55465.45582191 37.773
  83  45.745874  50.592812    11.524    11.244 19 55475.37146187 22.251
  84  45.749068  50.591219    14.588    14.558 19 55485.28709864 27.032
  85  45.750840  50.589587    14.379    14.383 18 55495.20273305 29.325
  86  45.752919  50.590952    12.866    13.295 18 55505.11836712 28.805
  87  45.748022  50.591758    12.045    11.559 19 55515.03401718 24.914
  88  45.744969  50.592591    11.568    11.208 18 55524.94966651 27.814
  89  45.743354  50.592945    13.292    13.637 19 55534.86531397 24.877
  90  45.743483  50.593751    12.105    11.746 19 55544.78095976 33.424
  91  45.727057  50.581158   177.935   177.943  6 55554.69659994  2.803
  92  45.741619  50.594598    15.098    15.062 19 55564.61224659 52.344
  93  45.742339  50.594500    14.372    14.380 18 55574.52788911 43.695
  94  45.743804  50.592925    14.535    14.530 18 55584.44352994 30.999
  95  45.747841  50.592316    14.548    14.591 19 55594.35916775 22.149
  96  45.732510  50.576076   179.502   179.597  4 55604.27479772  0.116
  98  45.751583  50.590074    14.163    14.141 18 55624.10607191 15.727
  99  45.748694  50.591144    14.328    14.343 19 55634.02172418 15.327
 100  45.760659  50.602490   168.791   169.297  8 55643.93737733  2.564
 101  45.734524  50.580538   179.113   178.393  7 55653.85301843  1.395
 102  45.763349  50.603639    52.500    22.212  6 55663.76866793 44.513
 103  45.748067  50.591214    15.302    15.260 19 55673.68430443 21.016
 104  45.747110  50.591487    15.488    15.557 18 55683.59994307 24.658
 105  45.747231  50.591837    15.252    15.220 19 55693.51558055 19.847
 106  45.748336  50.591496    15.485    15.459 19 55703.43121654 21.738
 107  45.748205  50.591701    14.859    14.864 19 55713.34686147 22.512
 108  45.746374  50.592682    15.288    15.282 19 55723.26251079 26.719
 109  45.743212  50.592721    14.131    14.305 19 55733.17815774 22.484
 110  45.743041  50.594154    10.962    11.137 18 55743.09380383 24.684
 111  45.743135  50.593831    14.530    14.543 18 55753.00944824 22.544
 112  45.745600  50.592715    14.057    14.276 19 55762.92509041 34.265
 113  45.748739  50.591759    13.464    13.335 19 55772.84072991 30.121
 114  45.750778  50.591038    14.063    14.093 19 55782.75636593 38.162
 115  45.752013  50.591366    14.066    14.740 18 55792.67199967 22.128
 116  45.752185  50.591028    15.087    15.058 18 55802.58763418 46.581
 117  45.749721  50.591377    14.979    14.906 19 55812.50328423 22.285
 118  45.749487  50.591173    14.943    14.921 18 55822.41893272 18.884
 119  45.751349  50.591086    15.012    14.929 18 55832.33457661 19.625
 120  45.751882  50.590158    15.183    15.155 18 55842.25021572 18.454
 121  45.751391  50.589936    11.444    11.651 18 55852.16585165 28.350
 122  45.751021  50.590553    13.633    14.047 18 55862.08148560 25.478
 123  45.746746  50.591969    14.362    14.338 18 55871.99713983 15.992
 124  45.746053  50.592483    14.241    14.257 19 55881.91278942 18.846
 125  45.747956  50.593342    15.053    15.037 18 55891.82843278 46.226
 126  45.732517  50.579205   190.680   190.598  7 55901.74406631  0.608
 127  45.747997  50.591512    15.369    15.352 18 55911.65970409 39.767
 128  45.743916  50.593109    15.068    15.011 18 55921.57535866 26.021
 129  45.743089  50.593605    15.132    15.143 19 55931.49101073 23.374
 130  45.760732  50.605874    15.175    15.178  7 55941.40666246 23.104
 131  45.747131  50.591512    15.546    15.541 19 55951.32230225 22.072
 132  45.747838  50.591398    15.189    15.199 19 55961.23794193 17.603
 133  45.747528  50.592492    15.338    15.294 19 55971.15357931 15.512
 134  45.747334  50.592786    15.375    15.355 19 55981.06921526 14.740
 135  45.737981  50.581918   237.991   238.233 10 55990.98484721  0.887
 136  45.729820  50.573309   243.371   243.371  2 56000.90049018  0.467
 138  45.738778  50.582343   176.537   176.454  7 56020.73178900  1.495
 139  45.760658  50.603990    15.135    15.106  8 56030.64743825 25.687
 140  45.750599  50.598700    15.322    15.364 13 56040.56307808 23.664
 141  45.751884  50.600028    14.944    14.842 13 56050.47871792 20.603
 142  45.746255  50.592869    15.242    15.191 19 56060.39435302 23.445
 143  45.748885  50.591185    15.329    15.228 19 56070.30998972 27.184
 144  45.746953  50.591956    15.751    15.737 18 56080.22564054 28.406
 145  45.747397  50.595692    15.271    15.261 16 56090.14128928 40.334
 146  45.751247  50.601217    14.863    14.872 12 56100.05693609 20.990
 147  45.743064  50.593406    14.309    14.699 19 56109.97256540 21.880
 148  45.752486  50.596733    14.940    14.946 15 56119.88820673 36.096
 149  45.750975  50.589845    14.299    14.296 18 56129.80384168 24.720
 150  45.753558  50.588978    14.747    14.815 19 56139.71947503 30.822
 151  45.750609  50.591701    14.889    14.865 18 56149.63512539 20.624
 152  45.746511  50.592905    14.752    14.689 18 56159.55077450 20.739
 153  45.752231  50.598853    14.561    14.571 13 56169.46642401 22.514
 154  45.747385  50.592371    14.098    14.437 19 56179.38206697 24.581
 155  45.749260  50.590925    14.543    14.480 18 56189.29770717 21.355
 156  45.749640  50.590215    14.183    14.403 18 56199.21334410 22.361
 157  45.749447  50.591023    14.079    14.149 18 56209.12897842 24.835
 158  45.749196  50.591611    14.184    14.261 19 56219.04461083 24.325
 159  45.746859  50.592152    13.682    14.391 19 56228.96025768 22.909
 160  45.745713  50.592351    14.155    14.142 18 56238.87591123 24.411
 161  45.745690  50.592648    13.915    14.143 18 56248.79156110 23.167
 162  45.750568  50.596689    13.444    13.668 14 56258.70720726 25.632
 163  45.744296  50.592673    12.034    12.244 18 56268.62284817 29.207
 164  45.756284  50.603309    15.363    15.380  9 56278.53849163 50.153
 165  45.753671  50.602381    15.042    15.019 10 56288.45414101 35.233
 166  45.744932  50.593330    15.353    15.353 18 56298.36978769 31.848
 167  45.751464  50.596256    14.886    14.890 14 56308.28543384 26.783
 168  45.758687  50.601442    15.080    15.086  9 56318.20107772 30.007
 169  45.739542  50.587574   232.558   232.374 10 56328.11671450  0.591
 173  45.733169  50.577366   176.455   176.505  6 56367.77927449  2.039
 176  45.745640  50.597576    14.253    13.877 16 56397.52621647 24.641
 177  45.741778  50.594607    13.514    13.625 18 56407.44185689 23.009
 178  45.753129  50.601094    14.248    14.370 11 56417.35749642 21.219
 179  45.747583  50.591287    15.731    15.720 18 56427.27312682 37.147
 180  45.753553  50.598405    15.480    15.489 13 56437.18878087 37.770
 181  45.743604  50.593498    14.224    13.985 18 56447.10443049 30.823
 182  45.747390  50.599016    14.556    14.272 15 56457.02008084 25.196
 183  45.741965  50.594321    14.540    14.578 19 56466.93572536 24.505
 184  45.744123  50.593274    14.077    14.001 18 56476.85136724 25.737
 185  45.746906  50.591415    13.076    13.444 18 56486.76700543 24.063
 186  45.749381  50.591039    14.318    14.456 18 56496.68264131 22.486
 187  45.750576  50.591180    15.205    15.185 19 56506.59827594 15.855
 188  45.750908  50.590822    15.306    15.306 18 56516.51391101 37.665
 189  45.748730  50.591990    15.054    14.997 19 56526.42956579 21.517
 190  45.748100  50.592000    15.158    15.170 19 56536.34521633 15.817
 192  45.732020  50.580659   236.615   238.020  7 56556.17650355  1.281
 193  45.756098  50.603074    14.894    14.833 10 56566.09215223 22.108
 194  45.756787  50.605222    14.324    14.878  7 56576.00779387 24.142
 195  45.743243  50.592557    15.086    15.106 19 56585.92342840 19.532
 196  45.758657  50.602292    15.221    15.227  8 56595.83906935 23.987
 197  45.747045  50.594087    14.125    14.839 17 56605.75471922 23.799
 198  45.747147  50.595277    15.101    15.038 16 56615.67036704 20.953
 199  45.746266  50.594954    14.918    15.013 18 56625.58601101 21.531
 200  45.744735  50.593077    15.186    15.208 19 56635.50165197 17.314
 201  45.747033  50.592442    15.585    15.597 19 56645.41729112 42.591
 202  45.745534  50.592044    15.626    15.605 18 56655.33294371 42.729
 203  45.764268  50.607586    15.611    15.606  4 56665.24859651 33.607
 204  45.739494  50.587484   234.817   232.741  6 56675.16423636  0.237
 206  45.745732  50.594329    15.394    15.378 17 56694.99552470 23.594
 207  45.766959  50.609721    15.579    15.570  3 56704.91116706 20.894
 208  45.738308  50.581697   238.126   237.528  8 56714.82679198  0.809
 209  45.746635  50.591557    15.381    15.417 19 56724.74244600 21.473
 210  45.746712  50.595753    15.556    15.546 16 56734.65809672 32.479
 211  45.756142  50.607246    15.532    15.512  8 56744.57374633 39.714
 212  45.737291  50.591865   178.394   178.057 15 56754.48938447  2.148
 213  45.743820  50.594030    14.904    15.000 19 56764.40502244 41.177
 214  45.746371  50.592521    14.460    14.481 19 56774.32065864 20.151
 215  45.743607  50.593864    14.431    14.448 18 56784.23631572 20.367
 216  45.745065  50.598766    14.764    14.836 15 56794.15197002 31.168
 217  45.740173  50.596950    14.193    14.133 19 56804.06761913 29.399
 218  45.748690  50.602073    14.545    14.689 13 56813.98326323 24.629
 219  45.743152  50.593714    14.935    15.114 18 56823.89890025 17.535
 220  45.746003  50.591926    14.987    15.036 19 56833.81453515 24.172
 221  45.750255  50.591885    15.031    14.866 18 56843.73016716 25.655
 222  45.748693  50.591356    12.385    11.812 18 56853.64580960 25.974
 223  45.745604  50.592401    13.838    14.367 19 56863.56146358 25.888
 224  45.744382  50.593634    12.928    12.697 19 56873.47711722 24.893
 225  45.743416  50.593622    13.560    14.348 18 56883.39276750 24.439
 226  45.743665  50.594244    12.114    11.784 19 56893.30841459 23.355
 227  45.742433  50.594731    13.764    13.942 18 56903.22405825 27.110
 228  45.740635  50.595986    11.524    10.814 19 56913.13969990 22.995
 229  45.739268  50.595586    12.355    13.526 19 56923.05533952 24.434
 230  45.740674  50.594470    13.611    13.928 19 56932.97097685 20.925
 231  45.744570  50.592317    14.308    14.341 19 56942.88660895 21.401
 232  45.746524  50.592024    14.109    14.103 19 56952.80225390 24.276
 233  45.745453  50.593244    15.110    15.244 19 56962.71790463 49.365
 234  45.742933  50.593653    14.009    14.266 19 56972.63355037 33.250
 235  45.745848  50.596363    12.865    13.138 17 56982.54919287 32.325
 236  45.750026  50.596411    14.557    14.549 16 56992.46483049 52.082
 237  45.756273  50.595622    14.590    14.589 14 57002.38046561 44.672
 238  45.755100  50.596346    14.831    14.819 14 57012.29612293 51.765
 239  45.754833  50.598552    14.622    14.615 12 57022.21177480 33.124
 240  45.729805  50.581148   187.608   188.466  8 57032.12741809  0.459
 241  45.732016  50.584841   188.466   188.866  9 57042.04306531  0.807
 242  45.728250  50.581117   187.652   183.411  7 57051.95870854  0.506
 243  45.729503  50.578887   240.283   240.620  6 57061.87434820  0.523
 244  45.742552  50.586604   232.736   232.796 13 57071.78998530  1.535
 245  45.768499  50.606800    14.638    14.656  3 57081.70562170 26.076
 246  45.747085  50.592787   171.860   173.578 19 57091.62126162 10.913
 247  45.742777  50.595506   225.366   225.676 19 57101.53691927  6.265
 248  45.740949  50.595709    15.016    15.018 18 57111.45257336 30.335
 249  45.746837  50.598126    14.200    14.368 15 57121.36822275 29.579
 250  45.753567  50.601083    14.623    14.528 12 57131.28386656 28.506
 251  45.745014  50.592780    14.739    14.729 19 57141.19950182 31.655
 252  45.744484  50.592138    14.400    14.586 19 57151.11513572 29.573
 253  45.747250  50.591896    14.980    15.016 19 57161.03076666 19.087
 254  45.746321  50.592085    14.535    14.636 19 57170.94642151 28.808
 255  45.746733  50.591630     7.840     6.888 19 57180.86207623 25.067
 256  45.747433  50.591800    14.953    15.106 19 57190.77772718 36.545
 257  45.746073  50.592540    15.230    15.292 18 57200.69337494 27.127
 258  45.744576  50.594175    13.099    12.724 19 57210.60900933 29.040
 259  45.742489  50.593791    15.068    15.109 19 57220.52465318 16.749
 260  45.743772  50.593587    15.521    15.535 19 57230.44029622 23.911
 261  45.745183  50.592318    15.062    15.446 19 57240.35593674 19.812
 262  45.747715  50.591912    14.820    14.908 18 57250.27157467 20.943
 263  45.748590  50.592128    13.343    13.090 18 57260.18721027 24.296
 264  45.747056  50.591553    13.449    13.477 18 57270.10284410 27.658
 265  45.744491  50.593923    14.894    14.854 19 57280.01849729 34.675
 266  45.742576  50.594191    13.104    13.122 19 57289.93415251 29.289
 267  45.743094  50.593888    13.951    13.936 19 57299.84980494 24.891
 268  45.744577  50.593315    13.333    13.284 18 57309.76545383 26.940
 269  45.762020  50.608523    60.360    28.321  5 57319.68110358 30.364
 270  45.743104  50.595146    14.997    15.014 19 57329.59674232 17.391
 271  45.741256  50.594811    14.880    14.877 18 57339.51238276 17.124
 272  45.750109  50.602462    14.551    14.535 12 57349.42803467 21.656
 273  45.744011  50.594005    15.292    15.277 19 57359.34367857 23.190
 274  45.756696  50.600940    15.299    15.339 10 57369.25932358 20.025
 275  45.762828  50.605311    15.165    15.190  6 57379.17496480 26.822
 276  45.757358  50.601864    15.333    15.361 10 57389.09060208 47.185
 277  45.754314  50.599246    15.077    15.051 13 57399.00623873 34.822
 278  45.737741  50.582995   180.066   179.487 11 57408.92187145  1.477
 279  45.748335  50.592589   117.084   117.150  6 57418.83752679 13.987
 280  45.746479  50.592634    15.429    15.453 19 57428.75317684 27.269
 281  45.755528  50.603617    15.380    15.384 10 57438.66882747 31.913
 282  45.742523  50.596320   219.399   217.955 16 57448.58447180  1.927
 283  45.745121  50.600141    15.476    15.523 14 57458.50011828 44.494
 284  45.746826  50.599479    14.726    14.796 15 57468.41576101 44.595
 285  45.745445  50.593342    15.504    15.572 19 57478.33139846 45.614
 286  45.748430  50.591554    14.730    14.677 18 57488.24703383 22.274
 287  45.750425  50.590530    15.241    15.218 18 57498.16266705 17.426
 288  45.756221  50.596412    13.917    14.128 14 57508.07830886 22.950
 289  45.746612  50.592918    11.951    11.538 19 57517.99396324 29.565
 290  45.760950  50.606257    15.632    15.606  5 57527.90961981 25.374
 291  45.746623  50.592825    15.520    15.502 18 57537.82526635 29.461
 292  45.747317  50.592316    15.190    15.181 18 57547.74091394 19.553
 293  45.746517  50.592491    15.125    15.031 18 57557.65656023 27.596
 294  45.743842  50.592736    13.089    12.780 19 57567.57220544 28.165
 295  45.742815  50.593569    15.121    15.130 19 57577.48785026 17.456
 296  45.743910  50.594385    13.290    14.388 19 57587.40349401 22.964
 297  45.744242  50.593386    15.678    15.697 18 57597.31913492 49.289
