-230502.540    43.397     0.00    4.40
-230214.372    42.727    -2.32    4.58
-229926.181    41.660    -3.70    4.77
-229637.967    40.755    -3.14    4.95
-229349.730    39.670    -3.76    4.82
-229061.470    38.948    -2.50    4.66
-228773.187    38.506    -1.53    4.29
-228484.881    37.540    -3.35    4.15
-228196.552    36.001    -5.34    3.95
-227908.200    34.959    -3.61    4.02
-227619.825    34.113    -2.93    4.19
-227331.427    32.717    -4.84    4.14
-227043.007    31.569    -3.98    4.19
-226754.563    30.569    -3.47    4.09
-226466.096    30.061    -1.76    3.96
-226177.606    29.852    -0.73    3.76
-225889.094    29.609    -0.84    3.41
-225600.558    29.874     0.92    2.90
-225311.999    29.509    -1.27    2.79
-225023.417    29.051    -1.59    2.71
-224734.812    28.280    -2.67    2.78
-224446.185    27.064    -4.21    3.37
-224157.534    25.705    -4.71    3.49
-223868.860    24.165    -5.33    3.71
-223580.163    22.853    -4.55    3.73
-223291.443    21.586    -4.39    3.77
-223002.700    20.632    -3.30    3.54
-222713.934    19.482    -3.98    3.50
-222425.144    19.113    -1.28    3.38
-222136.332    18.801    -1.08    3.52
-221847.497    18.866     0.23    3.49
-221558.638    19.184     1.10    3.41
-221269.757    19.295     0.39    3.55
-220980.852    19.768     1.63    3.05
-220691.924    20.048     0.97    2.77
-220402.973    20.005    -0.15    2.47
-220113.999    19.694    -1.07    2.35
-219825.002    19.409    -0.99    2.30
-219535.982    18.790    -2.14    2.54
-219246.938    17.618    -4.05    2.82
-218957.872    16.295    -4.57    2.96
-218668.782    14.908    -4.80    2.91
-218379.669    13.790    -3.87    2.78
-218090.533    12.553    -4.28    2.77
-217801.374    11.263    -4.46    2.46
-217512.192     9.865    -4.83    2.72
-217222.986     8.537    -4.59    2.89
-216933.757     7.631    -3.13    2.68
-216644.506     7.248    -1.32    2.61
-216355.230     6.748    -1.73    2.68
-216065.932     6.242    -1.75    2.69
-215776.611     6.426     0.64    2.90
-215487.266     6.801     1.30    2.89
-215197.898     6.842     0.14    2.87
-214908.507     6.938     0.33    2.68
-214619.092     7.249     1.07    2.65
-214329.655     7.530     0.97    2.84
-214040.194     8.380     2.94    3.15
-213750.710     9.769     4.80    3.01
-213461.202    11.269     5.18    2.79
-213171.672    12.342     3.71    2.94
-212882.914    13.478     3.93    3.07
-212598.230    14.643     4.09    3.20
-212313.523    16.103     5.13    3.58
-212028.794    17.551     5.08    3.71
-211744.043    19.077     5.36    3.65
-211459.270    20.553     5.18    3.43
-211174.475    21.706     4.05    3.16
-210889.658    22.312     2.13    2.76
-210604.819    22.173    -0.49    2.88
-210319.957    21.245    -3.26    3.36
-210035.074    19.822    -4.99    3.80
-209750.168    17.875    -6.83    4.37
-209465.240    16.306    -5.51    3.80
-209180.290    15.390    -3.22    3.10
-208895.318    15.220    -0.59    2.70
-208610.324    16.003     2.75    3.12
-208325.307    17.159     4.05    3.72
-208040.269    18.717     5.46    4.12
-207755.208    20.509     6.29    4.10
-207470.125    21.988     5.19    4.22
-207185.020    23.780     6.28    4.49
-206899.892    26.103     8.15    4.89
-206614.743    28.548     8.57    4.88
-206329.571    30.873     8.15    4.89
-206044.377    33.155     8.00    4.85
-205759.161    35.748     9.09    4.86
-205473.922    38.232     8.71    4.74
-205188.661    40.832     9.11    4.68
-204903.379    43.019     7.67    5.01
-204618.073    45.529     8.79    5.08
-204332.746    48.220     9.43    5.13
-204047.396    51.035     9.86    5.50
-203762.025    54.285    11.39    6.53
-203476.630    58.478    14.69    8.84
-203191.214    63.703    18.30   11.19
-202905.775    71.354    26.80   15.61
-202620.314    80.188    30.94   18.67
-202334.831    88.064    27.59   19.59
-202049.326    95.758    26.94   19.72
-201763.798   100.013    14.90   18.25
-201478.248   101.999     6.95   15.92
-201192.675   100.443    -5.45   16.27
-200907.080    97.053   -11.87   17.02
-200621.463    92.863   -14.67   16.96
-200335.824    87.533   -18.66   16.94
-200050.162    82.634   -17.15   16.78
-199764.478    78.748   -13.60   16.57
-199478.772    76.842    -6.67   16.52
-199193.043    75.322    -5.32   15.98
-198907.292    75.885     1.97   14.22
-198621.519    75.165    -2.52   12.00
-198335.723    73.152    -7.04   11.37
-198049.905    69.948   -11.21   12.68
-197764.064    65.647   -15.05   15.18
-197478.202    58.177   -26.13   18.04
-197192.316    50.216   -27.84   18.70
-196906.409    41.768   -29.54   16.53
-196620.479    34.504   -25.40   13.43
-196334.526    28.703   -20.28    9.16
-196048.551    24.717   -13.94    6.00
-195762.554    21.984    -9.55    4.21
-195476.534    20.010    -6.90    3.42
-195190.492    18.199    -6.33    3.66
-194904.428    17.141    -3.70    3.79
-194618.341    16.936    -0.72    3.74
-194332.232    16.864    -0.25    3.95
-194046.100    17.207     1.20    4.28
-193759.945    17.634     1.49    4.32
-193473.769    17.739     0.37    5.20
-193187.570    16.509    -4.30    8.11
-192901.348    14.197    -8.08   10.50
-192615.104    10.957   -11.32   11.81
-192328.837     7.134   -13.35   11.89
-192042.548     3.957   -11.10   11.01
-191756.236     0.478   -12.15    8.56
-191469.902    -2.018    -8.72    4.74
-191183.546    -2.905    -3.09    1.19
-190897.167    -2.760     0.51    1.28
-190610.765    -2.651     0.38    1.32
-190324.341    -2.529     0.43    1.48
-190037.895    -2.572    -0.15    1.61
-189751.425    -2.533     0.14    1.64
-189464.934    -2.906    -1.30    1.67
-189178.420    -3.178    -0.95    1.54
-188891.883    -2.884     1.03    1.52
-188605.323    -2.661     0.78    1.56
-188318.742    -2.359     1.05    1.63
-188032.137    -1.987     1.30    1.72
-187745.510    -1.795     0.67    1.71
-187458.861    -1.547     0.87    1.56
-187172.188    -1.378     0.59    1.54
-186885.494    -1.178     0.70    1.51
-186598.776    -1.220    -0.15    1.60
-186312.037    -1.397    -0.62    1.85
-186025.274    -1.564    -0.58    2.16
-185738.489    -1.509     0.19    2.53
-185451.681    -1.116     1.37    3.35
-185164.851    -1.064     0.18    3.56
-184877.998    -0.991     0.25    3.42
-184591.122    -0.585     1.42    3.99
-184304.224    -0.220     1.27    3.88
-184017.303    -0.220     0.00    3.42
-183730.360    -0.806    -2.04    2.60
-183443.394    -1.168    -1.26    2.71
-183156.405    -1.595    -1.49    2.48
-182869.393    -1.909    -1.09    2.31
-182582.359    -2.241    -1.16    1.85
-182295.302    -2.834    -2.06    2.09
-182008.223    -2.914    -0.28    2.02
-181721.121    -3.123    -0.73    1.92
-181433.996    -3.481    -1.24    1.94
-181146.848    -3.726    -0.86    2.03
-180859.678    -3.866    -0.49    2.12
-180572.485    -3.976    -0.38    2.19
-180285.269    -4.006    -0.10    2.36
-179998.031    -4.359    -1.23    2.59
-179710.770    -4.568    -0.73    2.77
-179423.486    -4.931    -1.27    2.98
-179136.179    -5.595    -2.31    3.48
-178848.850    -6.835    -4.31    3.29
-178561.498    -7.539    -2.45    3.11
-178274.123    -8.012    -1.64    3.09
-177986.725    -8.179    -0.58    3.12
-177699.305    -8.428    -0.87    3.07
-177411.861    -8.106     1.12    3.12
-177124.396    -7.928     0.62    3.05
-176836.907    -7.762     0.58    2.86
-176549.395    -7.062     2.43    3.00
-176261.861    -6.356     2.46    3.11
-175974.304    -5.399     3.32    3.13
-175686.724    -4.585     2.83    3.07
-175399.121    -4.786    -0.70    2.90
-175111.496    -4.550     0.82    2.74
-174823.847    -4.511     0.14    2.81
-174536.176    -4.338     0.60    2.75
-174248.482    -4.177     0.56    2.79
-173960.765    -4.285    -0.38    2.64
-173673.026    -4.689    -1.40    2.23
-173385.263    -4.982    -1.02    2.14
-173097.478    -5.123    -0.49    2.07
-172809.669    -5.597    -1.65    2.18
-172521.838    -6.399    -2.79    2.30
-172233.984    -6.758    -1.25    2.39
-171946.107    -6.982    -0.78    2.53
-171658.207    -7.199    -0.75    2.47
-171370.285    -6.689     1.77    2.66
-171082.339    -6.210     1.66    3.01
-170794.371    -5.762     1.56    3.31
-170506.379    -5.606     0.54    3.35
-170218.365    -5.324     0.98    3.28
-169930.328    -4.921     1.40    3.04
-169642.268    -4.653     0.93    2.78
-169354.185    -4.663    -0.04    2.64
-169066.079    -4.783    -0.41    2.65
-168777.950    -6.022    -4.30    3.47
-168489.798    -7.735    -5.94    4.04
-168201.623    -9.095    -4.72    4.16
-167913.425   -10.395    -4.51    4.07
-167625.204   -11.772    -4.78    3.22
-167336.960   -12.710    -3.25    1.75
-167048.694   -11.657     3.65    3.91
-166760.404   -10.105     5.38    5.06
-166472.091    -8.657     5.02    5.35
-166183.755    -7.747     3.16    5.21
-165895.397    -7.147     2.08    5.16
-165607.015    -6.699     1.55    5.05
-165318.610    -6.909    -0.73    4.81
-165030.182    -6.883     0.09    5.31
-164741.732    -5.812     3.71    6.08
-164453.258    -4.091     5.97    6.92
-164164.761    -1.862     7.72    6.96
-163876.241     0.207     7.17    6.07
-163587.698     1.322     3.86    4.93
-163299.132     2.021     2.42    4.63
-163010.543     1.290    -2.53    5.43
-162721.931    -0.652    -6.73    6.40
-162433.296    -2.274    -5.62    6.58
-162144.637    -3.736    -5.07    6.34
-161855.956    -4.210    -1.64    6.32
-161567.251    -3.772     1.51    6.45
-161278.524    -2.231     5.34    6.85
-160989.773    -1.022     4.19    6.80
-160700.999     0.217     4.29    6.91
-160412.203     1.842     5.63    7.92
-160123.383     2.769     3.21    8.96
-159834.539     3.082     1.08    9.17
-159545.673     4.137     3.65    9.89
-159256.784     5.120     3.40   10.06
-158967.871     5.269     0.52    9.07
-158678.936     5.519     0.87    8.80
-158389.977     6.749     4.25    9.48
-158100.995     6.667    -0.28    9.44
-157811.990     5.894    -2.67    8.71
-157522.961     5.748    -0.51    8.41
-157233.910     5.061    -2.38    7.43
-156944.835     4.354    -2.45    5.50
-156655.737     4.226    -0.44    3.95
-156366.616     4.618     1.35    4.15
-156077.472     6.693     7.18    6.52
-155788.304    10.526    13.25    9.85
-155499.114    14.535    13.86   12.97
-155209.900    18.738    14.53   15.41
-154920.662    23.420    16.19   17.58
-154631.402    27.457    13.95   19.08
-154342.118    30.684    11.15   19.69
-154052.812    33.162     8.57   20.05
-153763.482    34.854     5.85   19.98
-153474.128    35.013     0.55   18.97
-153184.752    36.285     4.39   18.57
-152895.352    36.141    -0.50   17.57
-152605.928    36.207     0.23   16.52
-152316.482    36.152    -0.19   16.07
-152027.012    35.485    -2.30   15.10
-151737.519    35.290    -0.67   14.74
-151448.003    34.780    -1.76   14.21
-151158.463    35.038     0.89   13.94
-150870.787    36.915     6.53   13.66
-150586.114    38.574     5.83   14.09
-150301.419    40.120     5.43   15.15
-150016.702    42.553     8.54   16.56
-149731.963    44.811     7.93   17.17
-149447.202    44.015    -2.80   18.86
-149162.418    40.107   -13.72   20.90
-148877.613    35.641   -15.68   21.44
-148592.785    28.864   -23.79   19.80
-148307.935    22.018   -24.03   15.67
-148023.063    17.716   -15.10   10.59
-147738.169    16.127    -5.58    7.02
-147453.252    18.381     7.91   10.10
-147168.314    23.919    19.43   14.63
-146883.353    31.527    26.70   18.16
-146598.370    41.290    34.25   20.29
-146313.365    51.149    34.59   19.64
-146028.338    60.232    31.87   17.70
-145743.288    67.592    25.82   15.44
-145458.216    75.051    26.16   12.68
-145173.123    81.141    21.36    9.67
-144888.006    84.997    13.52    7.27
-144602.868    86.894     6.65    6.20
-144317.708    88.811     6.72    5.57
-144032.525    92.512    12.98    8.56
-143747.320    97.603    17.85   12.04
-143462.092   102.564    17.39   14.02
-143176.843   108.548    20.98   15.06
-142891.571   111.596    10.68   14.91
-142606.277   112.769     4.11   14.86
-142320.961   110.822    -6.82   14.99
-142035.622   106.080   -16.62   14.40
-141750.261   100.928   -18.05   14.07
-141464.878    97.005   -13.75   11.94
-141179.473    94.062   -10.31   11.14
-140894.045    92.059    -7.02   12.27
-140608.595    90.811    -4.37   13.83
-140323.123    87.280   -12.37   16.23
-140037.628    80.561   -23.53   18.81
-139752.111    76.017   -15.91   17.74
-139466.572    74.728    -4.52   17.51
-139181.010    72.353    -8.32   16.77
-138895.427    69.394   -10.36   17.68
-138609.820    66.457   -10.28   17.73
-138324.192    66.502     0.16   17.54
-138038.541    65.625    -3.07   15.57
-137752.868    66.141     1.80   14.21
-137467.172    67.990     6.47   14.71
-137181.454    72.252    14.92   16.08
-136895.714    76.877    16.18   15.26
-136609.951    77.556     2.38   16.32
-136324.166    76.482    -3.76   19.06
-136038.358    73.279   -11.20   21.76
-135752.528    67.682   -19.58   23.28
-135466.676    62.051   -19.70   21.91
-135180.801    57.575   -15.65   18.21
-134894.904    54.105   -12.14   12.53
-134608.985    54.738     2.21   11.09
-134323.043    58.043    11.56   12.82
-134037.078    64.131    21.29   15.05
-133751.091    71.986    27.47   15.89
-133465.082    78.915    24.22   15.50
-133179.050    84.769    20.46   14.63
-132892.996    91.801    24.58   13.94
-132606.920    98.234    22.48   12.85
-132320.821   103.332    17.82   11.45
-132034.699   108.051    16.49   10.82
-131748.555   113.915    20.49   11.52
-131462.389   119.009    17.80   11.71
-131176.200   124.695    19.87   10.87
-130889.988   128.442    13.09   10.73
-130603.754   133.896    19.05   13.91
-130317.498   141.686    27.21   18.16
-130031.219   151.986    35.97   22.63
-129744.918   166.510    50.73   30.39
-129458.594   183.631    59.79   40.71
-129172.247   203.917    70.84   49.21
-128885.878   217.620    47.85   48.18
-128599.487   229.917    42.93   46.18
-128313.073   241.790    41.45   45.05
-128026.636   250.484    30.35   43.68
-127740.177   256.498    20.99   44.34
-127453.695   262.030    19.31   41.92
-127167.191   266.605    15.97   40.79
-126880.664   270.947    15.15   36.63
-126594.114   268.690    -7.88   36.76
-126307.542   267.509    -4.12   37.39
-126020.948   269.566     7.18   39.08
-125734.331   273.801    14.77   39.78
-125447.691   276.822    10.54   39.76
-125161.029   283.842    24.49   39.09
-124874.344   293.263    32.86   32.35
-124587.636   298.844    19.46   27.84
-124300.906   303.506    16.26   28.00
-124014.153   306.705    11.15   30.44
-123727.377   308.274     5.47   31.64
-123440.579   310.951     9.33   30.29
-123153.759   317.001    21.09   26.76
-122866.915   321.768    16.62   21.70
-122580.049   320.939    -2.89   23.28
-122293.161   318.203    -9.54   25.56
-122006.249   317.035    -4.07   27.16
-121719.315   312.873   -14.51   29.47
-121432.359   308.151   -16.45   32.66
-121145.379   305.217   -10.22   34.47
-120858.377   301.352   -13.47   38.81
-120571.352   293.457   -27.50   45.40
-120284.305   282.415   -38.46   52.68
-119997.235   274.285   -28.32   53.78
-119710.142   262.017   -42.73   52.99
-119423.026   252.352   -33.66   51.74
-119135.888   247.907   -15.48   51.18
-118848.727   243.369   -15.80   48.24
-118561.543   238.586   -16.65   47.09
-118274.337   243.801    18.16   47.56
-117987.107   242.439    -4.74   46.09
-117699.855   245.641    11.15   42.39
-117412.581   246.016     1.30   38.91
-117125.283   240.009   -20.91   41.81
-116837.963   224.994   -52.25   42.37
-116550.620   206.177   -65.48   42.26
-116263.254   188.980   -59.84   38.98
-115975.866   173.811   -52.78   35.24
-115688.454   160.103   -47.69   29.94
-115401.020   147.863   -42.58   26.58
-115113.563   138.926   -31.09   23.44
-114826.083   132.625   -21.91   21.31
-114538.581   125.821   -23.67   19.50
-114251.055   121.676   -14.42   17.34
-113963.507   120.113    -5.43   15.76
-113675.936   117.164   -10.25   12.78
-113388.342   115.015    -7.47   11.32
-113100.725   113.592    -4.95   11.56
-112813.086   109.728   -13.43   15.46
-112525.423   104.561   -17.96   19.69
-112237.738    98.644   -20.56   23.73
-111950.030    91.155   -26.03   27.23
-111662.299    83.170   -27.75   29.26
-111374.545    72.580   -36.80   29.22
-111086.768    61.495   -38.51   27.31
-110798.968    52.553   -31.07   23.27
-110511.146    43.442   -31.65   22.18
-110223.300    34.853   -29.84   23.37
-109935.432    26.992   -27.30   23.05
-109647.541    20.478   -22.62   23.03
-109359.626    14.917   -19.32   21.00
-109071.689     8.990   -20.58   16.84
-108783.729     3.662   -18.50    8.47
-108495.746     0.822    -9.86    2.95
-108207.740     0.009    -2.82    1.04
-107919.712    -0.199    -0.72    0.00
-107631.660    -0.199     0.00    0.00
-107343.585    -0.199     0.00    0.00
-107055.487    -0.199     0.00    0.00
-106767.366    -0.199     0.00    0.00
-106479.223    -0.199     0.00    0.00
-106191.056    -0.199     0.00    0.00
-105902.867    -0.199     0.00    0.00
-105614.654    -0.199     0.00    0.00
-105326.418    -0.199     0.00    0.00
-105038.160    -0.199     0.00    0.00
-104749.878    -0.199     0.00    0.00
-104461.573    -0.199     0.00    0.00
-104173.246    -0.199     0.00    0.00
-103884.895    -0.199     0.00    0.00
-103596.521    -0.199     0.00    0.00
-103308.124    -0.199     0.00    0.00
-103019.705    -0.199     0.00    0.00
-102731.262    -0.199     0.00    0.00
-102442.796    -0.199     0.00    0.00
-102154.307    -0.199     0.00    0.00
-101865.795    -0.199     0.00    0.00
-101577.260    -0.199     0.00    0.00
-101288.701    -0.199     0.00    0.00
-101000.120    -0.199     0.00    0.00
-100711.516    -0.199     0.00    0.00
-100422.888    -0.199     0.00    0.00
-100134.238    -0.199     0.00    0.00
 -99845.564    -0.199     0.00    0.00
 -99556.867    -0.199     0.00    0.00
 -99268.147    -0.199     0.00    0.00
 -98979.404    -0.199     0.00    0.00
 -98690.638    -0.199     0.00    0.00
 -98401.849    -0.199     0.00    0.00
 -98113.036    -0.199     0.00    0.00
 -97824.201    -0.199     0.00    0.00
 -97535.342    -0.199     0.00    0.00
 -97246.460    -0.199     0.00    0.00
 -96957.555    -0.199     0.00    0.00
 -96668.626    -0.199     0.00    0.00
 -96379.675     0.072     0.94    0.96
 -96090.700     0.439     1.27    1.44
 -95801.703     0.941     1.74    1.88
 -95512.682     1.488     1.89    2.26
 -95223.637     1.896     1.41    2.34
 -94934.570     2.488     2.05    2.57
 -94645.479     3.088     2.07    2.68
 -94356.365     3.488     1.38    2.51
 -94067.228     3.876     1.34    2.32
 -93778.068     3.876     0.00    2.09
 -93488.884     3.719    -0.54    1.57
 -93199.677     3.655    -0.22    1.49
 -92910.447     3.372    -0.98    1.74
 -92621.194     3.158    -0.74    1.98
 -92331.917     3.151    -0.02    2.20
 -92042.618     3.209     0.20    2.28
 -91753.294     3.454     0.85    2.23
 -91463.948     3.603     0.51    2.19
 -91174.578     3.556    -0.16    2.15
 -90885.185     3.484    -0.25    2.24
 -90595.769     2.894    -2.04    2.31
 -90306.330     2.265    -2.18    2.33
 -90016.867     1.648    -2.13    2.36
 -89727.380     1.178    -1.62    2.90
 -89437.871     1.625     1.54    4.07
 -89148.338     2.275     2.24    5.01
 -88861.709     2.601     1.14    5.17
 -88577.045     2.478    -0.43    5.18
 -88292.358     2.545     0.24    5.21
 -88007.649     2.285    -0.92    5.12
 -87722.918     1.697    -2.07    4.49
 -87438.165     1.056    -2.25    3.46
 -87153.390     0.446    -2.14    1.87
 -86868.593     0.211    -0.82    1.06
 -86583.774     0.223     0.04    1.08
 -86298.932     0.199    -0.09    1.07
 -86014.068     0.178    -0.07    1.06
 -85729.182     0.030    -0.52    0.86
 -85444.274    -0.189    -0.77    0.10
 -85159.344    -0.199    -0.04    0.00
 -84874.391    -0.199     0.00    0.00
 -84589.417    -0.199     0.00    0.00
 -84304.420    -0.199     0.00    0.00
 -84019.401    -0.199     0.00    0.00
 -83734.360    -0.199     0.00    0.00
 -83449.296    -0.199     0.00    0.00
 -83164.210    -0.199     0.00    0.00
 -82879.102    -0.199     0.00    0.00
 -82593.972    -0.199     0.00    0.00
 -82308.820    -0.199     0.00    0.00
 -82023.645    -0.199     0.00    0.00
 -81738.448    -0.199     0.00    0.00
 -81453.229    -0.199     0.00    0.00
 -81167.988    -0.137     0.22    0.61
 -80882.724     0.100     0.83    1.46
 -80597.438     0.851     2.63    2.59
 -80312.130     1.464     2.15    3.01
 -80026.800     1.967     1.76    3.14
 -79741.447     2.665     2.45    3.16
 -79456.072     3.207     1.90    2.93
 -79170.674     3.405     0.69    2.60
 -78885.255     3.779     1.31    2.13
 -78599.813     4.077     1.04    1.57
 -78314.349     4.561     1.69    1.40
 -78028.862     5.222     2.31    2.39
 -77743.353     6.556     4.67    3.47
 -77457.822     8.432     6.57    4.22
 -77172.268    10.697     7.93    4.74
 -76886.692    12.894     7.70    5.18
 -76601.094    15.718     9.89    5.63
 -76315.474    18.363     9.26    6.48
 -76029.831    21.417    10.69    7.35
 -75744.165    24.721    11.56    7.64
 -75458.478    27.739    10.56    7.05
 -75172.767    30.409     9.34    5.82
 -74887.035    32.357     6.82    4.55
 -74601.280    33.556     4.19    3.65
 -74315.503    34.007     1.58    3.91
 -74029.703    34.258     0.88    3.68
 -73743.881    34.386     0.45    3.63
 -73458.037    34.624     0.83    3.43
 -73172.170    35.029     1.42    3.30
 -72886.281    35.439     1.43    3.36
 -72600.369    36.082     2.25    3.54
 -72314.435    36.513     1.51    3.48
 -72028.478    36.948     1.52    3.63
 -71742.499    37.362     1.45    3.64
 -71456.498    37.729     1.28    3.30
 -71170.474    38.003     0.96    3.07
 -70884.428    38.331     1.15    2.64
 -70598.359    38.648     1.11    2.21
 -70312.267    38.720     0.25    1.95
 -70026.154    38.658    -0.22    1.80
 -69740.017    38.384    -0.96    1.84
 -69453.859    37.874    -1.78    2.01
 -69167.677    37.138    -2.57    2.22
 -68881.474    36.613    -1.83    2.24
 -68595.247    36.099    -1.80    2.21
 -68308.999    35.407    -2.42    2.07
 -68022.727    35.030    -1.32    1.80
 -67736.434    34.780    -0.87    1.68
 -67450.117    34.407    -1.30    1.54
 -67163.778    34.253    -0.54    1.37
 -66877.417    34.113    -0.49    1.17
 -66591.033    34.038    -0.26    1.22
 -66304.627    34.117     0.28    1.27
 -66018.198    34.259     0.50    1.36
 -65731.746    34.431     0.60    1.55
 -65445.272    34.407    -0.08    1.66
 -65158.775    34.625     0.76    1.80
 -64872.256    34.699     0.26    1.90
 -64585.714    34.376    -1.12    2.06
 -64299.150    33.872    -1.76    2.32
 -64012.562    33.290    -2.03    2.58
 -63725.953    32.574    -2.50    2.48
 -63439.321    31.980    -2.07    2.21
 -63152.666    31.401    -2.02    1.65
 -62865.988    30.992    -1.42    1.23
 -62579.288    30.865    -0.45    1.03
 -62292.565    30.853    -0.04    0.93
 -62005.820    30.801    -0.18    0.86
 -61719.052    30.736    -0.22    0.89
 -61432.261    30.621    -0.40    0.94
 -61145.448    30.533    -0.31    0.96
 -60858.612    30.352    -0.63    1.00
 -60571.753    30.234    -0.41    1.06
 -60284.872    29.882    -1.22    1.18
 -59997.968    29.498    -1.34    1.08
 -59711.041    29.388    -0.38    1.05
 -59424.092    29.100    -1.01    1.05
 -59137.120    28.983    -0.41    1.01
 -58850.125    28.984     0.01    1.07
 -58563.108    28.997     0.04    1.03
 -58276.068    29.064     0.23    1.02
 -57989.005    29.252     0.66    1.19
 -57701.919    29.447     0.68    1.26
 -57414.811    29.694     0.86    1.21
 -57127.680    29.736     0.15    1.15
 -56840.526    29.717    -0.07    1.20
 -56553.349    29.599    -0.41    1.32
 -56266.150    29.269    -1.15    1.35
 -55978.928    28.969    -1.04    1.21
 -55691.683    28.613    -1.24    1.17
 -55404.416    28.270    -1.19    0.99
 -55117.126    28.066    -0.71    0.87
 -54829.812    28.069     0.01    0.88
 -54542.477    28.043    -0.09    0.94
 -54255.118    28.015    -0.10    0.93
 -53967.736    28.007    -0.03    0.92
 -53680.332    28.011     0.01    0.97
 -53392.905    28.005    -0.02    1.03
 -53105.455    27.832    -0.60    1.05
 -52817.982    27.717    -0.40    1.02
 -52530.487    27.631    -0.30    1.02
 -52242.969    27.543    -0.30    0.97
 -51955.427    27.386    -0.55    0.97
 -51667.863    27.301    -0.30    0.84
 -51380.277    27.322     0.07    0.85
 -51092.667    27.365     0.15    0.96
 -50805.034    27.354    -0.04    0.98
 -50517.379    27.447     0.32    1.03
 -50229.700    27.599     0.53    1.10
 -49941.999    27.708     0.38    1.08
 -49654.275    27.678    -0.10    1.07
 -49366.528    27.637    -0.14    1.00
 -49078.758    27.611    -0.09    1.02
 -48790.966    27.454    -0.55    0.95
 -48503.150    27.419    -0.12    0.92
 -48215.311    27.335    -0.29    0.91
 -47927.450    27.326    -0.03    0.94
 -47639.565    27.332     0.02    0.96
 -47351.658    27.255    -0.27    1.01
 -47063.728    27.100    -0.54    0.98
 -46775.775    27.011    -0.31    1.00
 -46487.799    26.973    -0.13    1.01
 -46199.799    26.919    -0.19    0.97
 -45911.777    27.019     0.35    1.01
 -45623.732    27.152     0.46    1.19
 -45335.664    27.509     1.24    1.38
 -45047.573    27.811     1.05    1.45
 -44759.459    28.001     0.66    1.37
 -44471.322    28.159     0.55    1.40
 -44183.163    28.232     0.26    1.43
 -43894.980    28.113    -0.41    1.49
 -43606.774    27.892    -0.77    1.62
 -43318.545    27.648    -0.85    1.66
 -43030.293    27.471    -0.61    1.57
 -42742.018    27.341    -0.45    1.52
 -42453.720    27.407     0.23    1.56
 -42165.399    27.719     1.08    1.65
 -41877.055    28.001     0.98    1.84
 -41588.688    28.387     1.34    1.76
 -41300.297    28.636     0.86    1.62
 -41011.884    28.821     0.64    1.48
 -40723.448    28.780    -0.14    1.50
 -40434.989    28.761    -0.07    1.60
 -40146.506    28.510    -0.87    1.62
 -39858.001    28.290    -0.76    1.58
 -39569.472    28.176    -0.40    1.58
 -39280.920    28.269     0.32    1.41
 -38992.346    28.194    -0.26    1.41
 -38703.748    28.197     0.01    1.30
 -38415.127    28.258     0.21    1.28
 -38126.483    28.460     0.70    1.14
 -37837.815    28.411    -0.17    1.09
 -37549.125    28.311    -0.35    1.14
 -37260.411    28.168    -0.50    1.21
 -36971.675    27.852    -1.10    1.33
 -36682.915    27.362    -1.70    1.45
 -36394.132    26.811    -1.91    1.52
 -36105.326    26.291    -1.80    1.64
 -35816.497    25.945    -1.20    1.63
 -35527.644    25.710    -0.81    1.74
 -35238.769    25.708    -0.01    1.89
 -34949.870    26.007     1.03    2.11
 -34660.948    26.321     1.09    2.16
 -34372.003    26.842     1.80    2.02
 -34083.035    27.326     1.68    1.84
 -33794.043    27.727     1.39    1.52
 -33505.028    28.011     0.98    1.34
 -33215.990    28.040     0.10    1.28
 -32926.929    27.938    -0.36    1.31
 -32637.845    27.748    -0.66    1.28
 -32348.737    27.530    -0.75    1.13
 -32059.606    27.194    -1.16    1.08
 -31770.452    26.960    -0.81    1.10
 -31481.275    26.707    -0.88    1.10
 -31192.074    26.338    -1.27    1.19
 -30902.850    26.085    -0.88    1.26
 -30613.603    26.009    -0.26    1.32
 -30324.332    25.933    -0.26    1.27
 -30035.039    25.712    -0.77    1.39
 -29745.722    25.561    -0.52    1.45
 -29456.381    25.531    -0.11    1.58
 -29167.018    25.474    -0.20    1.64
 -28877.631    25.419    -0.19    1.68
 -28588.221    25.531     0.39    1.72
 -28298.787    25.504    -0.09    1.68
 -28009.330    25.749     0.85    1.60
 -27719.850    26.056     1.06    1.68
 -27430.346    26.423     1.27    1.57
 -27140.819    26.832     1.41    1.46
 -26855.198    27.095     0.92    1.42
 -26570.541    27.343     0.87    1.29
 -26285.862    27.405     0.22    1.28
 -26001.160    27.506     0.36    1.24
 -25716.437    27.535     0.10    1.30
 -25431.691    27.464    -0.25    1.40
 -25146.923    27.347    -0.41    1.37
 -24862.133    27.205    -0.50    1.27
 -24577.321    27.172    -0.12    1.21
 -24292.487    27.158    -0.05    1.09
 -24007.630    27.073    -0.30    0.97
 -23722.752    27.069    -0.02    0.95
 -23437.851    27.046    -0.08    0.99
 -23152.928    26.892    -0.54    1.07
 -22867.983    26.695    -0.69    1.11
 -22583.016    26.481    -0.75    1.11
 -22298.026    26.306    -0.61    1.15
 -22013.015    26.327     0.07    1.22
 -21727.981    26.509     0.64    1.15
 -21442.925    26.611     0.36    1.10
 -21157.846    26.801     0.66    1.19
 -20872.746    25.759    -3.65    4.72
 -20587.623    23.923    -6.44    7.03
 -20302.478    21.457    -8.65    8.67
 -20017.311    18.234   -11.30    9.53
 -19732.121    15.286   -10.34    9.27
 -19446.909    12.467    -9.88    7.80
 -19161.675    10.058    -8.45    4.81
 -18876.419     8.984    -3.77    1.96
 -18591.141     8.927    -0.20    2.26
 -18305.840     8.729    -0.70    2.55
 -18020.517     8.624    -0.37    2.92
 -17735.172     8.279    -1.21    3.18
 -17449.804     8.113    -0.58    3.21
 -17164.414     8.285     0.60    3.69
 -16879.002     9.652     4.79    4.37
 -16593.567    10.546     3.13    4.34
 -16308.110    10.902     1.25    3.91
 -16022.631    11.286     1.34    3.55
 -15737.130    11.249    -0.13    3.40
 -15451.606    10.591    -2.30    3.59
 -15166.060     8.991    -5.60    3.55
 -14880.491     7.821    -4.09    3.19
 -14594.901     6.700    -3.93    2.29
 -14309.287     5.863    -2.93    1.75
 -14023.652     5.495    -1.29    1.52
 -13737.994     5.453    -0.14    1.42
 -13452.314     5.548     0.33    1.34
 -13166.611     5.478    -0.25    1.29
 -12880.886     5.327    -0.53    1.24
 -12595.139     5.162    -0.58    1.23
 -12309.369     5.241     0.27    1.23
 -12023.577     5.286     0.16    1.17
 -11737.762     5.271    -0.05    1.15
 -11451.925     5.176    -0.33    1.14
 -11166.066     5.081    -0.33    1.16
 -10880.184     5.031    -0.17    1.14
 -10594.280     4.978    -0.19    1.06
 -10308.353     5.031     0.19    1.11
 -10022.404     5.275     0.85    1.18
  -9736.433     5.437     0.57    1.22
  -9450.439     5.758     1.12    1.18
  -9164.422     6.120     1.26    1.25
  -8878.383     6.499     1.32    1.20
  -8592.322     6.401    -0.34    1.24
  -8306.238     6.180    -0.77    1.35
  -8020.132     5.984    -0.68    1.36
  -7734.003     5.811    -0.61    1.33
  -7447.852     5.862     0.18    1.40
  -7161.678     5.955     0.33    1.54
  -6875.482     6.296     1.19    1.93
  -6589.263     6.495     0.69    2.10
  -6303.022     6.790     1.03    2.30
  -6016.758     7.038     0.87    2.39
  -5730.472     6.831    -0.72    2.34
  -5444.163     6.872     0.14    2.40
  -5157.832     6.674    -0.69    2.29
  -4871.478     6.390    -0.99    2.21
  -4585.102     6.165    -0.79    2.01
  -4298.703     5.905    -0.91    1.92
  -4012.281     5.655    -0.87    1.82
  -3725.837     5.522    -0.46    1.75
  -3439.371     5.664     0.49    1.77
  -3152.882     5.738     0.26    1.57
  -2866.370     5.842     0.36    1.74
  -2579.835     6.361     1.81    2.20
  -2293.279     6.771     1.43    2.14
  -2006.699     6.966     0.68    2.32
  -1720.097     7.038     0.25    2.43
  -1433.472     6.336    -2.45    3.14
  -1146.825     5.454    -3.08    3.76
   -860.155     4.225    -4.29    4.12
   -573.462     2.738    -5.19    3.74
   -286.747     1.852    -3.09    3.38
     -0.009     0.822    -3.59    2.44
    286.751     0.280    -1.89    1.26
    573.534     0.301     0.07    1.23
    860.340     0.453     0.53    1.36
   1147.168     0.353    -0.35    1.15
   1434.019     0.197    -0.54    0.95
   1720.893     0.043    -0.53    0.73
   2007.790    -0.017    -0.21    0.64
   2294.709    -0.077    -0.21    0.54
   2581.650    -0.031     0.16    0.85
   2868.615    -0.049    -0.06    0.90
   3155.602     1.366     4.93    5.95
   3442.612     6.428    17.64   14.41
   3729.644    13.127    23.34   19.22
   4016.700    19.984    23.89   21.32
   4303.778    28.048    28.09   21.35
   4590.878    37.038    31.31   19.48
   4878.002    47.478    36.36   16.59
   5165.148    58.874    39.69   19.43
   5452.317    70.947    42.04   24.04
   5739.509    80.009    31.56   23.26
   6026.723    87.769    27.02   19.11
   6313.960    91.699    13.68   14.58
   6601.220    91.667    -0.11   14.57
   6888.503    88.356   -11.52   16.69
   7175.808    83.842   -15.71   15.65
   7463.137    79.751   -14.24   13.81
   7750.488    76.771   -10.37   12.51
   8037.861    75.082    -5.88   11.33
   8325.258    72.801    -7.94   11.53
   8612.678    71.969    -2.89   12.22
   8900.120    72.192     0.78   11.88
   9187.585    71.165    -3.57   12.91
   9475.073    69.450    -5.97   14.91
   9762.583    68.728    -2.51   16.44
  10050.117    69.426     2.43   16.79
  10337.673    73.184    13.07   16.47
  10625.253    76.811    12.61   17.53
  10912.855    82.380    19.36   18.17
  11200.480    88.611    21.67   17.79
  11488.127    93.883    18.33   15.99
  11775.798    96.690     9.76   14.28
  12063.492    96.750     0.21   14.12
  12351.208    92.677   -14.16   16.51
  12638.947    88.163   -15.69   17.36
  12926.710    83.215   -17.20   17.56
  13214.495    79.076   -14.38   16.12
  13502.303    78.464    -2.13   15.49
  13790.134    77.678    -2.73   14.95
  14077.988    80.505     9.82   13.71
  14365.864    83.100     9.01   12.15
  14653.764    85.966     9.95   11.21
  14941.687    88.394     8.44   11.13
  15229.632    91.914    12.22   11.81
  15517.601    96.332    15.34   12.68
  15805.592    99.957    12.59   12.21
  16093.606   105.061    17.72   13.63
  16381.644   111.280    21.59   16.65
  16669.704   118.770    26.00   17.42
  16957.787   126.387    26.44   17.10
  17245.894   134.005    26.44   17.09
  17534.023   140.088    21.11   17.00
  17822.175   146.207    21.23   17.08
  18110.351   150.444    14.70   17.47
  18398.549   154.217    13.09   18.21
  18686.770   159.376    17.90   17.59
  18975.014   163.352    13.79   17.78
  19263.282   170.154    23.60   18.93
  19551.572   177.978    27.14   20.02
  19839.885   185.275    25.31   21.04
  20128.222   193.422    28.26   19.18
  20416.581   200.729    25.34   16.17
  20704.964   205.624    16.97   14.36
  20993.369   209.915    14.88   13.16
  21281.798   211.595     5.82   14.29
  21570.249   212.653     3.67   15.47
  21858.724   211.564    -3.78   18.08
  22147.222   209.688    -6.50   20.90
  22435.743   207.678    -6.97   21.78
  22724.287   203.910   -13.06   22.96
  23012.854   201.040    -9.94   21.50
  23301.444   199.741    -4.50   21.61
  23590.057   199.091    -2.25   22.07
  23878.694   199.519     1.49   22.36
  24167.353   200.504     3.41   24.70
  24456.036   200.700     0.68   25.77
  24744.742   199.913    -2.73   27.15
  25033.471   192.759   -24.78   30.50
  25322.223   181.864   -37.73   31.94
  25610.998   170.512   -39.31   36.95
  25899.796   153.030   -60.54   45.90
  26188.618   134.707   -63.44   45.77
  26477.463   127.936   -23.44   44.97
  26766.331   126.811    -3.89   45.94
  27055.222   131.770    17.16   51.78
  27344.136   140.917    31.66   56.94
  27633.073   157.922    58.86   57.05
  27922.034   184.199    90.94   48.61
  28211.018   205.931    75.20   42.79
  28500.025   217.365    39.57   34.52
  28789.055   222.863    19.02   31.81
  29078.109   219.424   -11.89   37.43
  29367.185   210.276   -31.65   45.62
  29656.285   198.894   -39.37   52.87
  29945.409   185.316   -46.96   58.58
  30234.555   172.444   -44.52   61.75
  30523.725   158.066   -49.72   66.76
  30812.918   139.915   -62.76   69.40
  31102.134   109.509  -105.14   70.85
  31391.373    86.873   -78.26   67.11
  31680.636    63.728   -80.02   54.68
  31969.922    45.301   -63.70   42.92
  32259.231    33.388   -41.18   32.42
  32548.564    22.863   -36.38   19.69
  32837.920    17.646   -18.03    8.79
  33127.299    16.559    -3.76    9.32
  33416.702    15.084    -5.10    9.83
  33706.127    13.710    -4.75   10.14
  33995.577    12.929    -2.70   10.51
  34285.049    11.623    -4.51   10.48
  34574.545    10.759    -2.98   10.33
  34864.064     9.692    -3.69   10.15
  35148.723     8.341    -4.75    9.64
  35433.382     8.015    -1.14    9.91
  35718.062     8.205     0.67    9.24
  36002.765     8.432     0.80    8.85
  36287.489     9.574     4.01    8.27
  36572.236    11.759     7.67    8.30
  36857.005    14.113     8.27    7.37
  37141.796    17.103    10.50    7.49
  37426.609    20.040    10.31    8.00
  37711.445    22.760     9.55    8.07
  37996.302    26.068    11.61    8.28
  38281.182    31.365    18.59   10.86
  38566.083    38.903    26.46   16.42
  38851.007    47.583    30.47   22.70
  39135.953    59.761    42.74   28.73
  39420.922    72.366    44.24   31.90
  39705.912    87.595    53.44   30.42
  39990.925   101.217    47.80   24.42
  40275.960   111.667    36.66   19.32
  40561.017   120.040    29.38   14.20
  40846.096   126.131    21.36    8.80
  41131.197   129.295    11.10    5.22
  41416.321   130.151     3.00    4.88
  41701.467   130.871     2.53    4.29
  41986.635   130.421    -1.58    4.87
  42271.825   128.851    -5.51    5.92
  42557.038   126.512    -8.20    7.40
  42842.273   122.703   -13.36   10.00
  43127.530   117.711   -17.50   12.38
  43412.809   112.141   -19.53   13.02
  43698.111   105.311   -23.94   11.72
  43983.434    99.687   -19.71    9.91
  44268.780    95.613   -14.28    7.59
  44554.149    92.394   -11.28    4.73
  44839.539    90.966    -5.01    3.02
  45124.952    89.990    -3.42    2.52
  45410.388    89.141    -2.98    2.51
  45695.845    88.148    -3.48    2.72
  45981.325    86.870    -4.48    3.28
  46266.827    85.345    -5.34    3.97
  46552.351    83.471    -6.57    4.47
  46837.898    81.693    -6.23    4.38
  47123.467    80.127    -5.48    3.91
  47409.059    78.427    -5.95    3.87
  47694.672    76.019    -8.43    4.42
  47980.308    73.821    -7.70    5.27
  48265.967    72.238    -5.54    5.83
  48551.648    71.301    -3.28    5.99
  48837.351    70.450    -2.98    6.03
  49123.076    70.553     0.36    5.93
  49408.824    71.461     3.18    5.94
  49694.594    72.709     4.37    5.52
  49980.387    73.306     2.09    5.63
  50266.202    74.063     2.65    5.86
  50552.039    74.625     1.97    6.38
  50837.899    75.031     1.42    6.57
  51123.781    75.515     1.69    6.29
  51409.686    75.695     0.63    6.06
  51695.613    75.134    -1.96    5.83
  51981.562    75.499     1.28    5.29
  52267.534    75.842     1.20    5.28
  52553.528    76.447     2.11    5.09
  52839.545    77.270     2.88    5.24
  53125.584    78.185     3.20    5.06
  53411.646    78.521     1.18    5.59
  53697.730    79.522     3.50    5.01
  53983.837    79.997     1.66    5.33
  54269.966    80.760     2.67    5.48
  54556.117    81.174     1.45    5.90
  54842.291    81.491     1.11    6.15
  55128.487    82.148     2.30    5.87
  55414.706    82.822     2.35    6.09
  55700.948    83.790     3.38    6.17
  55987.212    84.280     1.71    6.45
  56273.498    84.056    -0.78    7.79
  56559.807    84.092     0.13    8.59
  56846.138    83.759    -1.16    9.13
  57132.492    83.904     0.50    9.14
  57418.869    84.719     2.85    9.86
  57705.268    85.046     1.14   10.13
  57991.689    86.412     4.77   10.46
  58278.133    86.911     1.74   10.69
  58564.600    88.177     4.42   11.11
  58851.089    90.048     6.53   10.81
  59137.601    92.281     7.79   10.93
  59424.135    93.962     5.87   10.69
  59710.692    95.043     3.77   10.43
  59997.272    97.677     9.19   10.43
  60283.874   100.644    10.35   10.59
  60570.498   104.394    13.08   11.16
  60857.146   108.729    15.12   11.76
  61143.816   113.676    17.26   12.05
  61430.508   119.251    19.45   12.93
  61717.223   124.281    17.54   13.24
  62003.961   129.821    19.32   12.43
  62290.721   135.158    18.61   11.70
  62577.504   138.523    11.74   11.10
  62864.310   140.669     7.48   10.54
  63151.138   142.484     6.33   10.19
  63437.989   143.366     3.07   10.13
  63724.862   144.073     2.46   10.40
  64011.758   145.538     5.10    9.80
  64298.677   146.999     5.09    8.85
  64585.619   148.530     5.34    7.27
  64872.583   150.051     5.30    5.64
  65159.570   151.322     4.43    4.08
  65446.579   152.124     2.80    3.02
  65733.612   152.376     0.88    2.60
  66020.667   152.311    -0.23    3.44
  66307.744   152.952     2.23    3.85
  66594.845   153.360     1.42    4.90
  66881.968   154.280     3.21    4.81
  67169.113   154.821     1.88    4.72
  67456.282   155.316     1.72    3.95
  67743.473   155.245    -0.25    4.23
  68030.687   155.035    -0.73    4.46
  68317.924   154.306    -2.54    5.52
  68605.183   152.347    -6.82    7.52
  68892.466   150.842    -5.24    9.57
  69179.771   150.811    -0.11   10.43
  69467.098   151.582     2.68   11.01
  69754.449   152.158     2.00   11.08
  70041.822   153.061     3.14    9.80
  70329.218   154.355     4.50    8.58
  70616.637   155.431     3.74    7.19
  70904.079   156.195     2.66    7.30
  71191.544   153.577    -9.11   10.49
  71479.031   152.677    -3.13   11.03
  71766.541   153.385     2.46   11.59
  72054.074   154.191     2.80   11.69
  72341.630   155.951     6.12   10.87
  72629.208   157.625     5.82   11.09
  72916.810   160.120     8.68   10.29
  73204.434   163.874    13.05    8.04
  73492.081   166.051     7.57    8.57
  73779.751   168.718     9.27    8.91
  74067.444   171.211     8.67    8.89
  74355.160   173.770     8.90    7.98
  74642.898   175.541     6.15    6.21
  74930.660   175.563     0.08    5.54
  75218.444   174.454    -3.85    6.18
  75506.251   170.551   -13.56    8.61
  75794.082   165.548   -17.38   10.34
  76081.935   160.903   -16.14   10.95
  76369.811   155.861   -17.51   10.51
  76657.709   151.411   -15.46    8.85
  76945.631   148.219   -11.09    6.51
  77233.576   146.461    -6.11    5.69
  77521.544   146.188    -0.94    7.11
  77809.534   146.603     1.44    8.60
  78097.548   147.770     4.05    9.31
  78385.584   149.337     5.44    9.25
  78673.644   150.611     4.42    7.99
  78961.726   151.961     4.68    7.31
  79249.831   152.902     3.27    6.44
  79537.960   153.642     2.57    6.26
  79826.111   154.623     3.40    6.74
  80114.285   156.021     4.85    6.65
  80402.482   157.128     3.84    6.84
  80690.703   158.270     3.96    6.09
  80978.946   158.566     1.03    5.82
  81267.212   157.681    -3.07    5.49
  81555.501   156.739    -3.27    5.60
  81843.814   154.739    -6.94    5.49
  82132.149   152.811    -6.69    5.42
  82420.507   150.467    -8.13    5.86
  82708.889   148.430    -7.07    6.58
  82997.293   147.708    -2.50    6.85
  83285.721   147.674    -0.12    6.89
  83574.171   148.281     2.10    6.78
  83862.645   149.081     2.77    5.64
  84151.142   149.624     1.88    3.79
  84439.661   149.623    -0.01    3.12
  84728.204   148.441    -4.10    4.10
  85016.770   146.306    -7.40    5.30
  85305.359   143.882    -8.40    6.18
  85593.971   140.771   -10.78    6.59
  85882.606   137.591   -11.02    6.66
  86171.265   134.441   -10.91    6.39
  86459.946   131.165   -11.35    6.11
  86748.650   127.904   -11.30    5.65
  87037.378   125.301    -9.02    5.73
  87326.129   122.162   -10.87    5.60
  87614.903   119.337    -9.78    5.57
  87903.700   116.644    -9.32    5.30
  88192.520   114.086    -8.86    5.37
  88481.363   111.164   -10.12    5.35
  88770.230   108.642    -8.73    5.27
  89059.120   106.205    -8.44    5.53
  89348.032   103.942    -7.83    5.73
  89636.968   101.383    -8.86    6.63
  89925.928    98.625    -9.54    6.97
  90214.910    96.860    -6.11    6.93
  90503.916    96.341    -1.80    7.21
  90792.945    96.669     1.14    8.65
  91081.997    98.894     7.69   11.39
  91371.072   102.337    11.91   14.04
  91660.170   106.038    12.80   15.53
  91949.292   111.576    19.16   15.45
  92238.437   115.634    14.03   12.96
  92527.605   117.564     6.67   10.60
  92816.796   118.603     3.59    8.64
  93106.011   119.281     2.34    8.57
  93395.249   120.671     4.81    9.15
  93684.510   122.346     5.79   10.49
  93973.795   125.571    11.15   11.61
  94263.102   129.573    13.83   11.59
  94552.433   134.011    15.34    8.14
  94841.787   135.695     5.82    6.25
  95131.165   136.326     2.18    5.11
  95420.566   135.356    -3.35    5.81
  95709.990   133.251    -7.28    6.41
  95999.438   131.511    -6.01    6.19
  96288.908   130.419    -3.77    6.14
  96578.402   130.700     0.97    6.94
  96866.972   131.967     4.39    7.82
  97151.606   134.913    10.35    8.36
  97436.262   137.935    10.62    6.93
  97720.940   139.739     6.34    4.86
  98005.641   140.405     2.34    3.42
  98290.363   140.035    -1.30    4.05
  98575.108   137.995    -7.17    6.36
  98859.874   135.583    -8.47    7.91
  99144.663   132.114   -12.18    9.04
  99429.474   129.061   -10.72    9.84
  99714.307   126.842    -7.79   10.14
  99999.162   126.223    -2.17   10.49
 100284.039   126.457     0.82   10.85
 100568.938   127.708     4.39   10.32
 100853.860   129.030     4.64    9.03
 101138.803   129.361     1.16    8.16
 101423.769   129.041    -1.12    8.02
 101708.757   127.454    -5.57    9.00
 101993.767   125.871    -5.56    9.88
 102278.799   124.435    -5.04   10.57
 102563.854   124.033    -1.41   10.51
 102848.930   124.033     0.00   10.98
 103134.029   125.564     5.37   10.28
 103419.150   127.399     6.44    9.70
 103704.293   129.296     6.65    8.78
 103989.458   130.255     3.37    8.43
 104274.646   130.966     2.49    8.62
 104559.855   129.154    -6.35   10.04
 104845.087   127.356    -6.30   10.83
 105130.341   125.781    -5.52   10.96
 105415.618   125.019    -2.67   10.29
 105700.916   124.362    -2.30    9.35
 105986.237   124.276    -0.30    8.27
 106271.580   124.144    -0.46    6.86
 106556.945   124.269     0.44    6.19
 106842.333   124.605     1.18    5.66
 107127.743   124.103    -1.76    6.00
 107413.175   123.069    -3.62    6.99
 107698.629   121.842    -4.30    7.62
 107984.106   121.437    -1.42    7.81
 108269.605   120.681    -2.65    7.97
 108555.126   120.035    -2.26    7.90
 108840.669   120.144     0.38    7.53
 109126.235   120.543     1.40    7.03
 109411.823   121.331     2.76    7.00
 109697.433   122.563     4.31    6.73
 109983.066   124.661     7.34    6.69
 110268.721   126.935     7.96    6.89
 110554.398   129.740     9.82    6.50
 110840.098   132.051     8.09    5.99
 111125.820   135.058    10.53    5.85
 111411.564   138.331    11.45    5.90
 111697.331   140.711     8.33    6.01
 111983.120   143.046     8.17    6.03
 112268.931   145.148     7.35    5.63
 112554.765   146.208     3.71    4.53
 112840.621   146.441     0.81    4.10
 113126.499   145.731    -2.48    4.86
 113412.400   143.931    -6.30    6.13
 113698.323   141.280    -9.27    6.84
 113984.269   137.543   -13.07    7.28
 114270.237   133.346   -14.68    8.05
 114556.227   129.100   -14.85    9.37
 114842.240   123.646   -19.07   11.61
 115128.275   118.301   -18.69   12.79
 115414.333   112.900   -18.88   13.06
 115700.413   107.841   -17.69   12.21
 115986.516   102.841   -17.48   11.42
 116272.641    98.927   -13.68   11.37
 116558.788    95.205   -13.01   10.58
 116844.958    92.405    -9.79   10.75
 117131.150    89.427   -10.41   10.74
 117417.365    85.986   -12.02   10.60
 117703.602    82.025   -13.84   10.51
 117989.862    78.217   -13.30   11.01
 118276.144    74.326   -13.59   11.07
 118562.448    69.976   -15.19   11.30
 118848.776    64.711   -18.39   10.90
 119135.125    61.193   -12.29   10.96
 119421.497    57.892   -11.53   10.49
 119707.892    54.345   -12.38   11.31
 119994.309    51.228   -10.88   11.81
 120280.749    47.791   -12.00   11.44
 120567.211    44.931    -9.98   11.01
 120853.695    41.730   -11.17    8.94
 121140.203    39.709    -7.06    7.58
 121426.732    37.225    -8.67    5.08
 121713.285    35.926    -4.53    3.17
 121999.860    35.484    -1.54    2.57
 122286.457    35.291    -0.68    2.30
 122573.077    35.321     0.11    2.23
 122859.719    35.583     0.91    2.22
 123146.385    35.331    -0.88    2.06
 123433.072    34.985    -1.21    2.04
 123719.782    34.890    -0.33    2.05
 124006.515    34.841    -0.17    2.16
 124293.271    34.531    -1.08    2.21
 124580.049    34.195    -1.17    2.28
 124866.849    34.038    -0.55    2.29
 125153.673    34.387     1.22    2.76
 125440.519    35.110     2.52    3.94
 125727.387    37.627     8.78    6.94
 126014.278    40.280     9.25    8.68
 126301.192    43.561    11.43   10.46
 126588.128    46.840    11.43   11.46
 126875.087    50.972    14.40   12.37
 127162.069    54.480    12.22   13.32
 127449.073    57.568    10.76   13.21
 127736.101    59.330     6.14   13.05
 128023.150    58.961    -1.29   11.96
 128310.223    58.971     0.03   10.96
 128597.318    59.780     2.82   10.18
 128884.435    61.644     6.49   10.83
 129171.576    65.381    13.01   13.72
 129458.739    71.882    22.64   16.46
 129745.925    78.667    23.63   16.71
 130033.133    86.710    28.01   16.04
 130320.365    93.375    23.21   14.09
 130607.619    98.703    18.55   12.98
 130894.895   102.811    14.30   11.40
 131182.195   105.922    10.83    9.71
 131469.517   107.067     3.99    8.90
 131756.862   108.033     3.36    7.17
 132044.230   107.371    -2.31    6.43
 132331.620   106.084    -4.48    5.83
 132619.033   104.326    -6.11    5.76
 132906.469   102.368    -6.82    5.83
 133193.928    99.769    -9.04    6.46
 133481.409    97.172    -9.04    6.64
 133768.914    95.086    -7.25    6.05
 134056.441    94.005    -3.76    6.18
 134343.991    94.762     2.63    7.95
 134631.563    97.199     8.48   10.70
 134919.159   101.791    15.97   13.20
 135206.777   107.246    18.97   13.35
 135494.418   113.201    20.70   12.30
 135782.082   117.651    15.47   10.64
 136069.769   121.421    13.11    7.91
 136357.479   123.250     6.36    6.18
 136645.211   123.457     0.72    5.60
 136932.966   122.165    -4.49    5.74
 137220.745   119.637    -8.78    6.30
 137508.546   116.525   -10.81    7.11
 137796.370   113.076   -11.98    7.86
 138084.216   109.521   -12.35    8.32
 138372.086   105.131   -15.25    8.56
 138659.979   101.243   -13.51    8.22
 138947.894    97.252   -13.86    7.16
 139235.832    93.839   -11.85    6.51
 139523.794    91.371    -8.57    5.69
 139811.778    88.851    -8.75    5.53
 140099.785    87.188    -5.77    5.84
 140387.815    85.831    -4.71    6.18
 140675.868    84.528    -4.53    6.60
 140963.943    83.540    -3.43    7.04
 141252.042    82.255    -4.46    7.68
 141540.164    81.005    -4.34    8.03
 141828.309    78.821    -7.58    8.40
 142116.476    75.731   -10.72    8.73
 142404.667    72.286   -11.96    9.09
 142692.880    68.296   -13.84    9.39
 142981.117    64.434   -13.40    9.26
 143269.376    60.821   -12.54    8.55
 143557.659    57.582   -11.24    7.50
 143845.964    55.013    -8.91    6.31
 144134.293    52.821    -7.60    5.30
 144422.644    51.419    -4.86    4.57
 144711.019    50.203    -4.22    3.85
 144999.416    49.474    -2.53    3.21
 145287.837    48.676    -2.77    2.87
 145576.280    47.801    -3.03    2.99
 145864.747    46.974    -2.87    3.11
 146153.236    46.346    -2.18    3.08
 146441.749    45.869    -1.65    2.95
 146730.285    45.250    -2.15    2.65
 147018.843    44.568    -2.36    2.09
 147307.425    44.028    -1.87    1.74
 147596.030    43.731    -1.03    1.47
 147884.658    43.910     0.62    1.82
 148173.309    45.451     5.34    6.02
 148461.983    49.296    13.32   11.77
 148750.680    56.413    24.66   17.58
 149039.401    65.730    32.27   21.07
 149328.144    75.921    35.30   21.45
 149616.910    85.522    33.25   17.98
 149905.700    93.058    26.10   12.44
 150194.513    97.561    15.59    6.77
 150483.349    98.900     4.64    5.95
 150772.208    98.379    -1.80    7.02
 151061.090    96.387    -6.90    8.16
 151349.995    93.247   -10.87    9.02
 151638.923    89.589   -12.66    9.41
 151927.875    86.830    -9.55    8.18
 152216.850    85.860    -3.36    7.08
 152505.848    86.401     1.87    7.81
 152794.869    89.471    10.62   10.51
 153083.913    93.780    14.91   11.61
 153372.980    99.071    18.30   12.12
 153662.071   105.114    20.91   10.86
 153951.185   109.637    15.65    9.40
 154240.322   113.120    12.05    8.11
 154529.482   115.301     7.54    6.61
 154818.666   116.458     4.00    5.81
 155107.872   116.721     0.91    5.42
 155397.102   116.266    -1.57    5.12
 155686.355   115.276    -3.42    4.82
 155975.632   114.091    -4.10    4.58
 156264.931   111.896    -7.59    4.86
 156554.254   109.850    -7.07    5.17
 156843.600   107.215    -9.11    5.86
 157132.970   104.730    -8.59    6.47
 157422.362   102.265    -8.52    6.38
 157711.778   100.558    -5.90    6.25
 158001.218   100.394    -0.57    7.05
 158290.680   101.780     4.79    8.81
 158580.166   105.225    11.90   11.03
 158867.781   109.781    15.84   11.79
 159152.407   115.424    19.83   11.39
 159437.056   120.658    18.39   10.92
 159721.726   125.548    17.18    9.87
 160006.419   129.121    12.55    8.25
 160291.133   132.048    10.28    6.16
 160575.870   133.005     3.36    5.01
 160860.629   132.522    -1.69    6.24
 161145.410   129.710    -9.88   10.02
 161430.212   126.120   -12.60   12.41
 161715.037   121.954   -14.63   13.66
 161999.884   118.516   -12.07   13.64
 162284.753   114.471   -14.20   13.48
 162569.644   111.387   -10.82   13.51
 162854.558   108.088   -11.58   13.47
 163139.493   105.137   -10.36   14.22
 163424.450   102.301    -9.96   14.19
 163709.430    99.104   -11.22   14.23
 163994.432    95.589   -12.34   13.73
 164279.455    93.947    -5.76   13.10
 164564.501    91.464    -8.71   13.30
 164849.569    88.576   -10.13   13.33
 165134.659    85.682   -10.15   13.13
 165419.772    83.504    -7.64   12.64
 165704.906    80.801    -9.48   11.54
 165990.063    79.195    -5.63   11.01
 166275.241    76.791    -8.43    9.63
 166560.442    75.177    -5.66    9.02
 166845.665    73.831    -4.72    8.24
 167130.910    72.710    -3.93    7.56
 167416.178    71.671    -3.64    6.59
 167701.467    70.615    -3.70    5.83
 167986.779    70.331    -0.99    6.10
 168272.113    70.071    -0.91    6.12
 168557.469    70.046    -0.09    6.48
 168842.848    70.286     0.84    6.80
 169128.248    70.860     2.01    6.99
 169413.671    70.568    -1.02    6.79
 169699.116    70.521    -0.16    6.60
 169984.583    70.306    -0.75    6.18
 170270.073    70.337     0.11    5.71
 170555.584    69.981    -1.25    5.14
 170841.118    69.437    -1.90    4.48
 171126.674    68.474    -3.37    3.91
 171412.253    67.949    -1.84    3.81
 171697.854    67.084    -3.03    3.71
 171983.477    65.849    -4.32    3.51
 172269.122    64.603    -4.36    3.16
 172554.789    63.421    -4.14    2.73
 172840.479    62.553    -3.04    2.59
 173126.191    61.791    -2.67    2.32
 173411.926    60.922    -3.04    1.99
 173697.682    60.259    -2.32    1.92
 173983.461    59.306    -3.34    1.99
 174269.263    58.195    -3.89    2.42
 174555.086    57.551    -2.25    2.40
 174840.932    56.742    -2.83    2.48
 175126.801    55.811    -3.26    2.26
 175412.691    55.461    -1.22    2.06
 175698.604    55.771     1.08    3.79
 175984.539    59.801    14.10   11.50
 176270.497    66.005    21.70   17.53
 176556.477    74.120    28.38   21.51
 176842.479    83.731    33.61   22.00
 177128.504    92.186    29.57   19.01
 177414.551    97.454    18.42   14.14
 177700.621   100.533    10.77   10.49
 177986.713   101.900     4.78    9.78
 178272.827   103.673     6.20    9.40
 178558.964   106.831    11.04    9.79
 178845.123   110.820    13.94   11.25
 179131.304   116.306    19.17   11.59
 179417.508   122.187    20.55   10.55
 179703.734   127.114    17.22    9.66
 179989.983   132.013    17.12    8.36
 180276.254   136.321    15.05    6.94
 180562.548   139.708    11.83    5.74
 180848.864   142.005     8.02    4.24
 181135.202   143.538     5.36    3.24
 181421.563   143.291    -0.86    3.12
 181707.947   142.296    -3.48    3.96
 181994.352   140.474    -6.36    5.44
 182280.781   137.515   -10.33    7.02
 182567.231   134.182   -11.64    7.43
 182853.705   131.083   -10.82    6.82
 183140.201   128.003   -10.75    6.48
 183426.719   124.848   -11.02    6.18
